0 0.67148437 0.86231884 0.01953125 0.02484472
0 0.48164062 0.82815734 0.02890625 0.03933747
0 0.66289062 0.79710144 0.01484375 0.03105590
0 0.62109375 0.79554865 0.0203125 0.02795031
0 0.39140625 0.76501035 0.01875 0.02070393
0 0.37304687 0.49482401 0.02109375 0.01656314
0 0.51210937 0.48240165 0.05859375 0.04347826
0 0.41679687 0.45548654 0.01328125 0.02070393
0 0.59335937 0.44047619 0.02421875 0.02380952
0 0.45429687 0.39389233 0.01640625 0.02380952
0 0.59960937 0.38923395 0.02109375 0.02691511
0 0.62421875 0.29606625 0.021875 0.04554865
0 0.50820312 0.28571428 0.01640625 0.04554865
0 0.49648437 0.23861283 0.01796875 0.03002070
0 0.55507812 0.19151138 0.01640625 0.02277432