0 0.39375 0.88198757 0.0171875 0.03105590
0 0.3171875 0.77070393 0.0140625 0.01759834
0 0.55351562 0.75310559 0.01796875 0.02795031
0 0.37929687 0.74275362 0.01796875 0.01552795
0 0.65351562 0.56366459 0.03046875 0.02173913
0 0.59453125 0.54399585 0.021875 0.02380952
0 0.51171875 0.53881987 0.05 0.06935817
0 0.596875 0.44047619 0.0171875 0.02380952
0 0.42265625 0.33799171 0.0296875 0.02173913
0 0.375 0.33436853 0.015625 0.02484472
0 0.49375 0.32815734 0.0140625 0.02070393
0 0.4765625 0.29554865 0.0140625 0.02173913
0 0.55546875 0.25465838 0.0203125 0.02898550