0 0.44335937 0.95755693 0.01328125 0.02484472
0 0.58164062 0.90890269 0.01640625 0.01863354
0 0.61679687 0.87577639 0.01484375 0.01863354
0 0.54414062 0.84316770 0.01015625 0.01552795
0 0.52460937 0.78364389 0.01796875 0.02691511
0 0.38046875 0.73602484 0.0125 0.02484472
0 0.44882812 0.71894409 0.01015625 0.01759834
0 0.5921875 0.69513457 0.0265625 0.02587991
0 0.5484375 0.69513457 0.0140625 0.02587991
0 0.33945312 0.51242236 0.01328125 0.01656314
0 0.62734375 0.49637681 0.0109375 0.01759834
0 0.571875 0.43788819 0.015625 0.02070393
0 0.30898437 0.43737060 0.03046875 0.02795031
0 0.62578125 0.37474120 0.0171875 0.02898550
0 0.62929687 0.29917184 0.01484375 0.01863354
0 0.62070312 0.21790890 0.01796875 0.02173913
0 0.6296875 0.14544513 0.0171875 0.01966873