0 0.46210937 0.99378881 0.01484375 0.01242236
0 0.353125 0.99378881 0.00625 0.01242236
0 0.46171875 0.93685300 0.0203125 0.02277432
0 0.31679687 0.89906832 0.01796875 0.02380952
0 0.46054687 0.89492753 0.01640625 0.01759834
0 0.62421875 0.85248447 0.021875 0.03209109
0 0.6296875 0.76966873 0.015625 0.02380952
0 0.3203125 0.75931677 0.01875 0.02795031
0 0.29492187 0.50310559 0.01328125 0.02070393
0 0.3640625 0.45703933 0.0171875 0.01759834
0 0.60820312 0.45186335 0.01328125 0.02795031
0 0.40546875 0.44461697 0.0109375 0.04037267
0 0.3953125 0.29503105 0.0140625 0.02277432
0 0.60625 0.28674948 0.01875 0.02898550
0 0.34257812 0.17701863 0.00703125 0.02070393
0 0.33789062 0.05848861 0.01484375 0.01345755
0 0.53867187 0.00672877 0.01328125 0.01345755