0 0.66796875 0.93995859 0.0140625 0.01863354
0 0.47382812 0.84834368 0.01796875 0.02173913
0 0.32421875 0.83229813 0.0125 0.02070393
0 0.63828125 0.74534161 0.009375 0.01449275
0 0.4109375 0.73240165 0.0171875 0.02173913
0 0.5703125 0.68478260 0.015625 0.02587991
0 0.4171875 0.59472049 0.0203125 0.01552795
0 0.34101562 0.55383022 0.01328125 0.01863354
0 0.37148437 0.54761904 0.00859375 0.01035196
0 0.3296875 0.51138716 0.0265625 0.03312629
0 0.41210937 0.48291925 0.01015625 0.01759834
0 0.51054687 0.46532091 0.02578125 0.02587991
0 0.38828125 0.35973084 0.021875 0.02795031
0 0.5140625 0.33281573 0.0140625 0.00724637
0 0.39453125 0.30693581 0.025 0.03416149
0 0.51992187 0.26966873 0.01640625 0.02173913
0 0.63945312 0.24171842 0.02421875 0.04451345
0 0.53789062 0.21066252 0.01484375 0.01759834
0 0.5515625 0.19099378 0.01875 0.02795031
0 0.59648437 0.16304347 0.00703125 0.01138716
0 0.56640625 0.06521739 0.015625 0.02484472