0 0.37734375 0.97204968 0.01875 0.01656314
0 0.3171875 0.96842650 0.01875 0.01759834
0 0.55039062 0.96790890 0.01796875 0.01863354
0 0.39492187 0.92236024 0.01015625 0.02277432
0 0.64023437 0.90269151 0.01015625 0.01449275
0 0.484375 0.89440993 0.0109375 0.01656314
0 0.43515625 0.89078674 0.009375 0.01345755
0 0.30859375 0.87422360 0.0078125 0.02173913
0 0.57226562 0.86904761 0.01328125 0.01552795
0 0.35585937 0.86490683 0.01171875 0.01138716
0 0.3890625 0.84109730 0.0203125 0.01966873
0 0.50820312 0.83695652 0.01953125 0.02795031
0 0.4296875 0.81728778 0.025 0.00931677
0 0.49453125 0.80590062 0.0171875 0.02380952
0 0.31445312 0.78571428 0.01015625 0.01242236
0 0.5796875 0.77329192 0.009375 0.01242236
0 0.67421875 0.76501035 0.0140625 0.02070393
0 0.41484375 0.76035196 0.0109375 0.01759834
0 0.38789062 0.74792960 0.02890625 0.02380952
0 0.65625 0.73861283 0.0109375 0.01345755
0 0.53007812 0.73861283 0.00859375 0.01759834
0 0.67851562 0.73964803 0.01328125 0.02173913
0 0.5609375 0.71325051 0.0078125 0.01035196
0 0.48046875 0.71480331 0.0109375 0.01759834
0 0.3515625 0.69565217 0.01875 0.01863354
0 0.68007812 0.68840579 0.01171875 0.01449275
0 0.6234375 0.70238095 0.0234375 0.04244306
0 0.47578125 0.68788819 0.0171875 0.02380952
0 0.428125 0.65734989 0.01875 0.01035196
0 0.3796875 0.64855072 0.0125 0.01138716
0 0.43554687 0.63871635 0.01328125 0.01449275
0 0.33359375 0.63146997 0.0125 0.01242236
0 0.45 0.62474120 0.021875 0.01138716
0 0.67226562 0.61853002 0.01328125 0.01138716
0 0.60039062 0.59679089 0.01171875 0.01138716
0 0.65390625 0.60093167 0.0171875 0.02380952
0 0.35546875 0.59316770 0.0125 0.01656314
0 0.50234375 0.59523809 0.009375 0.02484472
0 0.52851562 0.58747412 0.01171875 0.01345755
0 0.44882812 0.57660455 0.00859375 0.02070393
0 0.37070312 0.56211180 0.01015625 0.01449275
0 0.5015625 0.56004140 0.0109375 0.01449275
0 0.4546875 0.52536231 0.0078125 0.01345755
0 0.36601562 0.49275362 0.01953125 0.01863354
0 0.52851562 0.49585921 0.00859375 0.02691511
0 0.5125 0.47774327 0.0171875 0.02380952
0 0.52851562 0.47049689 0.00859375 0.01345755
0 0.36367187 0.46376811 0.00859375 0.01035196
0 0.39921875 0.46014492 0.021875 0.02380952
0 0.496875 0.44202898 0.0109375 0.01656314
0 0.63632812 0.43892339 0.01328125 0.01656314
0 0.57265625 0.42701863 0.0109375 0.01552795
0 0.38398437 0.42391304 0.01015625 0.01138716
0 0.62148437 0.42080745 0.01015625 0.01138716
0 0.44453125 0.41821946 0.0109375 0.01449275
0 0.503125 0.41977225 0.0171875 0.02380952
0 0.625 0.40683229 0.0078125 0.01242236
0 0.33828125 0.39906832 0.0171875 0.01759834
0 0.33710937 0.37836438 0.01171875 0.01552795
0 0.38476562 0.37629399 0.01015625 0.01552795
0 0.43125 0.37370600 0.009375 0.01242236
0 0.5640625 0.37422360 0.0109375 0.01966873
0 0.32851562 0.35714285 0.00859375 0.02277432
0 0.51835937 0.33747412 0.00859375 0.01656314
0 0.47382812 0.32815734 0.02109375 0.02070393
0 0.5 0.29917184 0.0125 0.01656314
0 0.59414062 0.29399585 0.01328125 0.02691511
0 0.4171875 0.27484472 0.009375 0.01345755
0 0.51054687 0.27277432 0.01015625 0.01345755
0 0.371875 0.27070393 0.0125 0.01966873
0 0.46953125 0.26397515 0.0125 0.01449275
0 0.48242187 0.25155279 0.01171875 0.01449275
0 0.39882812 0.24120082 0.01171875 0.01449275
0 0.52421875 0.23706004 0.0171875 0.02070393
0 0.41796875 0.22515527 0.0109375 0.01345755
0 0.48828125 0.22360248 0.0109375 0.02277432
0 0.53789062 0.18685300 0.01015625 0.01345755
0 0.35703125 0.17753623 0.009375 0.01138716
0 0.57226562 0.15320910 0.02421875 0.01863354
0 0.53671875 0.12681159 0.0171875 0.02380952
0 0.4859375 0.12836438 0.009375 0.03105590
0 0.6484375 0.10196687 0.0125 0.01345755
0 0.5 0.10041407 0.0125 0.01656314
0 0.4234375 0.09679089 0.0078125 0.01759834
0 0.44335937 0.08902691 0.01328125 0.01656314
0 0.51640625 0.07401656 0.009375 0.01552795
0 0.47382812 0.07971014 0.02109375 0.02898550
0 0.60625 0.06987577 0.0140625 0.01552795
0 0.59375 0.06366459 0.009375 0.01552795
0 0.41875 0.02484472 0.0078125 0.01449275