0 0.62265625 0.99378881 0.0140625 0.01242236
0 0.62421875 0.97515527 0.0125 0.01242236
0 0.34453125 0.92339544 0.01875 0.02484472
0 0.51132812 0.90993788 0.01328125 0.01656314
0 0.43125 0.91149068 0.0171875 0.02380952
0 0.31796875 0.88509316 0.01875 0.01656314
0 0.47734375 0.87732919 0.0171875 0.02380952
0 0.59023437 0.85351966 0.01484375 0.01552795
0 0.5328125 0.83540372 0.0140625 0.01863354
0 0.31132812 0.83281573 0.00703125 0.02173913
0 0.40898437 0.82919254 0.01171875 0.01656314
0 0.4296875 0.82867494 0.0125 0.01759834
0 0.3078125 0.79710144 0.0125 0.01449275
0 0.5859375 0.78985507 0.0109375 0.02277432
0 0.30820312 0.77173913 0.01484375 0.02380952
0 0.51640625 0.76552795 0.0109375 0.02173913
0 0.59140625 0.75207039 0.0171875 0.02380952
0 0.35351562 0.75103519 0.02421875 0.02380952
0 0.64101562 0.74844720 0.02421875 0.03312629
0 0.32617187 0.72826086 0.01640625 0.01345755
0 0.44882812 0.72256728 0.02265625 0.01863354
0 0.38125 0.71790890 0.0109375 0.01759834
0 0.46289062 0.67650103 0.01640625 0.01552795
0 0.3921875 0.66097308 0.0171875 0.02380952
0 0.45898437 0.64233954 0.01171875 0.01966873
0 0.55078125 0.61904761 0.0171875 0.01242236
0 0.640625 0.61749482 0.0171875 0.02380952
0 0.328125 0.60714285 0.0140625 0.01759834
0 0.615625 0.59679089 0.009375 0.01138716
0 0.59921875 0.60196687 0.0171875 0.02380952
0 0.30546875 0.59368530 0.028125 0.02795031
0 0.36601562 0.58799171 0.01953125 0.01863354
0 0.65273437 0.57401656 0.01328125 0.01138716
0 0.64101562 0.57091097 0.00859375 0.01345755
0 0.37890625 0.56107660 0.0109375 0.01242236
0 0.47851562 0.56004140 0.01484375 0.01242236
0 0.51328125 0.55124223 0.0140625 0.01552795
0 0.30585937 0.54658385 0.01328125 0.01449275
0 0.378125 0.54451345 0.009375 0.01449275
0 0.4125 0.54296066 0.0171875 0.02380952
0 0.67382812 0.53778467 0.01328125 0.01552795
0 0.59648437 0.53416149 0.01171875 0.01656314
0 0.4953125 0.53209109 0.0125 0.01656314
0 0.41679687 0.49741200 0.01015625 0.01345755
0 0.53203125 0.48809523 0.015625 0.01345755
0 0.57539062 0.47567287 0.01328125 0.01759834
0 0.46835937 0.47929606 0.02109375 0.02484472
0 0.5234375 0.46946169 0.009375 0.01552795
0 0.509375 0.45755693 0.0125 0.01656314
0 0.5765625 0.44668737 0.0125 0.02173913
0 0.43515625 0.44306418 0.0125 0.01449275
0 0.57460937 0.42546583 0.01328125 0.01656314
0 0.6484375 0.42184265 0.021875 0.02380952
0 0.49960937 0.41511387 0.01171875 0.02070393
0 0.43046875 0.38250517 0.0109375 0.01759834
0 0.47421875 0.37267080 0.0078125 0.01242236
0 0.3453125 0.36594202 0.0171875 0.02380952
0 0.43671875 0.35662525 0.015625 0.01345755
0 0.57460937 0.34265010 0.01015625 0.01656314
0 0.60625 0.31107660 0.0109375 0.01345755
0 0.41015625 0.29917184 0.0078125 0.01035196
0 0.55742187 0.30434782 0.01171875 0.02277432
0 0.35351562 0.29658385 0.01015625 0.01138716
0 0.52695312 0.26293995 0.01171875 0.01449275
0 0.484375 0.24327122 0.0171875 0.02070393
0 0.45703125 0.23964803 0.0109375 0.01345755
0 0.5953125 0.24171842 0.0078125 0.02795031
0 0.54921875 0.23343685 0.0078125 0.01138716
0 0.62773437 0.21635610 0.01015625 0.01449275
0 0.5140625 0.21583850 0.009375 0.01345755
0 0.36914062 0.20341614 0.01328125 0.01966873
0 0.38710937 0.20134575 0.01953125 0.02380952
0 0.61328125 0.19461697 0.0109375 0.01449275
0 0.41132812 0.19720496 0.01640625 0.02173913
0 0.52695312 0.15269151 0.00859375 0.02173913
0 0.60859375 0.14906832 0.009375 0.02484472
0 0.49960937 0.14182194 0.01484375 0.01449275
0 0.4546875 0.12525879 0.0109375 0.01656314
0 0.64804687 0.11231884 0.01328125 0.01552795
0 0.55820312 0.10300207 0.01640625 0.02173913
0 0.4453125 0.08540372 0.0125 0.01552795
0 0.59804687 0.08229813 0.01171875 0.01345755
0 0.41914062 0.09057971 0.02109375 0.03416149
0 0.47695312 0.07867494 0.01015625 0.01242236
0 0.40898437 0.06677018 0.01171875 0.01552795
0 0.51445312 0.06107660 0.01015625 0.01242236
0 0.37929687 0.05693581 0.01171875 0.02484472
0 0.53945312 0.05020703 0.01171875 0.01759834
0 0.58046875 0.03881987 0.015625 0.00931677
0 0.55859375 0.02639751 0.0171875 0.01345755
0 0.67539062 0.03002070 0.01328125 0.02691511
0 0.64296875 0.02484472 0.009375 0.02277432