0 0.47421875 0.99534161 0.0125 0.00931677
0 0.37109375 0.99171842 0.0109375 0.01656314
0 0.34257812 0.96739130 0.01015625 0.01552795
0 0.54375 0.94927536 0.0125 0.01449275
0 0.40429687 0.90476190 0.01328125 0.01449275
0 0.5421875 0.89855072 0.0109375 0.01449275
0 0.60898437 0.89389233 0.00859375 0.01345755
0 0.51601562 0.89182194 0.00859375 0.01345755
0 0.66367187 0.87163561 0.01015625 0.02277432
0 0.57617187 0.86853002 0.01328125 0.02070393
0 0.64023437 0.86283643 0.01015625 0.01759834
0 0.43085937 0.85662525 0.02265625 0.04037267
0 0.57851562 0.83902691 0.01171875 0.01552795
0 0.29179687 0.83281573 0.00703125 0.03209109
0 0.484375 0.81728778 0.0171875 0.02380952
0 0.33359375 0.80538302 0.0109375 0.01242236
0 0.3953125 0.80538302 0.009375 0.02070393
0 0.30859375 0.79658385 0.0171875 0.02380952
0 0.34023437 0.78830227 0.01015625 0.01138716
0 0.3734375 0.77484472 0.0109375 0.01759834
0 0.43789062 0.77018633 0.01171875 0.01449275
0 0.3390625 0.76811594 0.009375 0.01449275
0 0.38632812 0.75621118 0.01171875 0.02173913
0 0.58554687 0.74327122 0.01171875 0.01656314
0 0.33632812 0.75258799 0.02578125 0.03519668
0 0.43164062 0.73964803 0.00859375 0.01345755
0 0.596875 0.73240165 0.0109375 0.01345755
0 0.55039062 0.71376811 0.00859375 0.03002070
0 0.3296875 0.70652173 0.0140625 0.01759834
0 0.65390625 0.70496894 0.0125 0.01863354
0 0.30273437 0.69875776 0.01015625 0.01656314
0 0.35507812 0.68167701 0.00859375 0.01759834
0 0.47226562 0.65993788 0.01171875 0.01138716
0 0.65976562 0.65062111 0.01328125 0.01552795
0 0.62929687 0.64751552 0.01015625 0.01345755
0 0.68671875 0.64233954 0.0109375 0.01552795
0 0.3140625 0.62681159 0.0109375 0.01345755
0 0.56132812 0.62215320 0.00859375 0.01035196
0 0.37539062 0.61594202 0.01953125 0.01035196
0 0.58125 0.60662525 0.0109375 0.01242236
0 0.33007812 0.60610766 0.01171875 0.01966873
0 0.51328125 0.60403726 0.0171875 0.02380952
0 0.46601562 0.56262939 0.01328125 0.01345755
0 0.4984375 0.55797101 0.0125 0.01242236
0 0.30742187 0.54658385 0.01328125 0.01449275
0 0.353125 0.52691511 0.0109375 0.01035196
0 0.32773437 0.51086956 0.00859375 0.01138716
0 0.68242187 0.50621118 0.01640625 0.01242236
0 0.50390625 0.51449275 0.01875 0.02898550
0 0.46601562 0.50672877 0.00859375 0.01759834
0 0.40976562 0.49637681 0.01328125 0.03209109
0 0.66992187 0.48550724 0.01171875 0.01656314
0 0.575 0.47515527 0.0078125 0.01242236
0 0.3796875 0.45962732 0.0078125 0.01656314
0 0.65234375 0.45703933 0.0171875 0.02380952
0 0.47382812 0.45031055 0.00703125 0.01863354
0 0.36289062 0.43995859 0.01328125 0.01656314
0 0.55742187 0.43219461 0.01171875 0.01552795
0 0.57695312 0.41407867 0.01171875 0.01242236
0 0.4890625 0.40527950 0.0125 0.02173913
0 0.41992187 0.38923395 0.01796875 0.01242236
0 0.58632812 0.39026915 0.03203125 0.02070393
0 0.43671875 0.38198757 0.0109375 0.01242236
0 0.52851562 0.35869565 0.01328125 0.01552795
0 0.57070312 0.34834368 0.01171875 0.01552795
0 0.52890625 0.32919254 0.025 0.01449275
0 0.38789062 0.32815734 0.02421875 0.04347826
0 0.43085937 0.30900621 0.01171875 0.01552795
0 0.64140625 0.30124223 0.009375 0.01656314
0 0.37890625 0.28519668 0.0109375 0.01345755
0 0.5890625 0.25 0.0171875 0.02380952
0 0.571875 0.20445134 0.009375 0.00931677
0 0.3421875 0.20134575 0.0125 0.01759834
0 0.540625 0.18737060 0.009375 0.02691511
0 0.59726562 0.17753623 0.01796875 0.00931677
0 0.56523437 0.17443064 0.01328125 0.01966873
0 0.39179687 0.17443064 0.01171875 0.02380952
0 0.446875 0.16304347 0.0140625 0.01552795
0 0.4203125 0.16200828 0.0171875 0.02380952
0 0.46210937 0.15372670 0.01484375 0.00931677
0 0.59375 0.14906832 0.0109375 0.01863354
0 0.3734375 0.14182194 0.0078125 0.01242236
0 0.55507812 0.11335403 0.01640625 0.02173913
0 0.36171875 0.08074534 0.021875 0.02898550
0 0.33789062 0.07194616 0.01640625 0.01138716
0 0.37890625 0.07039337 0.0109375 0.01449275
0 0.53867187 0.06004140 0.01796875 0.03312629
0 0.59882812 0.05797101 0.01796875 0.03105590
0 0.7 0.02587991 0.0109375 0.01449275
0 0.39960937 0.02122153 0.01328125 0.01759834
0 0.37070312 0.00569358 0.01171875 0.01138716