0 0.40625 0.88975155 0.0203125 0.01552795
0 0.4578125 0.81521739 0.015625 0.02380952
0 0.63398437 0.71118012 0.01484375 0.01449275
0 0.57851562 0.60041407 0.01953125 0.02277432
0 0.65078125 0.58385093 0.040625 0.03726708
0 0.36601562 0.53571428 0.02734375 0.01759834
0 0.31757812 0.51501035 0.01640625 0.02173913
0 0.40703125 0.51552795 0.0203125 0.02691511
0 0.33632812 0.50569358 0.01640625 0.01966873
0 0.36210937 0.45910973 0.01640625 0.02173913
0 0.43164062 0.45341614 0.01640625 0.03105590
0 0.31992187 0.43478260 0.01484375 0.02691511
0 0.64648437 0.43892339 0.01640625 0.03726708
0 0.43164062 0.41925465 0.01640625 0.02277432