0 0.5671875 0.96480331 0.00625 0.02277432
0 0.33515625 0.94202898 0.0109375 0.01656314
0 0.4546875 0.93840579 0.00625 0.01966873
0 0.6734375 0.93322981 0.0109375 0.01759834
0 0.52617187 0.84213250 0.01796875 0.02173913
0 0.309375 0.78053830 0.0203125 0.01035196
0 0.63359375 0.75569358 0.00625 0.01863354
0 0.61015625 0.75983436 0.021875 0.03726708
0 0.37382812 0.67443064 0.01015625 0.01345755
0 0.52617187 0.50103519 0.01328125 0.01863354
0 0.5703125 0.48654244 0.009375 0.01656314
0 0.59375 0.44409937 0.0125 0.01656314
0 0.54257812 0.39803312 0.01796875 0.02173913
0 0.35078125 0.37111801 0.0265625 0.03209109
0 0.35625 0.34316770 0.0234375 0.02795031
0 0.58515625 0.32194616 0.021875 0.03105590
0 0.5859375 0.26656314 0.0203125 0.03002070
0 0.41796875 0.19565217 0.0171875 0.02691511
0 0.46953125 0.17184265 0.0171875 0.02898550
0 0.621875 0.16563146 0.0171875 0.02484472
0 0.45429687 0.13612836 0.01328125 0.01966873
0 0.37226562 0.05383022 0.01328125 0.00828157