0 0.67304687 0.86387163 0.01640625 0.01966873
0 0.44335937 0.86024844 0.01171875 0.01863354
0 0.30859375 0.71325051 0.0078125 0.01242236
0 0.40585937 0.67546583 0.01953125 0.02587991
0 0.58789062 0.66563146 0.01953125 0.02691511
0 0.52421875 0.48188405 0.0203125 0.02380952
0 0.68046875 0.48343685 0.0125 0.02898550
0 0.64257812 0.43219461 0.02734375 0.02587991
0 0.5140625 0.37474120 0.01875 0.01863354
0 0.63046875 0.31573498 0.0203125 0.03519668
0 0.57851562 0.28364389 0.00703125 0.02484472
0 0.33320312 0.23757763 0.01484375 0.01966873
0 0.509375 0.22463768 0.0171875 0.02070393
0 0.4296875 0.21946169 0.0125 0.02277432
0 0.56992187 0.10766045 0.01640625 0.02484472
0 0.52773437 0.04865424 0.01953125 0.02277432