0 0.59492187 0.82505175 0.01640625 0.01449275
0 0.50351562 0.76656314 0.01484375 0.02173913
0 0.6203125 0.75621118 0.021875 0.02173913
0 0.58789062 0.68012422 0.01171875 0.02070393
0 0.559375 0.62318840 0.021875 0.01863354
0 0.5609375 0.53674948 0.021875 0.03830227
0 0.46367187 0.53416149 0.02890625 0.04761904
0 0.31992187 0.43478260 0.01484375 0.02691511
0 0.43164062 0.42339544 0.01640625 0.03105590
0 0.63359375 0.35248447 0.01875 0.02173913
0 0.61757812 0.32815734 0.01640625 0.02484472
0 0.48554687 0.25569358 0.07734375 0.02070393