0 0.3359375 0.96687370 0.0125 0.01035196
0 0.39140625 0.95445134 0.0203125 0.01035196
0 0.33203125 0.93219461 0.0171875 0.02380952
0 0.3 0.91097308 0.0125 0.01449275
0 0.5953125 0.91097308 0.009375 0.01656314
0 0.66054687 0.89699792 0.01484375 0.01552795
0 0.53007812 0.88612836 0.01328125 0.01449275
0 0.61953125 0.87888198 0.0109375 0.01449275
0 0.39648437 0.87681159 0.01171875 0.01863354
0 0.54335937 0.87888198 0.01171875 0.03312629
0 0.60390625 0.85300207 0.015625 0.02070393
0 0.52734375 0.84575569 0.021875 0.01035196
0 0.38164062 0.84730848 0.01015625 0.01552795
0 0.41210937 0.84265010 0.01171875 0.02277432
0 0.67578125 0.83178053 0.0109375 0.01138716
0 0.65507812 0.80797101 0.01015625 0.01759834
0 0.5328125 0.80590062 0.0171875 0.02380952
0 0.42070312 0.77432712 0.01640625 0.01449275
0 0.55117187 0.77587991 0.01796875 0.03209109
0 0.56914062 0.76242236 0.01015625 0.01345755
0 0.55742187 0.75569358 0.01328125 0.01449275
0 0.48320312 0.74327122 0.01953125 0.01242236
0 0.60664062 0.74120082 0.01328125 0.01863354
0 0.40859375 0.74534161 0.0203125 0.03105590
0 0.346875 0.73395445 0.01875 0.02691511
0 0.584375 0.71428571 0.040625 0.04347826
0 0.33085937 0.65631469 0.01328125 0.01656314
0 0.41523437 0.65683229 0.02578125 0.02380952
0 0.63632812 0.64492753 0.01328125 0.01863354
0 0.55195312 0.64285714 0.01015625 0.01449275
0 0.67265625 0.63871635 0.0078125 0.01656314
0 0.3765625 0.62215320 0.0109375 0.01449275
0 0.50273437 0.61801242 0.01015625 0.01656314
0 0.36484375 0.61128364 0.0109375 0.01552795
0 0.46953125 0.60248447 0.021875 0.03519668
0 0.59414062 0.59213250 0.02109375 0.02691511
0 0.40898437 0.56573498 0.01328125 0.01345755
0 0.36210937 0.57091097 0.01640625 0.02587991
0 0.3125 0.55745341 0.0171875 0.02380952
0 0.56210937 0.54399585 0.01328125 0.01966873
0 0.43476562 0.53933747 0.01171875 0.01656314
0 0.48554687 0.52432712 0.01015625 0.01345755
0 0.36015625 0.52380952 0.009375 0.01242236
0 0.63515625 0.51604554 0.009375 0.01966873
0 0.54726562 0.49844720 0.00859375 0.01345755
0 0.51445312 0.5 0.01171875 0.01656314
0 0.65898437 0.49948240 0.01015625 0.01759834
0 0.31054687 0.49741200 0.01015625 0.01759834
0 0.43359375 0.48964803 0.0171875 0.02277432
0 0.32539062 0.48861283 0.01171875 0.02484472
0 0.36328125 0.46118012 0.0171875 0.02380952
0 0.32890625 0.44875776 0.0171875 0.02380952
0 0.578125 0.44047619 0.0171875 0.02380952
0 0.66132812 0.43064182 0.01640625 0.01656314
0 0.44726562 0.42598343 0.01484375 0.01345755
0 0.603125 0.41459627 0.0171875 0.02380952
0 0.64140625 0.40683229 0.0109375 0.01656314
0 0.5421875 0.40527950 0.0125 0.01552795
0 0.58046875 0.40010351 0.0109375 0.01345755
0 0.45234375 0.39389233 0.015625 0.02173913
0 0.48515625 0.38509316 0.015625 0.01035196
0 0.509375 0.35973084 0.009375 0.01138716
0 0.44140625 0.33488612 0.0171875 0.02380952
0 0.59140625 0.32556935 0.0171875 0.02380952
0 0.4984375 0.31107660 0.0359375 0.02795031
0 0.3734375 0.29503105 0.0171875 0.01449275
0 0.55703125 0.29347826 0.009375 0.01966873
0 0.39023437 0.29089026 0.00859375 0.01656314
0 0.61445312 0.28933747 0.00859375 0.02380952
0 0.4578125 0.24948240 0.0203125 0.01863354
0 0.54257812 0.19927536 0.00859375 0.02173913
0 0.40585937 0.19409937 0.01328125 0.01759834
0 0.44414062 0.17391304 0.01015625 0.01449275
0 0.53359375 0.14855072 0.0109375 0.01345755
0 0.521875 0.14958592 0.009375 0.01966873
0 0.34375 0.13664596 0.009375 0.01656314
0 0.4375 0.12525879 0.0109375 0.01449275
0 0.384375 0.12163561 0.0171875 0.03002070
0 0.5671875 0.11024844 0.0125 0.02795031
0 0.4046875 0.10041407 0.0109375 0.01656314
0 0.56328125 0.07298136 0.0140625 0.01966873
0 0.378125 0.02070393 0.0078125 0.01035196
0 0.5890625 0.02277432 0.0078125 0.02277432
0 0.68398437 0.00776397 0.00703125 0.01552795
0 0.63554687 0.00724637 0.01328125 0.01449275