0 0.61875 0.92494824 0.0171875 0.02173913
0 0.56015625 0.91666666 0.0203125 0.01552795
0 0.57617187 0.90010351 0.00703125 0.01966873
0 0.390625 0.87008281 0.0140625 0.01759834
0 0.5875 0.86335403 0.021875 0.02484472
0 0.54257812 0.84834368 0.01015625 0.01759834
0 0.58984375 0.83178053 0.0171875 0.02380952
0 0.56523437 0.76293995 0.01796875 0.02691511
0 0.4359375 0.75517598 0.0140625 0.01966873
0 0.4015625 0.75310559 0.0203125 0.02380952
0 0.46640625 0.59057971 0.015625 0.02380952
0 0.34804687 0.56728778 0.01640625 0.02691511
0 0.58046875 0.54140786 0.025 0.02691511
0 0.54453125 0.48033126 0.01875 0.02070393
0 0.65039062 0.47826086 0.01171875 0.02070393
0 0.41210937 0.47412008 0.01796875 0.01242236
0 0.33828125 0.42857142 0.009375 0.01449275
0 0.42578125 0.37267080 0.0359375 0.05175983
0 0.54882812 0.31728778 0.01015625 0.01759834
0 0.5125 0.29244306 0.0078125 0.02173913
0 0.59492187 0.26138716 0.01953125 0.02587991
0 0.39960937 0.18219461 0.00859375 0.01449275
0 0.58671875 0.11076604 0.0109375 0.01242236
0 0.57773437 0.06211180 0.02109375 0.02484472
0 0.47578125 0.06262939 0.0203125 0.03209109