0 0.40625 0.99482401 0.0109375 0.01035196
0 0.40273437 0.95496894 0.01953125 0.02380952
0 0.38945312 0.93374741 0.02109375 0.02898550
0 0.60078125 0.92391304 0.03125 0.02380952
0 0.43125 0.92443064 0.0109375 0.02691511
0 0.51015625 0.91563146 0.0078125 0.01138716
0 0.48828125 0.91666666 0.0171875 0.02380952
0 0.36640625 0.90838509 0.0171875 0.02380952
0 0.65625 0.88716356 0.0109375 0.01656314
0 0.35 0.88146997 0.0171875 0.02380952
0 0.47148437 0.87732919 0.01328125 0.01966873
0 0.30117187 0.87836438 0.01640625 0.02173913
0 0.37773437 0.84834368 0.01171875 0.01552795
0 0.3328125 0.84782608 0.0140625 0.01863354
0 0.58125 0.84937888 0.015625 0.02587991
0 0.44648437 0.83333333 0.01328125 0.01656314
0 0.3625 0.79658385 0.009375 0.01138716
0 0.63632812 0.79554865 0.01171875 0.01552795
0 0.390625 0.79554865 0.0125 0.01966873
0 0.49765625 0.78623188 0.0125 0.01552795
0 0.48007812 0.78312629 0.01796875 0.02380952
0 0.5234375 0.77122153 0.0140625 0.01449275
0 0.38789062 0.76708074 0.01015625 0.01449275
0 0.2953125 0.75931677 0.0140625 0.02380952
0 0.65195312 0.74585921 0.00859375 0.01552795
0 0.3453125 0.74275362 0.0171875 0.02380952
0 0.625 0.72877846 0.0140625 0.01656314
0 0.55390625 0.72774327 0.0109375 0.01863354
0 0.52734375 0.73084886 0.0140625 0.03105590
0 0.50859375 0.71376811 0.0171875 0.02380952
0 0.30507812 0.70703933 0.01171875 0.01863354
0 0.50976562 0.66873706 0.01328125 0.01242236
0 0.36679687 0.66821946 0.01171875 0.01345755
0 0.56601562 0.65269151 0.01171875 0.01552795
0 0.37578125 0.63716356 0.009375 0.01345755
0 0.29804687 0.63302277 0.01328125 0.01759834
0 0.58828125 0.62888198 0.0078125 0.01345755
0 0.68632812 0.59782608 0.01171875 0.01345755
0 0.55117187 0.59782608 0.01796875 0.02587991
0 0.30976562 0.58436853 0.02578125 0.02795031
0 0.66210937 0.57505175 0.01171875 0.01345755
0 0.44570312 0.56832298 0.01171875 0.01449275
0 0.63867187 0.56211180 0.01171875 0.02070393
0 0.37695312 0.55486542 0.02109375 0.01449275
0 0.55 0.55072463 0.0171875 0.02070393
0 0.58125 0.54917184 0.0171875 0.02380952
0 0.49609375 0.54244306 0.021875 0.02898550
0 0.45546875 0.52795031 0.0109375 0.01449275
0 0.3953125 0.52122153 0.0109375 0.01345755
0 0.36914062 0.51035196 0.01171875 0.01449275
0 0.42460937 0.48654244 0.01015625 0.01863354
0 0.57148437 0.44513457 0.01171875 0.01656314
0 0.38828125 0.43219461 0.01875 0.01966873
0 0.4875 0.42184265 0.0125 0.01552795
0 0.403125 0.41718426 0.009375 0.01035196
0 0.40703125 0.40269151 0.0234375 0.01242236
0 0.62890625 0.38198757 0.0125 0.02484472
0 0.4109375 0.35559006 0.009375 0.01345755
0 0.42226562 0.33695652 0.00703125 0.01345755
0 0.3578125 0.33385093 0.0109375 0.01966873
0 0.50039062 0.29399585 0.01015625 0.01449275
0 0.41132812 0.29761904 0.02109375 0.02380952
0 0.60078125 0.28830227 0.0109375 0.01345755
0 0.58671875 0.28830227 0.0125 0.02380952
0 0.63007812 0.28157349 0.01015625 0.01242236
0 0.50429687 0.27225672 0.00859375 0.01449275
0 0.55976562 0.25 0.01171875 0.01552795
0 0.45625 0.24896480 0.0265625 0.03002070
0 0.52265625 0.24171842 0.009375 0.01759834
0 0.49570312 0.20393374 0.01171875 0.01035196
0 0.6375 0.21169772 0.0265625 0.04037267
0 0.43671875 0.18271221 0.0171875 0.02380952
0 0.57226562 0.15890269 0.01015625 0.01552795
0 0.51914062 0.15320910 0.01171875 0.02070393
0 0.54257812 0.13198757 0.01328125 0.01345755
0 0.43476562 0.13095238 0.01328125 0.01345755
0 0.48203125 0.12163561 0.01875 0.02380952
0 0.35117187 0.10662525 0.01640625 0.01656314
0 0.52460937 0.10041407 0.01015625 0.01863354
0 0.571875 0.09006211 0.015625 0.02070393
0 0.41171875 0.07815734 0.009375 0.01552795
0 0.5046875 0.06780538 0.0171875 0.01966873
0 0.3625 0.06055900 0.0171875 0.02380952
0 0.48710937 0.04968944 0.01484375 0.01242236
0 0.39609375 0.02018633 0.0234375 0.03209109
0 0.32539062 0.00672877 0.00859375 0.01345755