0 0.68710937 0.94047619 0.03046875 0.02380952
0 0.35820312 0.89596273 0.01015625 0.01552795
0 0.59492187 0.88198757 0.01640625 0.02691511
0 0.42460937 0.74637681 0.01953125 0.02691511
0 0.44492187 0.69875776 0.00703125 0.02070393
0 0.39609375 0.68530020 0.0171875 0.01242236
0 0.35117187 0.66821946 0.02265625 0.03002070
0 0.55546875 0.64130434 0.015625 0.01552795
0 0.38359375 0.63198757 0.0171875 0.02795031
0 0.54921875 0.59161490 0.0140625 0.02795031
0 0.47304687 0.58126293 0.02109375 0.02795031
0 0.49335937 0.57246376 0.01640625 0.02277432
0 0.41796875 0.30072463 0.0125 0.01552795
0 0.42421875 0.26863354 0.021875 0.01759834
0 0.5078125 0.15579710 0.0109375 0.01759834
0 0.48359375 0.10921325 0.0171875 0.02173913
0 0.52539062 0.03726708 0.01328125 0.01863354