0 0.515625 0.97515527 0.0125 0.01035196
0 0.44960937 0.93944099 0.00859375 0.02795031
0 0.5125 0.93115942 0.015625 0.01345755
0 0.45664062 0.91821946 0.01328125 0.02484472
0 0.33164062 0.91045548 0.01328125 0.01552795
0 0.68671875 0.91718426 0.0125 0.03105590
0 0.34882812 0.90838509 0.01640625 0.02587991
0 0.50625 0.88612836 0.0125 0.01242236
0 0.36367187 0.88457556 0.01484375 0.01759834
0 0.58242187 0.86904761 0.01640625 0.01552795
0 0.56289062 0.86697722 0.01015625 0.01552795
0 0.49414062 0.86645962 0.01015625 0.01449275
0 0.37617187 0.86283643 0.00859375 0.01552795
0 0.67265625 0.85714285 0.0109375 0.01242236
0 0.30664062 0.85403726 0.01640625 0.01863354
0 0.44023437 0.86335403 0.03359375 0.03933747
0 0.39375 0.85403726 0.009375 0.02277432
0 0.45820312 0.82505175 0.01328125 0.01656314
0 0.48554687 0.81935817 0.01171875 0.01759834
0 0.29960937 0.81677018 0.01171875 0.01656314
0 0.4734375 0.81469979 0.009375 0.01449275
0 0.34765625 0.80383022 0.0078125 0.01759834
0 0.56289062 0.79347826 0.00859375 0.03002070
0 0.42890625 0.78209109 0.0171875 0.02380952
0 0.409375 0.76863354 0.009375 0.01966873
0 0.3625 0.76035196 0.0171875 0.02380952
0 0.58125 0.75051759 0.0203125 0.01449275
0 0.396875 0.73447204 0.0078125 0.01345755
0 0.45078125 0.73654244 0.0171875 0.02380952
0 0.29804687 0.72308488 0.01015625 0.01345755
0 0.565625 0.71273291 0.0125 0.01138716
0 0.36601562 0.71480331 0.01484375 0.01552795
0 0.58554687 0.71583850 0.01640625 0.02587991
0 0.5671875 0.68788819 0.009375 0.01345755
0 0.59296875 0.68737060 0.0109375 0.01449275
0 0.65703125 0.68322981 0.0171875 0.02691511
0 0.31484375 0.62836438 0.0078125 0.02070393
0 0.42421875 0.62318840 0.0109375 0.01656314
0 0.40078125 0.62163561 0.0140625 0.01759834
0 0.34960937 0.61697722 0.02265625 0.01035196
0 0.38242187 0.59213250 0.01015625 0.02277432
0 0.47890625 0.57039337 0.0109375 0.01449275
0 0.34453125 0.55383022 0.009375 0.01242236
0 0.6390625 0.55175983 0.0109375 0.01449275
0 0.3078125 0.53312629 0.0109375 0.01035196
0 0.41289062 0.53209109 0.01015625 0.02691511
0 0.503125 0.51501035 0.0109375 0.01552795
0 0.58242187 0.51293995 0.01484375 0.01759834
0 0.32773437 0.49792960 0.01171875 0.01449275
0 0.60234375 0.47670807 0.0203125 0.01138716
0 0.48007812 0.45807453 0.01484375 0.01552795
0 0.31289062 0.44927536 0.01171875 0.01242236
0 0.64765625 0.45393374 0.0171875 0.02380952
0 0.54257812 0.44979296 0.01171875 0.01552795
0 0.66171875 0.44875776 0.0078125 0.01966873
0 0.46523437 0.42753623 0.01796875 0.01656314
0 0.37539062 0.42339544 0.01171875 0.01863354
0 0.628125 0.41563146 0.0125 0.02380952
0 0.62539062 0.39492753 0.01171875 0.01552795
0 0.50351562 0.39544513 0.01171875 0.01656314
0 0.45820312 0.39389233 0.01015625 0.01345755
0 0.653125 0.39440993 0.0109375 0.01863354
0 0.56015625 0.39492753 0.0171875 0.02380952
0 0.57304687 0.35869565 0.00859375 0.01138716
0 0.39609375 0.35507246 0.015625 0.01863354
0 0.50039062 0.35196687 0.00703125 0.01863354
0 0.43789062 0.33436853 0.01484375 0.01242236
0 0.471875 0.32815734 0.0125 0.01656314
0 0.61835937 0.31884057 0.01171875 0.01656314
0 0.56679687 0.31004140 0.01015625 0.01138716
0 0.33320312 0.29968944 0.01484375 0.02380952
0 0.575 0.27277432 0.0171875 0.02380952
0 0.46601562 0.26242236 0.01171875 0.02587991
0 0.59492187 0.24327122 0.01484375 0.02691511
0 0.33554687 0.22101449 0.01328125 0.01552795
0 0.43007812 0.21790890 0.01015625 0.02173913
0 0.55742187 0.20289855 0.01484375 0.02484472
0 0.39140625 0.18064182 0.0171875 0.02380952
0 0.6125 0.17391304 0.0125 0.01863354
0 0.46484375 0.15734989 0.0078125 0.01449275
0 0.58398437 0.15942028 0.01015625 0.03312629
0 0.39453125 0.14492753 0.0125 0.01656314
0 0.3625 0.14596273 0.009375 0.02277432
0 0.49609375 0.12888198 0.0171875 0.02380952
0 0.45664062 0.10455486 0.00859375 0.01242236
0 0.35195312 0.10507246 0.00859375 0.01345755
0 0.365625 0.08902691 0.0078125 0.01035196
0 0.6390625 0.06625258 0.0109375 0.01242236
0 0.56289062 0.07401656 0.03515625 0.03416149
0 0.48632812 0.04968944 0.01328125 0.01656314
0 0.3703125 0.03053830 0.0140625 0.01138716
0 0.33203125 0.01242236 0.01875 0.02277432