0 0.50859375 0.98964803 0.009375 0.02070393
0 0.41015625 0.96118012 0.0171875 0.02380952
0 0.56132812 0.95289855 0.01484375 0.02173913
0 0.41601562 0.94099378 0.01328125 0.01035196
0 0.43125 0.90579710 0.0078125 0.01035196
0 0.38984375 0.88405797 0.009375 0.02070393
0 0.55820312 0.87991718 0.03046875 0.01656314
0 0.63125 0.83488612 0.0078125 0.01345755
0 0.34726562 0.82763975 0.01171875 0.01552795
0 0.51171875 0.82453416 0.0125 0.01345755
0 0.48242187 0.81418219 0.01796875 0.02173913
0 0.415625 0.80641821 0.0109375 0.01656314
0 0.35546875 0.79710144 0.009375 0.01449275
0 0.47734375 0.79451345 0.0140625 0.01552795
0 0.41289062 0.77225672 0.02109375 0.01242236
0 0.44375 0.74844720 0.009375 0.01242236
0 0.51289062 0.73136645 0.01640625 0.02795031
0 0.53046875 0.71687370 0.0078125 0.01345755
0 0.475 0.71739130 0.0125 0.02070393
0 0.55585937 0.69202898 0.02109375 0.01138716
0 0.62695312 0.69047619 0.01796875 0.01035196
0 0.58242187 0.68788819 0.00703125 0.01759834
0 0.31757812 0.66873706 0.01796875 0.01035196
0 0.29765625 0.65631469 0.009375 0.01449275
0 0.60429687 0.64130434 0.01015625 0.01345755
0 0.590625 0.63612836 0.0078125 0.00931677
0 0.56757812 0.64182194 0.01171875 0.02277432
0 0.5953125 0.61387163 0.0140625 0.02898550
0 0.55546875 0.59937888 0.0078125 0.02898550
0 0.50273437 0.59472049 0.01640625 0.02173913
0 0.6125 0.58385093 0.0125 0.01242236
0 0.6796875 0.58850931 0.0171875 0.02380952
0 0.48476562 0.56262939 0.01171875 0.01759834
0 0.52421875 0.55434782 0.0109375 0.01759834
0 0.59492187 0.54813664 0.00859375 0.02380952
0 0.309375 0.54244306 0.0109375 0.01863354
0 0.44296875 0.54451345 0.025 0.03519668
0 0.628125 0.51915113 0.0125 0.01759834
0 0.32539062 0.51035196 0.01015625 0.01035196
0 0.5203125 0.48498964 0.0109375 0.01345755
0 0.45117187 0.48084886 0.01171875 0.01345755
0 0.42070312 0.48136645 0.01796875 0.01656314
0 0.48984375 0.47670807 0.015625 0.01552795
0 0.58515625 0.47412008 0.0359375 0.03105590
0 0.33671875 0.45393374 0.0171875 0.02380952
0 0.3140625 0.44772256 0.009375 0.01759834
0 0.60742187 0.43737060 0.01171875 0.01345755
0 0.50859375 0.43478260 0.0125 0.01656314
0 0.6359375 0.43322981 0.009375 0.02380952
0 0.40039062 0.39803312 0.00703125 0.03623188
0 0.51484375 0.37939958 0.0125 0.01552795
0 0.45195312 0.37008281 0.01171875 0.01552795
0 0.6578125 0.36801242 0.015625 0.01345755
0 0.59375 0.36749482 0.0125 0.01449275
0 0.37578125 0.35351966 0.0109375 0.01759834
0 0.42304687 0.33074534 0.00859375 0.01138716
0 0.61132812 0.31780538 0.01015625 0.01449275
0 0.39257812 0.31055900 0.01015625 0.01242236
0 0.46953125 0.31521739 0.025 0.02587991
0 0.52890625 0.30383022 0.0171875 0.02380952
0 0.3796875 0.28726708 0.0171875 0.01759834
0 0.34804687 0.28674948 0.00859375 0.01656314
0 0.5640625 0.28881987 0.0078125 0.02484472
0 0.42421875 0.27329192 0.0078125 0.01242236
0 0.484375 0.26552795 0.0109375 0.01345755
0 0.6015625 0.25569358 0.0109375 0.01449275
0 0.37773437 0.24948240 0.02109375 0.01035196
0 0.46875 0.23809523 0.0109375 0.01449275
0 0.54414062 0.22256728 0.01015625 0.01656314
0 0.37578125 0.22101449 0.0140625 0.01759834
0 0.58476562 0.21014492 0.01015625 0.01242236
0 0.35078125 0.20962732 0.0140625 0.01552795
0 0.55390625 0.16821946 0.01875 0.01345755
0 0.59179687 0.15786749 0.01171875 0.01552795
0 0.43164062 0.15165631 0.01171875 0.01345755
0 0.56796875 0.12318840 0.0109375 0.01449275
0 0.39414062 0.12888198 0.02421875 0.03623188
0 0.58710937 0.11438923 0.01015625 0.01552795
0 0.465625 0.11180124 0.0140625 0.01656314
0 0.54882812 0.10559006 0.00859375 0.01035196
0 0.4953125 0.07453416 0.01875 0.01242236
0 0.36601562 0.07505175 0.01171875 0.01552795
0 0.47226562 0.07660455 0.00703125 0.02070393
0 0.63203125 0.07505175 0.0171875 0.02380952
0 0.553125 0.06987577 0.0125 0.01966873
0 0.5109375 0.05434782 0.0078125 0.01138716
0 0.43203125 0.03778467 0.0171875 0.02380952
0 0.54882812 0.01656314 0.01015625 0.01449275