0 0.48320312 0.89026915 0.01796875 0.02484472
0 0.63945312 0.81573498 0.01171875 0.02277432
0 0.66523437 0.81366459 0.01953125 0.02070393
0 0.42617187 0.82349896 0.01640625 0.04037267
0 0.31640625 0.80693581 0.015625 0.01966873
0 0.34921875 0.74068322 0.015625 0.02173913
0 0.37460937 0.73861283 0.02734375 0.02380952
0 0.44179687 0.74223602 0.01640625 0.03933747
0 0.55742187 0.65269151 0.01171875 0.02173913
0 0.59453125 0.53674948 0.021875 0.03830227
0 0.64335937 0.52950310 0.01171875 0.03209109
0 0.525 0.50517598 0.015625 0.01656314
0 0.30859375 0.50776397 0.0203125 0.03002070
0 0.37304687 0.49482401 0.02109375 0.01656314
0 0.31953125 0.47929606 0.0140625 0.02484472
0 0.58164062 0.43478260 0.02578125 0.01863354
0 0.31992187 0.43478260 0.01484375 0.02691511
0 0.64375 0.42546583 0.01875 0.02898550
0 0.58085937 0.37836438 0.03203125 0.04037267
0 0.49375 0.32815734 0.0140625 0.02070393
0 0.609375 0.29658385 0.01875 0.01552795
0 0.58007812 0.24482401 0.01640625 0.02173913
0 0.62421875 0.22826086 0.0171875 0.02795031
0 0.6 0.09213250 0.0125 0.02277432
0 0.63515625 0.07919254 0.0203125 0.05279503