0 0.46835937 0.98033126 0.02109375 0.01656314
0 0.33984375 0.94772256 0.021875 0.01759834
0 0.40976562 0.94927536 0.00703125 0.02484472
0 0.6140625 0.95238095 0.0171875 0.03519668
0 0.6859375 0.93426501 0.0078125 0.02173913
0 0.43085937 0.92805383 0.01328125 0.01759834
0 0.628125 0.92287784 0.0171875 0.02380952
0 0.571875 0.91459627 0.0171875 0.01138716
0 0.30859375 0.91977225 0.0171875 0.02380952
0 0.53632812 0.90527950 0.01171875 0.01552795
0 0.590625 0.89648033 0.0171875 0.02691511
0 0.65898437 0.88095238 0.01171875 0.01242236
0 0.54453125 0.87577639 0.0125 0.01656314
0 0.515625 0.85559006 0.009375 0.01759834
0 0.61132812 0.84627329 0.01015625 0.01138716
0 0.58632812 0.84006211 0.01171875 0.01552795
0 0.48710937 0.83436853 0.01796875 0.02484472
0 0.51015625 0.81625258 0.009375 0.01552795
0 0.32265625 0.79761904 0.0109375 0.01966873
0 0.5453125 0.78985507 0.0234375 0.02691511
0 0.409375 0.77795031 0.015625 0.01966873
0 0.38671875 0.76708074 0.0078125 0.01449275
0 0.36054687 0.73861283 0.01171875 0.01345755
0 0.49375 0.73913043 0.009375 0.01863354
0 0.43710937 0.72204968 0.01484375 0.02380952
0 0.66835937 0.71273291 0.01171875 0.01966873
0 0.303125 0.71118012 0.0125 0.01656314
0 0.56523437 0.69151138 0.01015625 0.01242236
0 0.64414062 0.68685300 0.01015625 0.01138716
0 0.48046875 0.68530020 0.015625 0.01863354
0 0.66484375 0.68271221 0.0140625 0.01759834
0 0.52773437 0.68219461 0.01328125 0.02484472
0 0.4125 0.67494824 0.0078125 0.02484472
0 0.42851562 0.67028985 0.01796875 0.02795031
0 0.33125 0.65527950 0.0125 0.02277432
0 0.678125 0.65165631 0.0140625 0.01966873
0 0.4 0.64958592 0.0171875 0.02380952
0 0.36835937 0.63302277 0.01328125 0.01759834
0 0.521875 0.62215320 0.0078125 0.01449275
0 0.546875 0.61697722 0.009375 0.02277432
0 0.31328125 0.61076604 0.0125 0.01863354
0 0.63046875 0.60921325 0.0171875 0.02380952
0 0.55976562 0.60403726 0.01015625 0.01345755
0 0.34101562 0.60662525 0.01171875 0.01863354
0 0.4265625 0.59523809 0.0109375 0.01449275
0 0.65429687 0.59316770 0.01015625 0.01242236
0 0.50742187 0.57298136 0.01640625 0.01759834
0 0.6359375 0.54968944 0.0078125 0.01656314
0 0.60273437 0.53002070 0.01171875 0.02277432
0 0.40703125 0.52380952 0.0109375 0.01035196
0 0.36601562 0.52070393 0.01328125 0.02898550
0 0.65039062 0.49585921 0.01328125 0.01656314
0 0.46523437 0.49327122 0.01015625 0.01345755
0 0.56757812 0.48498964 0.01484375 0.01345755
0 0.59414062 0.48033126 0.01484375 0.01449275
0 0.50625 0.46894409 0.021875 0.02898550
0 0.3140625 0.45134575 0.01875 0.02277432
0 0.38085937 0.43840579 0.01484375 0.01759834
0 0.62382812 0.43012422 0.01015625 0.01345755
0 0.42265625 0.43064182 0.0125 0.01863354
0 0.52148437 0.41925465 0.01328125 0.01656314
0 0.35039062 0.40476190 0.01328125 0.01656314
0 0.56875 0.38664596 0.021875 0.02380952
0 0.61445312 0.35144927 0.02109375 0.02587991
0 0.49296875 0.31418219 0.009375 0.01138716
0 0.415625 0.31521739 0.0109375 0.01552795
0 0.56601562 0.31677018 0.00859375 0.02070393
0 0.48125 0.30745341 0.009375 0.01449275
0 0.62695312 0.30745341 0.00859375 0.01656314
0 0.50507812 0.29917184 0.01328125 0.01035196
0 0.46015625 0.29968944 0.0125 0.01759834
0 0.38007812 0.29347826 0.00859375 0.01759834
0 0.6015625 0.28830227 0.0171875 0.02380952
0 0.43046875 0.28830227 0.0171875 0.02380952
0 0.4921875 0.27380952 0.0078125 0.02173913
0 0.42929687 0.24430641 0.01171875 0.01449275
0 0.64765625 0.23964803 0.0125 0.01759834
0 0.4875 0.22412008 0.0171875 0.02380952
0 0.53671875 0.19099378 0.0109375 0.01552795
0 0.4890625 0.18478260 0.0125 0.01552795
0 0.54765625 0.18426501 0.0078125 0.01656314
0 0.51132812 0.17701863 0.01015625 0.01863354
0 0.41953125 0.16459627 0.0296875 0.02277432
0 0.48828125 0.15424430 0.0125 0.01242236
0 0.34414062 0.14855072 0.01015625 0.01966873
0 0.6421875 0.14648033 0.0171875 0.02380952
0 0.49492187 0.08126293 0.01015625 0.01759834
0 0.29609375 0.03674948 0.0171875 0.01552795
0 0.59765625 0.02432712 0.01875 0.01966873
0 0.50117187 0.01863354 0.01484375 0.01863354