0 0.38359375 0.98343685 0.0078125 0.00828157
0 0.31640625 0.98136645 0.015625 0.01863354
0 0.61367187 0.96739130 0.02421875 0.04244306
0 0.49257812 0.94565217 0.02265625 0.02587991
0 0.29921875 0.93944099 0.0171875 0.02380952
0 0.45546875 0.92287784 0.0171875 0.02380952
0 0.6578125 0.88405797 0.009375 0.01449275
0 0.38554687 0.89855072 0.01953125 0.05175983
0 0.60390625 0.87681159 0.0203125 0.01242236
0 0.43085937 0.87629399 0.01328125 0.01552795
0 0.32148437 0.87060041 0.00859375 0.01242236
0 0.44296875 0.85869565 0.0109375 0.01345755
0 0.46914062 0.86180124 0.01484375 0.02795031
0 0.6359375 0.84989648 0.0203125 0.01449275
0 0.6765625 0.83850931 0.009375 0.01242236
0 0.32421875 0.82660455 0.0109375 0.01345755
0 0.3515625 0.80590062 0.0078125 0.01138716
0 0.54414062 0.80797101 0.01484375 0.01759834
0 0.31523437 0.80434782 0.01796875 0.01863354
0 0.50625 0.78830227 0.0109375 0.01759834
0 0.35507812 0.78209109 0.01328125 0.01759834
0 0.3078125 0.77743271 0.009375 0.01035196
0 0.37929687 0.77536231 0.00859375 0.01242236
0 0.59765625 0.77432712 0.0125 0.01656314
0 0.36171875 0.76863354 0.0109375 0.01345755
0 0.32851562 0.76035196 0.01484375 0.01759834
0 0.40390625 0.75879917 0.0078125 0.02691511
0 0.3109375 0.74741200 0.009375 0.01656314
0 0.62851562 0.74275362 0.01171875 0.01345755
0 0.553125 0.73757763 0.0171875 0.02380952
0 0.4234375 0.73343685 0.0265625 0.01759834
0 0.63632812 0.72101449 0.01015625 0.02173913
0 0.38515625 0.68581780 0.0171875 0.02380952
0 0.41054687 0.67650103 0.01171875 0.01552795
0 0.5578125 0.65993788 0.0109375 0.01138716
0 0.33671875 0.66149068 0.0109375 0.02691511
0 0.52070312 0.64648033 0.00859375 0.02587991
0 0.6203125 0.60403726 0.0140625 0.01345755
0 0.52890625 0.58954451 0.0109375 0.01759834
0 0.44492187 0.56107660 0.01484375 0.01449275
0 0.43320312 0.54658385 0.01015625 0.01242236
0 0.54296875 0.53985507 0.0109375 0.02380952
0 0.39726562 0.53105590 0.00859375 0.01449275
0 0.6515625 0.52484472 0.0125 0.01449275
0 0.60625 0.51086956 0.0109375 0.01552795
0 0.56835937 0.51190476 0.02734375 0.02173913
0 0.64648437 0.49378881 0.00859375 0.01656314
0 0.4453125 0.49120082 0.009375 0.01552795
0 0.55195312 0.44513457 0.01484375 0.01449275
0 0.29414062 0.44616977 0.01171875 0.01863354
0 0.48046875 0.44306418 0.0171875 0.01656314
0 0.61757812 0.42546583 0.01484375 0.01449275
0 0.47148437 0.41821946 0.01171875 0.02277432
0 0.365625 0.39855072 0.015625 0.01863354
0 0.32773437 0.39544513 0.01171875 0.01242236
0 0.64296875 0.39803312 0.0078125 0.02587991
0 0.56484375 0.39182194 0.009375 0.01759834
0 0.46640625 0.39389233 0.009375 0.02173913
0 0.49648437 0.38664596 0.01171875 0.02587991
0 0.60351562 0.38095238 0.01484375 0.02277432
0 0.5234375 0.36853002 0.009375 0.01242236
0 0.334375 0.35455486 0.0140625 0.01759834
0 0.47070312 0.34730848 0.01015625 0.01138716
0 0.63125 0.34627329 0.0203125 0.02380952
0 0.40429687 0.33281573 0.01015625 0.03209109
0 0.64765625 0.32349896 0.0140625 0.02380952
0 0.46953125 0.31262939 0.0203125 0.02484472
0 0.421875 0.29658385 0.028125 0.01966873
0 0.49257812 0.29140786 0.00703125 0.01966873
0 0.48554687 0.27225672 0.00859375 0.01242236
0 0.3796875 0.27484472 0.0125 0.03830227
0 0.365625 0.24896480 0.0125 0.01759834
0 0.6421875 0.21997929 0.0125 0.01345755
0 0.4046875 0.18788819 0.01875 0.02173913
0 0.62421875 0.17391304 0.0234375 0.02898550
0 0.55585937 0.15165631 0.01640625 0.01345755
0 0.44023437 0.14285714 0.01484375 0.02070393
0 0.57265625 0.13354037 0.0109375 0.01449275
0 0.51757812 0.12577639 0.02109375 0.02587991
0 0.53671875 0.07349896 0.0125 0.01863354
0 0.48046875 0.07298136 0.025 0.03623188
0 0.58046875 0.05952380 0.009375 0.01138716
0 0.625 0.05641821 0.0140625 0.01759834
0 0.38046875 0.05538302 0.0171875 0.02380952
0 0.390625 0.03726708 0.0078125 0.01035196