0 0.57382812 0.99016563 0.01015625 0.01966873
0 0.67851562 0.98395445 0.01328125 0.01345755
0 0.6078125 0.97619047 0.0109375 0.02277432
0 0.40234375 0.96428571 0.0171875 0.02795031
0 0.67070312 0.95031055 0.01953125 0.02484472
0 0.4203125 0.94772256 0.015625 0.02173913
0 0.39414062 0.94099378 0.00703125 0.01656314
0 0.31015625 0.91459627 0.0171875 0.02380952
0 0.29882812 0.89285714 0.01171875 0.01759834
0 0.35351562 0.88716356 0.01171875 0.01449275
0 0.66054687 0.88043478 0.00859375 0.01345755
0 0.5734375 0.87318840 0.0140625 0.01552795
0 0.43320312 0.86024844 0.02265625 0.05175983
0 0.67734375 0.84316770 0.0171875 0.02380952
0 0.59921875 0.83488612 0.0125 0.01552795
0 0.4515625 0.82763975 0.0109375 0.01759834
0 0.340625 0.82867494 0.0171875 0.02380952
0 0.48945312 0.81884057 0.01484375 0.01242236
0 0.671875 0.81573498 0.0125 0.01242236
0 0.50742187 0.81262939 0.00859375 0.02070393
0 0.37265625 0.76811594 0.0125 0.01449275
0 0.35078125 0.78157349 0.015625 0.04554865
0 0.6453125 0.76656314 0.0109375 0.01759834
0 0.58945312 0.75465838 0.03046875 0.04140786
0 0.50625 0.74068322 0.0203125 0.01759834
0 0.396875 0.73136645 0.0171875 0.02380952
0 0.63789062 0.70031055 0.01328125 0.01759834
0 0.60195312 0.68944099 0.00703125 0.01863354
0 0.29648437 0.67753623 0.01015625 0.01759834
0 0.44648437 0.67184265 0.01171875 0.01449275
0 0.66953125 0.64906832 0.0140625 0.01863354
0 0.4546875 0.64648033 0.0171875 0.02380952
0 0.515625 0.63819875 0.0140625 0.02173913
0 0.36328125 0.61801242 0.009375 0.01863354
0 0.54882812 0.61231884 0.01328125 0.01138716
0 0.63007812 0.61335403 0.01015625 0.01552795
0 0.44726562 0.60766045 0.01328125 0.02070393
0 0.30546875 0.59627329 0.0109375 0.01656314
0 0.35703125 0.58592132 0.015625 0.01035196
0 0.45273437 0.53830227 0.00859375 0.01035196
0 0.628125 0.54503105 0.009375 0.02587991
0 0.47304687 0.53933747 0.00703125 0.02484472
0 0.32460937 0.53157349 0.01015625 0.01345755
0 0.44023437 0.52277432 0.01484375 0.01035196
0 0.49414062 0.51811594 0.01015625 0.01138716
0 0.46132812 0.50621118 0.02890625 0.01242236
0 0.37695312 0.47412008 0.01171875 0.01242236
0 0.50820312 0.47567287 0.01328125 0.02173913
0 0.55 0.46221532 0.0125 0.03002070
0 0.6421875 0.44875776 0.01875 0.01759834
0 0.425 0.42184265 0.0109375 0.01345755
0 0.39101562 0.41407867 0.01640625 0.01863354
0 0.52617187 0.41200828 0.01484375 0.01863354
0 0.54726562 0.40838509 0.01015625 0.01552795
0 0.49257812 0.40993788 0.01640625 0.02484472
0 0.51328125 0.40320910 0.0109375 0.01759834
0 0.39570312 0.39958592 0.01484375 0.01863354
0 0.64179687 0.39233954 0.01796875 0.02484472
0 0.59453125 0.39337474 0.009375 0.03312629
0 0.50429687 0.37784679 0.01015625 0.01449275
0 0.39921875 0.35869565 0.0078125 0.01345755
0 0.4875 0.35766045 0.0078125 0.01759834
0 0.53398437 0.34472049 0.01015625 0.01242236
0 0.6203125 0.32246376 0.0109375 0.02380952
0 0.51523437 0.29244306 0.01328125 0.02587991
0 0.46523437 0.27691511 0.01171875 0.01345755
0 0.42460937 0.27225672 0.01015625 0.01242236
0 0.36679687 0.26656314 0.01328125 0.01966873
0 0.4625 0.25 0.009375 0.01345755
0 0.53515625 0.24741200 0.0140625 0.01242236
0 0.36484375 0.24068322 0.009375 0.01345755
0 0.33828125 0.23602484 0.01875 0.02277432
0 0.4984375 0.19720496 0.0125 0.02173913
0 0.6296875 0.19513457 0.009375 0.03002070
0 0.44609375 0.18426501 0.0109375 0.01449275
0 0.46054687 0.18064182 0.00703125 0.00931677
0 0.52695312 0.17443064 0.01328125 0.01138716
0 0.41640625 0.16666666 0.0234375 0.01863354
0 0.57304687 0.16304347 0.01171875 0.01345755
0 0.36015625 0.16873706 0.01875 0.02484472
0 0.33320312 0.12991718 0.01328125 0.02173913
0 0.49804687 0.10610766 0.01953125 0.01138716
0 0.56796875 0.07039337 0.0125 0.01242236
0 0.51289062 0.07194616 0.01484375 0.01552795
0 0.35273437 0.06935817 0.01171875 0.01656314
0 0.63476562 0.06366459 0.00859375 0.01345755
0 0.44414062 0.05227743 0.01171875 0.01345755
0 0.6546875 0.03674948 0.009375 0.01345755
0 0.58554687 0.01656314 0.01171875 0.01242236