0 0.47421875 0.93115942 0.015625 0.02173913
0 0.64492187 0.88768115 0.01640625 0.01552795
0 0.4984375 0.87111801 0.015625 0.01552795
0 0.41015625 0.83643892 0.01875 0.01656314
0 0.62773437 0.75672877 0.02265625 0.03105590
0 0.5703125 0.66666666 0.0125 0.02070393
0 0.496875 0.64803312 0.0125 0.00828157
0 0.4390625 0.62215320 0.0265625 0.03312629
0 0.50351562 0.61438923 0.02109375 0.02795031
0 0.4390625 0.39026915 0.0109375 0.01656314
0 0.40117187 0.37732919 0.01171875 0.01759834
0 0.50507812 0.37888198 0.01484375 0.02277432
0 0.5703125 0.25621118 0.009375 0.02173913
0 0.38515625 0.03519668 0.01875 0.02484472