0 0.42929687 0.89026915 0.01484375 0.01449275
0 0.36679687 0.86231884 0.02421875 0.02691511
0 0.46601562 0.86335403 0.01640625 0.03105590
0 0.5234375 0.84472049 0.0234375 0.01863354
0 0.409375 0.83229813 0.015625 0.02277432
0 0.34804687 0.78623188 0.03828125 0.06521739
0 0.59765625 0.69409937 0.0125 0.01552795
0 0.64765625 0.68064182 0.0125 0.02173913
0 0.59101562 0.64648033 0.01796875 0.02173913
0 0.61210937 0.60300207 0.01953125 0.03002070
0 0.51171875 0.57660455 0.021875 0.02277432
0 0.47148437 0.55848861 0.01171875 0.03209109
0 0.39453125 0.52329192 0.015625 0.02380952
0 0.5671875 0.46687370 0.025 0.02277432
0 0.60664062 0.41252587 0.01328125 0.02587991
0 0.59804687 0.32815734 0.01640625 0.02484472
0 0.49257812 0.29606625 0.04609375 0.02484472
0 0.51953125 0.15631469 0.0125 0.02691511