0 0.36484375 0.99378881 0.0140625 0.01242236
0 0.69414062 0.98084886 0.00703125 0.01759834
0 0.3765625 0.96946169 0.009375 0.02173913
0 0.53398437 0.96480331 0.02109375 0.01656314
0 0.54101562 0.93995859 0.00703125 0.02070393
0 0.32226562 0.93064182 0.02265625 0.01242236
0 0.55546875 0.89544513 0.0109375 0.01656314
0 0.60625 0.88871635 0.0171875 0.02380952
0 0.50703125 0.88457556 0.0140625 0.01552795
0 0.55898437 0.86180124 0.01015625 0.01552795
0 0.36289062 0.85351966 0.01640625 0.02587991
0 0.65429687 0.84782608 0.01953125 0.02484472
0 0.4609375 0.83540372 0.0109375 0.01035196
0 0.58320312 0.83592132 0.01015625 0.01552795
0 0.56484375 0.82660455 0.0109375 0.01345755
0 0.35039062 0.82815734 0.01484375 0.02277432
0 0.47929687 0.82091097 0.01015625 0.01242236
0 0.65 0.82246376 0.0109375 0.01759834
0 0.64414062 0.80279503 0.00859375 0.01138716
0 0.29335937 0.80124223 0.01015625 0.01035196
0 0.33515625 0.79554865 0.0078125 0.01138716
0 0.60273437 0.79296066 0.00859375 0.01035196
0 0.39335937 0.78726708 0.01328125 0.01345755
0 0.35507812 0.78623188 0.01484375 0.02173913
0 0.5625 0.75931677 0.0109375 0.01345755
0 0.634375 0.77173913 0.025 0.04451345
0 0.49414062 0.75051759 0.01171875 0.01449275
0 0.43632812 0.73757763 0.00859375 0.01138716
0 0.50585937 0.73447204 0.01484375 0.01345755
0 0.303125 0.73447204 0.0171875 0.02380952
0 0.57265625 0.71739130 0.009375 0.01242236
0 0.64453125 0.71428571 0.0078125 0.02484472
0 0.62695312 0.70807453 0.01171875 0.01449275
0 0.4203125 0.70652173 0.0125 0.01552795
0 0.328125 0.70600414 0.0140625 0.01863354
0 0.61992187 0.68840579 0.01484375 0.01656314
0 0.4015625 0.68788819 0.0171875 0.02380952
0 0.56171875 0.67960662 0.009375 0.01138716
0 0.41992187 0.66718426 0.02890625 0.03623188
0 0.62890625 0.65217391 0.009375 0.01449275
0 0.30078125 0.64855072 0.0140625 0.01552795
0 0.4109375 0.63405797 0.0125 0.01759834
0 0.51523437 0.62370600 0.01171875 0.01552795
0 0.41679687 0.58643892 0.01328125 0.02173913
0 0.6203125 0.58022774 0.0171875 0.02380952
0 0.43789062 0.56055900 0.01015625 0.01759834
0 0.64375 0.53519668 0.009375 0.01242236
0 0.35429687 0.52484472 0.01015625 0.01242236
0 0.57070312 0.52380952 0.01171875 0.01656314
0 0.31015625 0.50569358 0.0171875 0.02380952
0 0.56132812 0.49896480 0.01328125 0.01449275
0 0.64492187 0.49482401 0.01328125 0.01656314
0 0.49375 0.47722567 0.009375 0.01035196
0 0.52460937 0.48136645 0.01796875 0.03105590
0 0.58632812 0.45134575 0.01796875 0.02070393
0 0.35195312 0.45031055 0.02578125 0.01863354
0 0.39921875 0.44616977 0.0125 0.01656314
0 0.55234375 0.44151138 0.0078125 0.00931677
0 0.65976562 0.43374741 0.01328125 0.01656314
0 0.3828125 0.42598343 0.0109375 0.01345755
0 0.61953125 0.39596273 0.009375 0.01345755
0 0.47578125 0.38871635 0.0078125 0.01345755
0 0.53476562 0.37681159 0.01171875 0.01242236
0 0.396875 0.29089026 0.0171875 0.02070393
0 0.61640625 0.30693581 0.0265625 0.06314699
0 0.42734375 0.28260869 0.0078125 0.02277432
0 0.53242187 0.23498964 0.01015625 0.01449275
0 0.3390625 0.24068322 0.01875 0.04037267
0 0.60585937 0.21583850 0.01015625 0.01966873
0 0.53476562 0.20548654 0.00859375 0.01138716
0 0.45 0.21273291 0.0203125 0.02587991
0 0.403125 0.19047619 0.0296875 0.03933747
0 0.340625 0.17960662 0.0125 0.01759834
0 0.36640625 0.17339544 0.009375 0.01966873
0 0.45 0.17339544 0.0171875 0.02380952
0 0.56289062 0.15683229 0.01796875 0.02173913
0 0.50507812 0.13302277 0.00859375 0.03002070
0 0.48789062 0.12163561 0.01171875 0.01759834
0 0.56953125 0.10300207 0.009375 0.01345755
0 0.58085937 0.09886128 0.00859375 0.01966873
0 0.34257812 0.09782608 0.01171875 0.01966873
0 0.575 0.08281573 0.0125 0.01242236
0 0.45585937 0.07763975 0.01171875 0.01035196
0 0.33359375 0.06418219 0.0125 0.01242236
0 0.48632812 0.05797101 0.01484375 0.01863354