0 0.290625 0.98343685 0.0234375 0.01449275
0 0.33085937 0.95703933 0.01640625 0.01759834
0 0.52578125 0.94565217 0.0140625 0.01552795
0 0.57421875 0.93581780 0.03125 0.03519668
0 0.59296875 0.89699792 0.0171875 0.02380952
0 0.2953125 0.88975155 0.0125 0.01552795
0 0.3765625 0.86594202 0.015625 0.03209109
0 0.6703125 0.85610766 0.0203125 0.01656314
0 0.53046875 0.84472049 0.0203125 0.02070393
0 0.478125 0.83592132 0.0171875 0.02380952
0 0.43515625 0.83229813 0.0125 0.03105590
0 0.65820312 0.81780538 0.01328125 0.01656314
0 0.45 0.81521739 0.0078125 0.01759834
0 0.32929687 0.81055900 0.01015625 0.02070393
0 0.47460937 0.78830227 0.01328125 0.01966873
0 0.52578125 0.78209109 0.009375 0.01552795
0 0.40625 0.78364389 0.0109375 0.02277432
0 0.575 0.77329192 0.0109375 0.01656314
0 0.37734375 0.76759834 0.009375 0.01138716
0 0.6671875 0.75310559 0.0109375 0.01345755
0 0.44335937 0.75258799 0.00859375 0.01242236
0 0.42695312 0.74378881 0.00859375 0.01138716
0 0.46992187 0.72515527 0.01171875 0.01759834
0 0.5296875 0.72515527 0.009375 0.01966873
0 0.43867187 0.72204968 0.02265625 0.01552795
0 0.67539062 0.71014492 0.01171875 0.01656314
0 0.62148437 0.70238095 0.01484375 0.01759834
0 0.58515625 0.69824016 0.009375 0.01138716
0 0.5609375 0.69358178 0.01875 0.01863354
0 0.6109375 0.67287784 0.0125 0.01656314
0 0.56523437 0.66977225 0.01015625 0.01656314
0 0.38046875 0.66149068 0.034375 0.02070393
0 0.50859375 0.65631469 0.0125 0.01656314
0 0.3078125 0.65320910 0.009375 0.02277432
0 0.5546875 0.64751552 0.0171875 0.02587991
0 0.33984375 0.63198757 0.0078125 0.01552795
0 0.3359375 0.61024844 0.0109375 0.01552795
0 0.56835937 0.59989648 0.01640625 0.02173913
0 0.46289062 0.58747412 0.01171875 0.01138716
0 0.41015625 0.55538302 0.0234375 0.01552795
0 0.34726562 0.55434782 0.01328125 0.01552795
0 0.6 0.52795031 0.0109375 0.01449275
0 0.49335937 0.51293995 0.01171875 0.01345755
0 0.51914062 0.51345755 0.01796875 0.02070393
0 0.3953125 0.50103519 0.0125 0.01449275
0 0.45742187 0.49741200 0.00859375 0.01759834
0 0.63828125 0.49327122 0.0171875 0.02380952
0 0.58007812 0.48654244 0.02578125 0.03312629
0 0.30898437 0.45548654 0.02421875 0.01863354
0 0.44140625 0.44513457 0.0078125 0.02277432
0 0.46992187 0.43064182 0.01171875 0.02484472
0 0.43476562 0.41563146 0.01171875 0.01552795
0 0.58359375 0.40269151 0.0109375 0.01656314
0 0.46875 0.39906832 0.0109375 0.01552795
0 0.4171875 0.39233954 0.0171875 0.02898550
0 0.3984375 0.35455486 0.0109375 0.01552795
0 0.35664062 0.34472049 0.02421875 0.01242236
0 0.53007812 0.34057971 0.01328125 0.01863354
0 0.47382812 0.31832298 0.01015625 0.01345755
0 0.34140625 0.30745341 0.0109375 0.01656314
0 0.60273437 0.26966873 0.01484375 0.02587991
0 0.64765625 0.25310559 0.0140625 0.01966873
0 0.39179687 0.25103519 0.01484375 0.01552795
0 0.57929687 0.24482401 0.01796875 0.01552795
0 0.64414062 0.23291925 0.01640625 0.01035196
0 0.43007812 0.22308488 0.01171875 0.01345755
0 0.34179687 0.23447204 0.01953125 0.04658385
0 0.57304687 0.20703933 0.01015625 0.01242236
0 0.540625 0.21376811 0.0078125 0.02587991
0 0.55664062 0.17650103 0.01484375 0.00931677
0 0.37578125 0.18892339 0.0125 0.04658385
0 0.43867187 0.16770186 0.01328125 0.01449275
0 0.4625 0.16511387 0.0125 0.02587991
0 0.63007812 0.15062111 0.01328125 0.01552795
0 0.42070312 0.15062111 0.01484375 0.01552795
0 0.54101562 0.13664596 0.01171875 0.01035196
0 0.63007812 0.13095238 0.00703125 0.01552795
0 0.37382812 0.12577639 0.01171875 0.01552795
0 0.52304687 0.12422360 0.01328125 0.01656314
0 0.54453125 0.10869565 0.0171875 0.02277432
0 0.6015625 0.09523809 0.015625 0.01863354
0 0.50859375 0.08385093 0.0125 0.01656314
0 0.64492187 0.08436853 0.01171875 0.01966873
0 0.2890625 0.03157349 0.009375 0.01138716
0 0.43085937 0.00879917 0.01171875 0.01345755
0 0.2921875 0.00828157 0.01875 0.01656314