0 0.50078125 0.96687370 0.0078125 0.02070393
0 0.54882812 0.96428571 0.02265625 0.01966873
0 0.34921875 0.93840579 0.0125 0.01759834
0 0.31210937 0.90942028 0.01640625 0.02587991
0 0.6640625 0.89492753 0.0140625 0.00931677
0 0.35976562 0.90424430 0.02265625 0.03416149
0 0.51640625 0.89389233 0.0171875 0.02380952
0 0.67734375 0.87267080 0.0078125 0.01242236
0 0.29375 0.86904761 0.0109375 0.00931677
0 0.33710937 0.86076604 0.01640625 0.01138716
0 0.359375 0.86697722 0.0265625 0.03416149
0 0.51367187 0.84523809 0.01171875 0.01345755
0 0.49023437 0.83643892 0.00859375 0.01242236
0 0.56367187 0.82246376 0.01484375 0.01759834
0 0.46328125 0.81780538 0.009375 0.01863354
0 0.421875 0.81262939 0.0109375 0.01242236
0 0.6125 0.81159420 0.009375 0.01449275
0 0.36953125 0.80590062 0.0171875 0.01759834
0 0.51289062 0.78674948 0.01328125 0.02070393
0 0.55625 0.77846790 0.0140625 0.03105590
0 0.34179687 0.77432712 0.01171875 0.03519668
0 0.6390625 0.75776397 0.0109375 0.01242236
0 0.51835937 0.74844720 0.01015625 0.01449275
0 0.44101562 0.74327122 0.01328125 0.01656314
0 0.45703125 0.73395445 0.009375 0.01449275
0 0.66367187 0.72774327 0.01015625 0.01035196
0 0.6171875 0.72826086 0.0125 0.01759834
0 0.65078125 0.71428571 0.015625 0.01656314
0 0.38828125 0.71066252 0.0109375 0.01552795
0 0.67070312 0.69720496 0.01640625 0.01759834
0 0.646875 0.66614906 0.0125 0.01759834
0 0.46171875 0.66563146 0.0109375 0.01656314
0 0.63828125 0.63043478 0.0125 0.01449275
0 0.47890625 0.62939958 0.009375 0.01863354
0 0.55351562 0.62215320 0.01015625 0.01242236
0 0.35 0.61490683 0.0140625 0.01656314
0 0.49335937 0.60662525 0.00859375 0.01449275
0 0.58476562 0.59472049 0.03671875 0.03623188
0 0.61054687 0.58074534 0.00859375 0.01863354
0 0.56953125 0.58178053 0.0109375 0.02070393
0 0.66757812 0.57142857 0.00703125 0.02277432
0 0.5953125 0.55538302 0.015625 0.01345755
0 0.45195312 0.53571428 0.00859375 0.01345755
0 0.58867187 0.52380952 0.01171875 0.01242236
0 0.31640625 0.52329192 0.015625 0.01552795
0 0.53710937 0.51397515 0.01171875 0.01552795
0 0.50039062 0.49741200 0.02734375 0.01138716
0 0.4078125 0.48861283 0.025 0.01656314
0 0.36054687 0.46118012 0.00859375 0.01138716
0 0.39765625 0.45703933 0.0109375 0.02587991
0 0.31953125 0.42236024 0.0109375 0.01449275
0 0.5375 0.40527950 0.0109375 0.01552795
0 0.45664062 0.40424430 0.01328125 0.01552795
0 0.62148437 0.39544513 0.00859375 0.01035196
0 0.39414062 0.39440993 0.01171875 0.01656314
0 0.67460937 0.38819875 0.01171875 0.01449275
0 0.65625 0.38561076 0.0125 0.00931677
0 0.47851562 0.37267080 0.00859375 0.01656314
0 0.35546875 0.37008281 0.0171875 0.02380952
0 0.62382812 0.35973084 0.01171875 0.01138716
0 0.55820312 0.36128364 0.00859375 0.01449275
0 0.44453125 0.35662525 0.009375 0.01138716
0 0.37851562 0.34730848 0.01015625 0.01552795
0 0.48320312 0.32246376 0.01015625 0.01138716
0 0.57929687 0.31832298 0.01015625 0.01138716
0 0.63242187 0.29761904 0.01328125 0.01552795
0 0.42304687 0.28312629 0.01328125 0.01759834
0 0.33632812 0.26656314 0.01015625 0.01345755
0 0.52890625 0.26293995 0.0109375 0.01449275
0 0.59414062 0.26138716 0.01328125 0.01552795
0 0.384375 0.26242236 0.0171875 0.02380952
0 0.571875 0.22981366 0.015625 0.01035196
0 0.36328125 0.22722567 0.0109375 0.01345755
0 0.59296875 0.20703933 0.0109375 0.01449275
0 0.47265625 0.20962732 0.0171875 0.02380952
0 0.53671875 0.19824016 0.0125 0.01552795
0 0.4921875 0.18167701 0.0140625 0.01552795
0 0.36640625 0.15942028 0.015625 0.01863354
0 0.38242187 0.15320910 0.01171875 0.02484472
0 0.5578125 0.15527950 0.0109375 0.03519668
0 0.53359375 0.14078674 0.0125 0.01656314
0 0.44960937 0.13768115 0.01015625 0.01035196
0 0.41484375 0.13302277 0.0125 0.01759834
0 0.63945312 0.12267080 0.01484375 0.01759834
0 0.35351562 0.11076604 0.02109375 0.02691511
0 0.60390625 0.10144927 0.0109375 0.02277432
0 0.37265625 0.08747412 0.0125 0.01345755
0 0.42851562 0.07091097 0.01796875 0.01759834
0 0.54921875 0.06573498 0.0171875 0.02380952
0 0.66953125 0.03933747 0.0171875 0.01656314
0 0.28789062 0.02743271 0.01484375 0.00931677
0 0.59921875 0.01708074 0.021875 0.01345755
0 0.28203125 0.01397515 0.00625 0.00931677