0 0.53085937 0.98395445 0.01953125 0.01759834
0 0.30703125 0.97360248 0.0125 0.01759834
0 0.60117187 0.86387163 0.01328125 0.00724637
0 0.38554687 0.84886128 0.01171875 0.01656314
0 0.55117187 0.84834368 0.01484375 0.02173913
0 0.60273437 0.81780538 0.01171875 0.01863354
0 0.45898437 0.81004140 0.01640625 0.01966873
0 0.64453125 0.75828157 0.0203125 0.02795031
0 0.628125 0.68944099 0.0140625 0.01863354
0 0.59492187 0.67028985 0.01484375 0.01552795
0 0.64296875 0.64130434 0.015625 0.02587991
0 0.42734375 0.58540372 0.0140625 0.02795031
0 0.6875 0.56780538 0.021875 0.02587991
0 0.36210937 0.55745341 0.01328125 0.02380952
0 0.65195312 0.54451345 0.01328125 0.01656314
0 0.43085937 0.52277432 0.01328125 0.02484472
0 0.6296875 0.51863354 0.015625 0.02691511
0 0.30820312 0.45755693 0.02265625 0.02070393
0 0.45585937 0.39078674 0.01328125 0.02380952
0 0.39179687 0.38561076 0.02265625 0.03002070
0 0.47304687 0.37888198 0.01640625 0.02484472
0 0.48085937 0.25517598 0.01484375 0.01138716
0 0.45507812 0.21273291 0.01328125 0.01759834
0 0.45664062 0.17287784 0.01484375 0.01656314
0 0.578125 0.09213250 0.0125 0.02484472
0 0.6140625 0.06055900 0.0203125 0.02380952