0 0.553125 0.88509316 0.0453125 0.03519668
0 0.67148437 0.86231884 0.01953125 0.02484472
0 0.34179687 0.83385093 0.01953125 0.02795031
0 0.42617187 0.74223602 0.01640625 0.03933747
0 0.55625 0.72826086 0.0125 0.02380952
0 0.60859375 0.71687370 0.0140625 0.02380952
0 0.58867187 0.69358178 0.01796875 0.02070393
0 0.55859375 0.69047619 0.0140625 0.01449275
0 0.4765625 0.59006211 0.0203125 0.02484472
0 0.3515625 0.51915113 0.01875 0.02380952
0 0.31992187 0.43478260 0.01484375 0.02691511
0 0.43476562 0.39078674 0.01640625 0.01759834
0 0.6390625 0.36283643 0.01875 0.01759834
0 0.39492187 0.32349896 0.01640625 0.01552795
0 0.34765625 0.06677018 0.015625 0.01966873