0 0.62773437 0.88612836 0.01640625 0.02070393
0 0.6546875 0.88302277 0.0203125 0.02277432
0 0.43984375 0.85817805 0.0171875 0.02070393
0 0.39140625 0.76501035 0.01875 0.02070393
0 0.61367187 0.73395445 0.01796875 0.01656314
0 0.44179687 0.74223602 0.01640625 0.03933747
0 0.56289062 0.71014492 0.03671875 0.04140786
0 0.4171875 0.48498964 0.015625 0.02795031
0 0.36210937 0.45910973 0.01640625 0.02173913
0 0.57851562 0.37784679 0.03671875 0.04554865
0 0.48476562 0.31728778 0.03046875 0.02173913
0 0.5328125 0.30693581 0.0203125 0.01552795
0 0.42265625 0.29554865 0.0296875 0.02173913
0 0.52773437 0.27122153 0.01640625 0.01863354
0 0.58828125 0.24120082 0.0140625 0.02070393
0 0.56796875 0.22101449 0.015625 0.02173913
0 0.4390625 0.15631469 0.028125 0.02691511
0 0.38359375 0.09420289 0.0109375 0.02070393