0 0.46015625 0.84886128 0.0109375 0.01656314
0 0.32382812 0.85041407 0.02734375 0.02795031
0 0.353125 0.79710144 0.01875 0.02484472
0 0.61523437 0.76293995 0.00703125 0.01449275
0 0.6390625 0.74637681 0.0203125 0.02484472
0 0.57851562 0.63405797 0.01328125 0.02173913
0 0.37773437 0.49275362 0.00859375 0.01449275
0 0.49492187 0.49378881 0.01640625 0.02070393
0 0.33476562 0.46532091 0.01328125 0.01966873
0 0.35390625 0.43995859 0.0203125 0.02484472
0 0.68007812 0.39648033 0.01640625 0.01449275
0 0.41015625 0.37681159 0.0171875 0.02691511
0 0.559375 0.34006211 0.00625 0.02173913
0 0.62382812 0.30331262 0.01484375 0.01656314
0 0.39296875 0.25103519 0.034375 0.05072463
0 0.4671875 0.21428571 0.0234375 0.01656314
0 0.59296875 0.17028985 0.0140625 0.01759834
0 0.64570312 0.10300207 0.01640625 0.01552795