0 0.390625 0.97256728 0.0203125 0.02587991
0 0.44414062 0.96376811 0.01015625 0.01863354
0 0.47226562 0.89337474 0.01640625 0.02070393
0 0.5390625 0.85403726 0.0109375 0.01242236
0 0.31210937 0.83902691 0.00546875 0.00931677
0 0.63398437 0.84368530 0.01640625 0.02691511
0 0.42773437 0.82349896 0.01328125 0.02380952
0 0.39804687 0.35921325 0.01328125 0.01863354
0 0.41953125 0.34109730 0.0203125 0.02173913
0 0.58359375 0.28778467 0.021875 0.02484472
0 0.42070312 0.27380952 0.01796875 0.02380952
0 0.59804687 0.08488612 0.01796875 0.02484472
0 0.50664062 0.02536231 0.01328125 0.01966873