0 0.3921875 0.98757763 0.0109375 0.01656314
0 0.51640625 0.97101449 0.015625 0.02070393
0 0.628125 0.96946169 0.0171875 0.02380952
0 0.45234375 0.94875776 0.0171875 0.02380952
0 0.3125 0.94461697 0.009375 0.02173913
0 0.4796875 0.93530020 0.0171875 0.02380952
0 0.3640625 0.93530020 0.0171875 0.02380952
0 0.64414062 0.91873706 0.02421875 0.03002070
0 0.33828125 0.90424430 0.009375 0.02173913
0 0.30390625 0.90527950 0.0171875 0.02380952
0 0.45546875 0.88871635 0.0171875 0.02380952
0 0.5546875 0.88302277 0.0109375 0.01449275
0 0.61367187 0.88095238 0.01015625 0.01242236
0 0.63398437 0.86542443 0.01484375 0.01242236
0 0.68046875 0.85610766 0.0203125 0.02070393
0 0.4265625 0.84057971 0.009375 0.01449275
0 0.46484375 0.83540372 0.0140625 0.01242236
0 0.34921875 0.82246376 0.0171875 0.02173913
0 0.571875 0.81055900 0.0125 0.03105590
0 0.65664062 0.78157349 0.01171875 0.01035196
0 0.6390625 0.78364389 0.0125 0.01656314
0 0.37109375 0.78260869 0.0125 0.01449275
0 0.61015625 0.79089026 0.028125 0.03933747
0 0.45 0.77484472 0.0078125 0.02173913
0 0.36640625 0.75621118 0.0109375 0.01345755
0 0.4296875 0.75258799 0.009375 0.01449275
0 0.58046875 0.72929606 0.0125 0.01966873
0 0.6265625 0.69979296 0.0203125 0.03312629
0 0.5265625 0.69151138 0.009375 0.02070393
0 0.31210937 0.69513457 0.01484375 0.02795031
0 0.44609375 0.68478260 0.0125 0.01966873
0 0.59375 0.64855072 0.0109375 0.02173913
0 0.5703125 0.64440993 0.0140625 0.01966873
0 0.621875 0.62784679 0.0171875 0.02380952
0 0.66835937 0.62474120 0.02578125 0.02380952
0 0.44882812 0.61387163 0.01015625 0.01242236
0 0.56054687 0.60455486 0.01015625 0.01242236
0 0.30898437 0.58747412 0.01171875 0.01552795
0 0.68320312 0.58436853 0.01640625 0.01966873
0 0.65039062 0.56987577 0.01328125 0.01759834
0 0.671875 0.55900621 0.0140625 0.01656314
0 0.46289062 0.55279503 0.01015625 0.01035196
0 0.33242187 0.55383022 0.01171875 0.01863354
0 0.41015625 0.55538302 0.0171875 0.02380952
0 0.434375 0.54244306 0.0125 0.01242236
0 0.63203125 0.54554865 0.0125 0.02277432
0 0.6 0.52329192 0.009375 0.01345755
0 0.52851562 0.51759834 0.01484375 0.01656314
0 0.68554687 0.51293995 0.01328125 0.02380952
0 0.32890625 0.48706004 0.015625 0.01552795
0 0.35664062 0.46376811 0.01171875 0.01656314
0 0.67890625 0.46325051 0.021875 0.02173913
0 0.52148437 0.45807453 0.01328125 0.01552795
0 0.46132812 0.44824016 0.01015625 0.01242236
0 0.425 0.44927536 0.015625 0.01863354
0 0.39726562 0.44254658 0.01171875 0.01345755
0 0.3734375 0.44151138 0.0078125 0.02380952
0 0.39179687 0.41873706 0.01171875 0.01345755
0 0.56015625 0.39182194 0.0171875 0.02380952
0 0.4625 0.37991718 0.0125 0.01242236
0 0.54453125 0.37370600 0.009375 0.01035196
0 0.36445312 0.34161490 0.01171875 0.01656314
0 0.47148437 0.33902691 0.01171875 0.01759834
0 0.5125 0.31314699 0.0109375 0.01345755
0 0.63046875 0.31107660 0.0171875 0.02380952
0 0.48828125 0.30693581 0.0171875 0.02380952
0 0.63046875 0.29192546 0.0125 0.01242236
0 0.48828125 0.28260869 0.009375 0.02070393
0 0.4671875 0.27587991 0.0171875 0.02380952
0 0.4015625 0.23757763 0.0140625 0.01759834
0 0.33554687 0.23240165 0.01171875 0.01759834
0 0.58242187 0.21687370 0.00703125 0.01966873
0 0.46289062 0.21273291 0.02421875 0.03002070
0 0.3859375 0.19306418 0.0109375 0.01552795
0 0.44140625 0.18995859 0.0140625 0.02795031
0 0.4125 0.18581780 0.0171875 0.02380952
0 0.60039062 0.18115942 0.01484375 0.01863354
0 0.52421875 0.16925465 0.0171875 0.02380952
0 0.50664062 0.15320910 0.00859375 0.01449275
0 0.49414062 0.14130434 0.01015625 0.01138716
0 0.403125 0.14544513 0.0171875 0.02380952
0 0.5546875 0.12681159 0.0078125 0.02380952
0 0.5671875 0.09730848 0.0125 0.02484472
0 0.53125 0.05641821 0.009375 0.02587991
0 0.4203125 0.04917184 0.021875 0.01138716
0 0.55429687 0.05020703 0.02109375 0.01552795