0 0.39921875 0.94151138 0.0171875 0.01759834
0 0.6765625 0.93167701 0.0109375 0.03105590
0 0.63632812 0.89751552 0.01171875 0.01449275
0 0.59726562 0.89285714 0.01171875 0.01345755
0 0.36875 0.89596273 0.0171875 0.02380952
0 0.45078125 0.89233954 0.0140625 0.02070393
0 0.42382812 0.89906832 0.01640625 0.03416149
0 0.3390625 0.89078674 0.0171875 0.02380952
0 0.30859375 0.87629399 0.015625 0.01345755
0 0.66757812 0.87318840 0.01015625 0.01345755
0 0.56484375 0.87267080 0.0203125 0.01242236
0 0.54648437 0.88354037 0.03203125 0.03830227
0 0.51015625 0.87111801 0.015625 0.01966873
0 0.43085937 0.85869565 0.01328125 0.01552795
0 0.63359375 0.83385093 0.0171875 0.02380952
0 0.59609375 0.82867494 0.015625 0.01552795
0 0.48359375 0.82660455 0.0171875 0.02380952
0 0.56015625 0.81987577 0.0109375 0.01656314
0 0.421875 0.82660455 0.025 0.03209109
0 0.29726562 0.81677018 0.01015625 0.01863354
0 0.3609375 0.81211180 0.0109375 0.01552795
0 0.31757812 0.80486542 0.01484375 0.02380952
0 0.68515625 0.79554865 0.0125 0.01552795
0 0.41523437 0.77587991 0.01171875 0.01552795
0 0.39296875 0.76656314 0.0125 0.01552795
0 0.32773437 0.76708074 0.01171875 0.01863354
0 0.41367187 0.75207039 0.01015625 0.01552795
0 0.61953125 0.74896480 0.009375 0.01345755
0 0.63476562 0.74120082 0.01015625 0.01035196
0 0.42929687 0.72515527 0.00859375 0.01138716
0 0.5546875 0.72308488 0.0109375 0.01552795
0 0.50351562 0.72153209 0.01171875 0.01449275
0 0.62695312 0.69927536 0.01015625 0.01552795
0 0.48203125 0.69616977 0.009375 0.01345755
0 0.42421875 0.66304347 0.0171875 0.02380952
0 0.37578125 0.64648033 0.0109375 0.01552795
0 0.32773437 0.64182194 0.01328125 0.01449275
0 0.59921875 0.63095238 0.0171875 0.02380952
0 0.61484375 0.60869565 0.01875 0.01242236
0 0.4859375 0.57505175 0.0109375 0.01552795
0 0.53203125 0.57556935 0.0078125 0.01863354
0 0.4265625 0.56004140 0.0125 0.01035196
0 0.37734375 0.56055900 0.0125 0.02173913
0 0.65859375 0.56521739 0.0203125 0.03312629
0 0.64257812 0.54917184 0.01015625 0.01138716
0 0.48945312 0.53778467 0.01953125 0.02173913
0 0.47617187 0.52122153 0.01640625 0.01138716
0 0.540625 0.51138716 0.0140625 0.01656314
0 0.46328125 0.50724637 0.015625 0.01035196
0 0.3328125 0.50517598 0.0171875 0.03105590
0 0.53671875 0.46014492 0.0078125 0.01552795
0 0.65820312 0.43581780 0.01484375 0.01035196
0 0.36640625 0.43426501 0.0171875 0.02380952
0 0.321875 0.43012422 0.0171875 0.02380952
0 0.67421875 0.42494824 0.015625 0.01552795
0 0.34570312 0.42494824 0.01328125 0.01552795
0 0.57578125 0.42080745 0.0078125 0.01138716
0 0.409375 0.41407867 0.009375 0.01863354
0 0.625 0.40838509 0.0125 0.01759834
0 0.57929687 0.39906832 0.02265625 0.00931677
0 0.47226562 0.37991718 0.01328125 0.01656314
0 0.60585937 0.36904761 0.01796875 0.01345755
0 0.5296875 0.34523809 0.0171875 0.02380952
0 0.44804687 0.31884057 0.01015625 0.01242236
0 0.46171875 0.31314699 0.0125 0.01552795
0 0.553125 0.30434782 0.0109375 0.01449275
0 0.346875 0.28467908 0.009375 0.01242236
0 0.51210937 0.27225672 0.01015625 0.01449275
0 0.51171875 0.25362318 0.009375 0.01035196
0 0.5359375 0.25207039 0.0109375 0.01552795
0 0.46132812 0.25 0.01328125 0.01345755
0 0.4859375 0.23913043 0.0109375 0.01449275
0 0.615625 0.22826086 0.0109375 0.01138716
0 0.36132812 0.22981366 0.01015625 0.02484472
0 0.58984375 0.22567287 0.0140625 0.01863354
0 0.52890625 0.22722567 0.0171875 0.02380952
0 0.41679687 0.20652173 0.01953125 0.02173913
0 0.64882812 0.19927536 0.01171875 0.02380952
0 0.396875 0.15010351 0.0109375 0.01656314
0 0.59765625 0.12525879 0.0109375 0.01449275
0 0.40820312 0.10869565 0.01171875 0.01242236
0 0.37265625 0.09575569 0.0171875 0.02380952
0 0.5765625 0.08902691 0.009375 0.01863354
0 0.35898437 0.07298136 0.00703125 0.01345755
0 0.38359375 0.06625258 0.0125 0.01656314
0 0.48359375 0.06832298 0.0171875 0.02277432
0 0.4296875 0.06987577 0.0125 0.02795031
0 0.5234375 0.05848861 0.0078125 0.01552795
0 0.60507812 0.04244306 0.01015625 0.02898550
0 0.46640625 0.01915113 0.0171875 0.02380952
0 0.53945312 0.01449275 0.01171875 0.01863354