0 0.46445312 0.97670807 0.01640625 0.01138716
0 0.54570312 0.97774327 0.01484375 0.01759834
0 0.6484375 0.97774327 0.0171875 0.02173913
0 0.70117187 0.93788819 0.00859375 0.01242236
0 0.32539062 0.94047619 0.00859375 0.02380952
0 0.41835937 0.91511387 0.01640625 0.01242236
0 0.63515625 0.90631469 0.0109375 0.01345755
0 0.55273437 0.89906832 0.01484375 0.01138716
0 0.44296875 0.89803312 0.009375 0.01138716
0 0.45703125 0.89389233 0.0125 0.01345755
0 0.57851562 0.87629399 0.01171875 0.01552795
0 0.38398437 0.87732919 0.02734375 0.02380952
0 0.35 0.87111801 0.009375 0.01138716
0 0.47460937 0.86956521 0.02421875 0.01863354
0 0.64804687 0.86594202 0.01640625 0.01345755
0 0.31484375 0.85973084 0.0171875 0.02380952
0 0.51875 0.84937888 0.0203125 0.01759834
0 0.634375 0.83954451 0.0109375 0.02070393
0 0.48828125 0.82556935 0.0125 0.01552795
0 0.32890625 0.81314699 0.0125 0.01966873
0 0.52421875 0.80486542 0.0171875 0.02380952
0 0.47773437 0.79347826 0.01328125 0.01552795
0 0.32695312 0.78571428 0.01484375 0.01863354
0 0.64960937 0.77380952 0.01953125 0.01552795
0 0.54921875 0.77329192 0.0140625 0.01863354
0 0.496875 0.76345755 0.015625 0.01759834
0 0.37773437 0.74792960 0.01328125 0.02380952
0 0.36796875 0.73240165 0.0109375 0.01552795
0 0.42851562 0.72826086 0.01171875 0.01138716
0 0.51757812 0.70859213 0.02109375 0.02795031
0 0.39335937 0.70031055 0.01328125 0.01552795
0 0.37773437 0.68892339 0.01328125 0.00931677
0 0.303125 0.68322981 0.0109375 0.01656314
0 0.58085937 0.67805383 0.00859375 0.01035196
0 0.29335937 0.67443064 0.01328125 0.01759834
0 0.56523437 0.67546583 0.01640625 0.02380952
0 0.56015625 0.64182194 0.0140625 0.01449275
0 0.4421875 0.62422360 0.028125 0.01863354
0 0.63710937 0.61749482 0.01484375 0.01759834
0 0.61289062 0.61853002 0.02109375 0.01966873
0 0.53320312 0.56314699 0.01328125 0.01449275
0 0.41640625 0.51449275 0.0140625 0.01035196
0 0.39882812 0.51708074 0.01328125 0.01552795
0 0.60625 0.52018633 0.0171875 0.02380952
0 0.52773437 0.50983436 0.01171875 0.01138716
0 0.4921875 0.48498964 0.009375 0.01552795
0 0.46992187 0.47101449 0.01171875 0.01449275
0 0.34375 0.46790890 0.009375 0.01242236
0 0.4328125 0.46376811 0.0125 0.01242236
0 0.58242187 0.45082815 0.01484375 0.01966873
0 0.64882812 0.44461697 0.00859375 0.01759834
0 0.40859375 0.45393374 0.0296875 0.03623188
0 0.2984375 0.43944099 0.009375 0.01345755
0 0.3640625 0.43892339 0.0171875 0.03726708
0 0.49882812 0.43685300 0.02578125 0.03519668
0 0.58398437 0.40217391 0.01328125 0.02380952
0 0.40585937 0.40269151 0.01640625 0.02898550
0 0.64023437 0.38561076 0.01640625 0.02380952
0 0.41640625 0.36749482 0.015625 0.02277432
0 0.51640625 0.35973084 0.0140625 0.01138716
0 0.62929687 0.32246376 0.01015625 0.02173913
0 0.59765625 0.31780538 0.021875 0.02691511
0 0.4984375 0.30538302 0.009375 0.02070393
0 0.5609375 0.30383022 0.025 0.02795031
0 0.51679687 0.28623188 0.01015625 0.01138716
0 0.41289062 0.28881987 0.01328125 0.01656314
0 0.5671875 0.28623188 0.0109375 0.01345755
0 0.55546875 0.27225672 0.0078125 0.02070393
0 0.371875 0.27277432 0.0171875 0.02380952
0 0.53125 0.26656314 0.0078125 0.01345755
0 0.6296875 0.25724637 0.0171875 0.02380952
0 0.38242187 0.24741200 0.01171875 0.01863354
0 0.49140625 0.23033126 0.0234375 0.02380952
0 0.63632812 0.22877846 0.00703125 0.02484472
0 0.54765625 0.22722567 0.01875 0.03209109
0 0.63164062 0.10300207 0.00859375 0.02380952
0 0.546875 0.09886128 0.0109375 0.01966873
0 0.55195312 0.06469979 0.01171875 0.01759834
0 0.38359375 0.05175983 0.0140625 0.01035196
0 0.36328125 0.02277432 0.009375 0.01242236
0 0.38398437 0.01449275 0.01171875 0.01449275
0 0.44296875 0.01086956 0.01875 0.01552795