0 0.51367187 0.99068322 0.02109375 0.01863354
0 0.4015625 0.97153209 0.0171875 0.02380952
0 0.48789062 0.96894409 0.01171875 0.02277432
0 0.37226562 0.93322981 0.01484375 0.01966873
0 0.3984375 0.91200828 0.0125 0.02691511
0 0.61015625 0.88095238 0.0109375 0.01035196
0 0.4578125 0.88923395 0.0109375 0.02691511
0 0.58125 0.88250517 0.0171875 0.02380952
0 0.33828125 0.87474120 0.0125 0.01656314
0 0.41601562 0.86697722 0.01484375 0.02380952
0 0.50351562 0.86076604 0.01015625 0.01552795
0 0.46601562 0.85144927 0.01328125 0.01552795
0 0.46015625 0.81573498 0.0125 0.01242236
0 0.60117187 0.80693581 0.01328125 0.01552795
0 0.4703125 0.80434782 0.009375 0.01035196
0 0.68203125 0.80279503 0.009375 0.01759834
0 0.35390625 0.79347826 0.0171875 0.03623188
0 0.35 0.76811594 0.0125 0.01242236
0 0.61601562 0.76086956 0.01015625 0.01035196
0 0.6828125 0.75672877 0.0171875 0.01656314
0 0.6625 0.74844720 0.0140625 0.01656314
0 0.4984375 0.74792960 0.0125 0.01552795
0 0.40820312 0.74585921 0.01484375 0.02795031
0 0.64960937 0.71532091 0.01328125 0.01656314
0 0.57695312 0.71273291 0.01328125 0.01966873
0 0.46015625 0.70341614 0.0125 0.01138716
0 0.3171875 0.69202898 0.021875 0.01138716
0 0.3953125 0.69099378 0.0109375 0.03002070
0 0.33203125 0.66770186 0.0109375 0.01656314
0 0.4234375 0.66925465 0.015625 0.02380952
0 0.38632812 0.64803312 0.01953125 0.01035196
0 0.29140625 0.64182194 0.00625 0.01863354
0 0.6328125 0.65010351 0.0203125 0.03933747
0 0.60976562 0.59782608 0.01171875 0.01966873
0 0.47890625 0.59834368 0.01875 0.02691511
0 0.50625 0.59109730 0.009375 0.01656314
0 0.3296875 0.58436853 0.0125 0.01552795
0 0.51054687 0.57556935 0.01484375 0.01863354
0 0.63945312 0.57039337 0.00703125 0.01242236
0 0.5296875 0.56107660 0.0125 0.01449275
0 0.47734375 0.55641821 0.0171875 0.02380952
0 0.29804687 0.55227743 0.01328125 0.01759834
0 0.65703125 0.54089026 0.0109375 0.01552795
0 0.58203125 0.53674948 0.015625 0.01138716
0 0.52617187 0.51966873 0.01640625 0.01656314
0 0.50078125 0.52329192 0.0171875 0.02380952
0 0.44023437 0.51552795 0.01171875 0.01449275
0 0.3515625 0.51449275 0.009375 0.01449275
0 0.334375 0.51138716 0.009375 0.01242236
0 0.59335937 0.50310559 0.00859375 0.01242236
0 0.39179687 0.49378881 0.01484375 0.01863354
0 0.51796875 0.49120082 0.0078125 0.03209109
0 0.49140625 0.47153209 0.009375 0.01552795
0 0.33671875 0.46687370 0.0078125 0.01242236
0 0.53710937 0.45445134 0.01015625 0.01035196
0 0.57382812 0.42805383 0.01171875 0.01345755
0 0.45507812 0.42494824 0.01328125 0.01345755
0 0.4078125 0.42028985 0.0109375 0.01449275
0 0.5546875 0.40786749 0.021875 0.01449275
0 0.6390625 0.40838509 0.0203125 0.02380952
0 0.66367187 0.39337474 0.00859375 0.01242236
0 0.39375 0.38302277 0.0140625 0.02484472
0 0.6296875 0.35507246 0.0125 0.02484472
0 0.49570312 0.34368530 0.01640625 0.01242236
0 0.5421875 0.33850931 0.0125 0.01242236
0 0.59765625 0.33126293 0.0109375 0.01242236
0 0.47265625 0.31935817 0.0125 0.01345755
0 0.56601562 0.30331262 0.01015625 0.01242236
0 0.50546875 0.29658385 0.0125 0.01345755
0 0.52421875 0.29554865 0.0171875 0.02380952
0 0.37890625 0.28726708 0.009375 0.01345755
0 0.57617187 0.27432712 0.01015625 0.01449275
0 0.378125 0.27070393 0.01875 0.01552795
0 0.515625 0.26345755 0.0078125 0.01138716
0 0.340625 0.26035196 0.0171875 0.02380952
0 0.37734375 0.24016563 0.0125 0.01863354
0 0.5515625 0.23084886 0.0125 0.01242236
0 0.46445312 0.21687370 0.01640625 0.01759834
0 0.54257812 0.20807453 0.01171875 0.01656314
0 0.43242187 0.20186335 0.01328125 0.02070393
0 0.64414062 0.15993788 0.02109375 0.03002070
0 0.60117187 0.13664596 0.01171875 0.01449275
0 0.44257812 0.13250517 0.01015625 0.01242236
0 0.47539062 0.12681159 0.01953125 0.01966873
0 0.60820312 0.11490683 0.01015625 0.01863354
0 0.4421875 0.10300207 0.0125 0.01759834
0 0.50390625 0.08333333 0.0171875 0.02380952
0 0.38710937 0.07556935 0.01015625 0.02070393
0 0.6390625 0.06780538 0.0109375 0.01345755
0 0.47265625 0.03778467 0.025 0.01759834
0 0.3125 0.01708074 0.0171875 0.02380952