0 0.56210937 0.88302277 0.02734375 0.03105590
0 0.39375 0.88198757 0.0171875 0.03105590
0 0.67109375 0.87267080 0.0203125 0.02691511
0 0.58515625 0.82142857 0.015625 0.01966873
0 0.31796875 0.82453416 0.0203125 0.03623188
0 0.36132812 0.78416149 0.01171875 0.02795031
0 0.6578125 0.74327122 0.015625 0.02277432
0 0.39140625 0.73964803 0.01875 0.02173913
0 0.3640625 0.73861283 0.025 0.02380952
0 0.64453125 0.65683229 0.01875 0.02173913
0 0.41757812 0.53002070 0.01328125 0.02898550
0 0.64335937 0.52950310 0.01171875 0.03209109
0 0.36210937 0.45910973 0.01640625 0.02173913
0 0.3890625 0.45755693 0.0140625 0.02484472
0 0.42382812 0.45393374 0.03203125 0.03209109
0 0.6046875 0.39958592 0.0203125 0.02691511
0 0.4078125 0.39544513 0.0234375 0.02277432
0 0.38046875 0.35196687 0.01875 0.01656314
0 0.51328125 0.34937888 0.0171875 0.03209109
0 0.59804687 0.32815734 0.01640625 0.02484472
0 0.37617187 0.28985507 0.01640625 0.02484472
0 0.45039062 0.24120082 0.01484375 0.02484472
0 0.52929687 0.22412008 0.01484375 0.02380952
0 0.35703125 0.12681159 0.0203125 0.02587991
0 0.57617187 0.06780538 0.01796875 0.03209109