0 0.39726562 0.86749482 0.01171875 0.01656314
0 0.56210937 0.77484472 0.02421875 0.02795031
0 0.390625 0.75828157 0.0140625 0.02380952
0 0.43476562 0.69461697 0.00703125 0.02277432
0 0.37695312 0.65217391 0.01484375 0.01863354
0 0.55078125 0.62422360 0.0140625 0.01656314
0 0.3421875 0.60921325 0.01875 0.02795031
0 0.39960937 0.58229813 0.01953125 0.01552795
0 0.45351562 0.57246376 0.01328125 0.01656314
0 0.50703125 0.55279503 0.0125 0.01863354
0 0.50195312 0.52950310 0.01015625 0.01552795
0 0.63710937 0.52329192 0.01796875 0.02587991
0 0.41914062 0.24585921 0.01484375 0.02587991
0 0.51875 0.22101449 0.0203125 0.03209109
0 0.55 0.20341614 0.00625 0.02587991
0 0.49648437 0.09472049 0.01953125 0.02380952
0 0.6 0.07867494 0.0140625 0.02484472
0 0.60664062 0.06055900 0.01171875 0.01552795