0 0.49648437 0.99171842 0.01328125 0.01656314
0 0.315625 0.98188405 0.0078125 0.00931677
0 0.48007812 0.97308488 0.02578125 0.03933747
0 0.4015625 0.96532091 0.0171875 0.02380952
0 0.35039062 0.93219461 0.01484375 0.01759834
0 0.50898437 0.91614906 0.01015625 0.01656314
0 0.32929687 0.91511387 0.00859375 0.02070393
0 0.59804687 0.89751552 0.01015625 0.01449275
0 0.45898437 0.89182194 0.01171875 0.01759834
0 0.58125 0.88819875 0.0125 0.01863354
0 0.43085937 0.88716356 0.01484375 0.02070393
0 0.55234375 0.87267080 0.009375 0.01449275
0 0.63984375 0.87060041 0.0140625 0.01242236
0 0.42773437 0.86853002 0.01484375 0.01449275
0 0.50820312 0.87939958 0.02109375 0.03830227
0 0.521875 0.86283643 0.0125 0.01345755
0 0.37734375 0.82142857 0.0109375 0.01759834
0 0.44648437 0.81677018 0.00859375 0.01656314
0 0.5015625 0.80590062 0.0171875 0.02380952
0 0.62695312 0.80072463 0.01640625 0.02587991
0 0.47929687 0.77898550 0.02578125 0.00931677
0 0.43476562 0.77691511 0.01015625 0.01138716
0 0.41679687 0.77070393 0.01015625 0.01345755
0 0.6515625 0.75983436 0.0078125 0.00828157
0 0.659375 0.73602484 0.0109375 0.01656314
0 0.45117187 0.72981366 0.01640625 0.01035196
0 0.32460937 0.72463768 0.01328125 0.01035196
0 0.42929687 0.70341614 0.01171875 0.01759834
0 0.57382812 0.69720496 0.01015625 0.01552795
0 0.36328125 0.70134575 0.0109375 0.02795031
0 0.62460937 0.68840579 0.01171875 0.01656314
0 0.596875 0.68012422 0.0140625 0.01242236
0 0.42539062 0.67701863 0.01015625 0.01863354
0 0.31054687 0.66666666 0.01328125 0.01863354
0 0.4890625 0.66511387 0.0171875 0.01759834
0 0.45664062 0.66563146 0.01171875 0.01863354
0 0.51601562 0.64337474 0.01171875 0.01552795
0 0.4953125 0.62008281 0.0125 0.01656314
0 0.41367187 0.62577639 0.01015625 0.03209109
0 0.31953125 0.59782608 0.0109375 0.01345755
0 0.62695312 0.59368530 0.01171875 0.01759834
0 0.55859375 0.59109730 0.0125 0.01656314
0 0.675 0.58022774 0.0171875 0.02380952
0 0.52734375 0.57608695 0.0171875 0.02380952
0 0.6703125 0.55797101 0.0109375 0.01449275
0 0.34921875 0.54761904 0.009375 0.01242236
0 0.64765625 0.54451345 0.009375 0.01449275
0 0.553125 0.53985507 0.0078125 0.00931677
0 0.29570312 0.53933747 0.01171875 0.01449275
0 0.359375 0.53312629 0.0078125 0.01656314
0 0.53945312 0.51759834 0.01171875 0.01656314
0 0.309375 0.50776397 0.0109375 0.01345755
0 0.35 0.50362318 0.0109375 0.01345755
0 0.63398437 0.50207039 0.01484375 0.01863354
0 0.37421875 0.50155279 0.009375 0.01759834
0 0.58007812 0.49741200 0.00703125 0.02795031
0 0.5140625 0.46842650 0.015625 0.02795031
0 0.58242187 0.45445134 0.00859375 0.02070393
0 0.44921875 0.45496894 0.0171875 0.02380952
0 0.58554687 0.43426501 0.01015625 0.01552795
0 0.48476562 0.43322981 0.01328125 0.01966873
0 0.63046875 0.39699792 0.0109375 0.01552795
0 0.6453125 0.39492753 0.0078125 0.01345755
0 0.5140625 0.38302277 0.028125 0.02070393
0 0.60859375 0.35507246 0.0078125 0.02070393
0 0.471875 0.32453416 0.0171875 0.02173913
0 0.5140625 0.31521739 0.0109375 0.01138716
0 0.62421875 0.29813664 0.01875 0.01863354
0 0.37265625 0.29244306 0.0171875 0.02380952
0 0.38085937 0.25879917 0.01015625 0.01656314
0 0.51054687 0.25 0.00859375 0.01138716
0 0.6046875 0.24430641 0.015625 0.01449275
0 0.41875 0.23809523 0.0109375 0.01449275
0 0.51875 0.22722567 0.0140625 0.01552795
0 0.48476562 0.21635610 0.01171875 0.01242236
0 0.4 0.22101449 0.0078125 0.02587991
0 0.44414062 0.21066252 0.01171875 0.01345755
0 0.571875 0.20600414 0.009375 0.01242236
0 0.49140625 0.18064182 0.0171875 0.02380952
0 0.6171875 0.17960662 0.0109375 0.02587991
0 0.53710937 0.18115942 0.01484375 0.03105590
0 0.60273437 0.14699792 0.01796875 0.01863354
0 0.64609375 0.13457556 0.0140625 0.01449275
0 0.40078125 0.12060041 0.0171875 0.02380952
0 0.36054687 0.08695652 0.00703125 0.01035196
0 0.53710937 0.09886128 0.02578125 0.03830227
0 0.63125 0.08592132 0.0109375 0.01863354
0 0.38789062 0.07556935 0.01328125 0.01863354
0 0.4625 0.07608695 0.0171875 0.02380952
0 0.5671875 0.07505175 0.01875 0.02587991
0 0.50546875 0.04037267 0.0140625 0.01242236
0 0.6015625 0.03364389 0.0109375 0.01138716
0 0.66601562 0.01552795 0.00859375 0.01863354
0 0.3109375 0.00828157 0.0125 0.01035196