0 0.69179687 0.97463768 0.01015625 0.01138716
0 0.69296875 0.93840579 0.0171875 0.02380952
0 0.28710937 0.92598343 0.01640625 0.02173913
0 0.42773437 0.91200828 0.01015625 0.02277432
0 0.44414062 0.90476190 0.01328125 0.01242236
0 0.64453125 0.89906832 0.0140625 0.01345755
0 0.46289062 0.89337474 0.01171875 0.01449275
0 0.62382812 0.89233954 0.02421875 0.01656314
0 0.51992187 0.88819875 0.01796875 0.01242236
0 0.50117187 0.88612836 0.01328125 0.01656314
0 0.30117187 0.87939958 0.01015625 0.01345755
0 0.43789062 0.87939958 0.01328125 0.01552795
0 0.39101562 0.88354037 0.01640625 0.02587991
0 0.525 0.86024844 0.0109375 0.01656314
0 0.47929687 0.85662525 0.03046875 0.02380952
0 0.44257812 0.83022774 0.01328125 0.01449275
0 0.46210937 0.82660455 0.00859375 0.01138716
0 0.66640625 0.82712215 0.0109375 0.01449275
0 0.540625 0.79399585 0.009375 0.01863354
0 0.61132812 0.78209109 0.01484375 0.02795031
0 0.37578125 0.77795031 0.01875 0.02380952
0 0.47578125 0.76656314 0.0125 0.01138716
0 0.621875 0.74637681 0.0078125 0.01449275
0 0.58945312 0.74482401 0.01171875 0.01759834
0 0.47539062 0.73809523 0.01796875 0.01242236
0 0.60820312 0.71066252 0.01171875 0.01759834
0 0.4828125 0.69151138 0.009375 0.01449275
0 0.29882812 0.69616977 0.02109375 0.03416149
0 0.6484375 0.67908902 0.015625 0.02691511
0 0.47382812 0.66200828 0.01171875 0.01552795
0 0.5484375 0.65113871 0.009375 0.01035196
0 0.65078125 0.64855072 0.009375 0.01552795
0 0.56914062 0.64544513 0.01484375 0.01759834
0 0.603125 0.64233954 0.0140625 0.01345755
0 0.64726562 0.62215320 0.01171875 0.01863354
0 0.44453125 0.59834368 0.01875 0.01656314
0 0.58007812 0.60144927 0.03515625 0.03105590
0 0.5171875 0.59523809 0.009375 0.02277432
0 0.35078125 0.59161490 0.0171875 0.02380952
0 0.41796875 0.58747412 0.009375 0.02380952
0 0.51523437 0.57142857 0.01015625 0.01242236
0 0.68554687 0.55383022 0.01015625 0.01656314
0 0.59765625 0.55020703 0.0171875 0.02380952
0 0.521875 0.54347826 0.0078125 0.02484472
0 0.67460937 0.52536231 0.00859375 0.01759834
0 0.56640625 0.52484472 0.0171875 0.01863354
0 0.49023437 0.50776397 0.01015625 0.01552795
0 0.34179687 0.50776397 0.01171875 0.01552795
0 0.6421875 0.50828157 0.0109375 0.02070393
0 0.525 0.49792960 0.0125 0.01242236
0 0.68085937 0.47204968 0.01171875 0.01449275
0 0.5625 0.46376811 0.0109375 0.01449275
0 0.34882812 0.45807453 0.01015625 0.01345755
0 0.5859375 0.44927536 0.0171875 0.01035196
0 0.37421875 0.45496894 0.0109375 0.02173913
0 0.39296875 0.44358178 0.0171875 0.02380952
0 0.29804687 0.43995859 0.00859375 0.02070393
0 0.61484375 0.42339544 0.0171875 0.01035196
0 0.57695312 0.42546583 0.00859375 0.01449275
0 0.64804687 0.42132505 0.00703125 0.02484472
0 0.37148437 0.40890269 0.01171875 0.01863354
0 0.50820312 0.40165631 0.01484375 0.01035196
0 0.546875 0.40062111 0.0140625 0.01863354
0 0.32109375 0.39544513 0.0109375 0.01035196
0 0.48164062 0.38457556 0.01171875 0.01759834
0 0.38320312 0.38043478 0.01015625 0.01345755
0 0.31992187 0.36904761 0.01484375 0.01552795
0 0.4890625 0.36490683 0.0125 0.01552795
0 0.49375 0.34316770 0.0140625 0.01759834
0 0.59179687 0.34006211 0.01171875 0.01345755
0 0.53164062 0.33333333 0.01015625 0.01656314
0 0.35234375 0.33074534 0.0125 0.01345755
0 0.61523437 0.32815734 0.01171875 0.01242236
0 0.39179687 0.31055900 0.01171875 0.01656314
0 0.37773437 0.30331262 0.01015625 0.01449275
0 0.5640625 0.30175983 0.0171875 0.02380952
0 0.62265625 0.27846790 0.009375 0.01449275
0 0.38632812 0.26552795 0.01953125 0.00931677
0 0.57109375 0.25362318 0.0078125 0.01656314
0 0.49648437 0.24275362 0.01640625 0.01345755
0 0.4671875 0.23861283 0.0109375 0.01552795
0 0.3390625 0.22567287 0.0109375 0.01449275
0 0.45195312 0.21325051 0.01015625 0.01242236
0 0.35742187 0.19668737 0.01484375 0.02070393
0 0.3984375 0.19616977 0.009375 0.02173913
0 0.39882812 0.16873706 0.00859375 0.02691511
0 0.46132812 0.16459627 0.01796875 0.02484472
0 0.34140625 0.15734989 0.0125 0.01242236
0 0.37890625 0.16097308 0.0171875 0.02380952
0 0.5078125 0.11956521 0.0171875 0.02380952
0 0.55820312 0.08385093 0.01328125 0.01863354
0 0.3578125 0.01708074 0.0171875 0.02380952