0 0.43984375 0.86283643 0.0171875 0.03002070
0 0.47578125 0.81884057 0.0171875 0.02070393
0 0.42617187 0.82349896 0.01640625 0.04037267
0 0.61210937 0.60300207 0.01953125 0.03002070
0 0.51171875 0.57660455 0.021875 0.02277432
0 0.67265625 0.54399585 0.021875 0.03002070
0 0.5515625 0.49792960 0.0234375 0.02484472
0 0.57578125 0.38768115 0.021875 0.02173913
0 0.6390625 0.36283643 0.01875 0.01759834
0 0.4078125 0.36024844 0.0203125 0.02277432
0 0.59804687 0.32919254 0.01640625 0.02277432
0 0.51328125 0.32349896 0.0171875 0.03623188
0 0.42265625 0.27432712 0.0296875 0.02070393
0 0.62421875 0.22826086 0.0171875 0.02795031
0 0.4234375 0.14440993 0.015625 0.02587991