0 0.5 0.89026915 0.0515625 0.02484472
0 0.31953125 0.85144927 0.01875 0.02173913
0 0.5234375 0.84472049 0.0234375 0.01863354
0 0.3765625 0.76966873 0.0140625 0.01552795
0 0.64492187 0.69358178 0.01640625 0.02070393
0 0.41757812 0.53002070 0.01328125 0.02898550
0 0.55546875 0.51915113 0.0125 0.01759834
0 0.51210937 0.48861283 0.05859375 0.05590062
0 0.56914062 0.46997929 0.02890625 0.02898550
0 0.3953125 0.46066252 0.0140625 0.01863354
0 0.43164062 0.45859213 0.01640625 0.02070393
0 0.58164062 0.43478260 0.02578125 0.01863354
0 0.30859375 0.43633540 0.0203125 0.03209109
0 0.61445312 0.40942028 0.02890625 0.03830227
0 0.43476562 0.39440993 0.01640625 0.02484472
0 0.6390625 0.36283643 0.01875 0.01759834
0 0.48476562 0.31728778 0.03046875 0.02173913
0 0.63945312 0.06935817 0.01171875 0.01863354
0 0.34609375 0.07039337 0.0203125 0.02691511
0 0.57617187 0.06780538 0.01796875 0.03209109