0 0.39375 0.88198757 0.0171875 0.03105590
0 0.4578125 0.81521739 0.015625 0.02380952
0 0.3171875 0.77070393 0.0140625 0.01759834
0 0.55976562 0.76811594 0.01640625 0.02277432
0 0.63828125 0.76604554 0.015625 0.02484472
0 0.34921875 0.74068322 0.015625 0.02173913
0 0.64335937 0.71635610 0.01484375 0.02484472
0 0.59765625 0.69409937 0.0125 0.01552795
0 0.62617187 0.65217391 0.01796875 0.02277432
0 0.41289062 0.51915113 0.02265625 0.03002070
0 0.51835937 0.50672877 0.02890625 0.01966873
0 0.5515625 0.50207039 0.0234375 0.03312629
0 0.59335937 0.44047619 0.02421875 0.02380952
0 0.61875 0.41977225 0.0171875 0.01759834
0 0.40351562 0.39337474 0.01484375 0.01863354
0 0.65078125 0.40062111 0.0328125 0.07867494
0 0.61757812 0.32919254 0.01640625 0.02277432
0 0.60898437 0.28053830 0.02109375 0.01449275
0 0.53085937 0.22412008 0.01796875 0.02380952
0 0.621875 0.08178053 0.0140625 0.02898550
0 0.38203125 0.07919254 0.0140625 0.05072463