0 0.56210937 0.88043478 0.01328125 0.01966873
0 0.3625 0.85507246 0.0109375 0.01449275
0 0.58125 0.82453416 0.009375 0.02380952
0 0.61328125 0.77536231 0.015625 0.02277432
0 0.59609375 0.58333333 0.0109375 0.02587991
0 0.67304687 0.56107660 0.01640625 0.03105590
0 0.66132812 0.51242236 0.02421875 0.03312629
0 0.36210937 0.40372670 0.01484375 0.01656314
0 0.371875 0.35300207 0.0234375 0.02484472
0 0.64570312 0.34420289 0.01796875 0.01552795
0 0.59101562 0.34730848 0.01171875 0.03002070
0 0.57617187 0.26035196 0.02109375 0.01759834
0 0.42148437 0.23084886 0.01640625 0.01242236
0 0.46757812 0.10507246 0.01796875 0.02795031
0 0.63476562 0.06211180 0.01640625 0.02070393
0 0.45742187 0.02173913 0.00703125 0.00828157