0 0.38515625 0.99120082 0.025 0.01552795
0 0.60625 0.98809523 0.0171875 0.02380952
0 0.29375 0.96428571 0.0203125 0.01759834
0 0.5671875 0.95910973 0.0171875 0.02380952
0 0.40234375 0.95134575 0.015625 0.03105590
0 0.59453125 0.93840579 0.0171875 0.02380952
0 0.43085937 0.91459627 0.01171875 0.01759834
0 0.6734375 0.89803312 0.0171875 0.02380952
0 0.48085937 0.88716356 0.01328125 0.01242236
0 0.50898437 0.87008281 0.01015625 0.01345755
0 0.31523437 0.86904761 0.01015625 0.01552795
0 0.43632812 0.86128364 0.01484375 0.02691511
0 0.63085937 0.84161490 0.01484375 0.01656314
0 0.36835937 0.84213250 0.01484375 0.02795031
0 0.53515625 0.83385093 0.0171875 0.02380952
0 0.30585937 0.82712215 0.01171875 0.01656314
0 0.33945312 0.79503105 0.01015625 0.01449275
0 0.36640625 0.77380952 0.0171875 0.02380952
0 0.6359375 0.76242236 0.015625 0.02795031
0 0.33359375 0.75207039 0.0125 0.01759834
0 0.35898437 0.74378881 0.00859375 0.01759834
0 0.5703125 0.72929606 0.0171875 0.01759834
0 0.35 0.71894409 0.0171875 0.02380952
0 0.59296875 0.71066252 0.01875 0.03416149
0 0.37109375 0.69358178 0.0140625 0.01656314
0 0.415625 0.68219461 0.0140625 0.01242236
0 0.33203125 0.67960662 0.009375 0.01759834
0 0.45742187 0.66770186 0.01015625 0.02691511
0 0.5875 0.65579710 0.009375 0.01138716
0 0.62851562 0.65372670 0.01015625 0.01138716
0 0.46796875 0.66097308 0.009375 0.03209109
0 0.59492187 0.60766045 0.01796875 0.01656314
0 0.41210937 0.58229813 0.02265625 0.01966873
0 0.40273437 0.56366459 0.00859375 0.02173913
0 0.32695312 0.55641821 0.01171875 0.01759834
0 0.67382812 0.54917184 0.01171875 0.01345755
0 0.55976562 0.52380952 0.01015625 0.01449275
0 0.63710937 0.50776397 0.01015625 0.01966873
0 0.59492187 0.50103519 0.01328125 0.01656314
0 0.425 0.49120082 0.0125 0.01552795
0 0.45625 0.48084886 0.0109375 0.01345755
0 0.36289062 0.47204968 0.01640625 0.01242236
0 0.49140625 0.47567287 0.0203125 0.02173913
0 0.65859375 0.45600414 0.0171875 0.02380952
0 0.68007812 0.44461697 0.00859375 0.01138716
0 0.60078125 0.44979296 0.015625 0.02795031
0 0.45820312 0.42960662 0.01484375 0.01656314
0 0.4953125 0.41873706 0.0171875 0.02380952
0 0.45664062 0.40217391 0.01328125 0.01345755
0 0.40625 0.39233954 0.0125 0.01242236
0 0.31171875 0.38975155 0.0140625 0.01552795
0 0.65390625 0.38871635 0.0109375 0.01759834
0 0.38671875 0.38923395 0.015625 0.03519668
0 0.43242187 0.36853002 0.01171875 0.01449275
0 0.57265625 0.35300207 0.0171875 0.02277432
0 0.6484375 0.33540372 0.0125 0.01035196
0 0.42460937 0.33436853 0.02109375 0.04140786
0 0.37382812 0.31366459 0.01015625 0.01863354
0 0.52578125 0.30072463 0.0109375 0.01552795
0 0.50664062 0.29917184 0.00703125 0.01449275
0 0.49648437 0.29554865 0.00859375 0.01138716
0 0.39570312 0.28519668 0.01171875 0.01345755
0 0.51992187 0.26035196 0.00703125 0.01345755
0 0.63203125 0.24741200 0.0109375 0.01863354
0 0.61328125 0.23757763 0.0171875 0.02380952
0 0.42851562 0.22670807 0.01171875 0.01656314
0 0.45273437 0.20910973 0.02109375 0.01035196
0 0.34492187 0.21376811 0.00859375 0.01966873
0 0.35625 0.20445134 0.0125 0.02173913
0 0.61132812 0.19151138 0.01953125 0.02484472
0 0.62109375 0.17132505 0.009375 0.02173913
0 0.47265625 0.16407867 0.0109375 0.01345755
0 0.40585937 0.16252587 0.01328125 0.01656314
0 0.56054687 0.15062111 0.01328125 0.01966873
0 0.63476562 0.14492753 0.01328125 0.01656314
0 0.52460937 0.14233954 0.02109375 0.02380952
0 0.45703125 0.12008281 0.0140625 0.02070393
0 0.609375 0.11438923 0.0140625 0.01759834
0 0.47734375 0.08436853 0.0109375 0.01552795
0 0.43085937 0.07763975 0.01015625 0.01656314
0 0.51914062 0.09006211 0.01484375 0.04347826
0 0.56835937 0.08074534 0.01640625 0.03933747
0 0.36289062 0.06625258 0.01171875 0.01242236
0 0.3875 0.06469979 0.0109375 0.01552795
0 0.53242187 0.05693581 0.01171875 0.01449275
0 0.62304687 0.04554865 0.01015625 0.02484472
0 0.48984375 0.03312629 0.0234375 0.03519668
0 0.34296875 0.01759834 0.0109375 0.01656314
0 0.4875 0.00621118 0.0140625 0.01242236