0 0.42929687 0.89026915 0.01484375 0.01449275
0 0.46601562 0.86749482 0.01640625 0.02277432
0 0.3765625 0.76966873 0.0140625 0.01552795
0 0.6203125 0.76449275 0.021875 0.03830227
0 0.56132812 0.75724637 0.03359375 0.05279503
0 0.55859375 0.69047619 0.0140625 0.01449275
0 0.44453125 0.52691511 0.021875 0.01449275
0 0.32695312 0.51863354 0.02109375 0.02484472
0 0.43164062 0.43840579 0.01796875 0.01966873
0 0.42148437 0.32763975 0.02734375 0.01552795
0 0.42265625 0.29554865 0.0296875 0.02173913
0 0.51171875 0.22360248 0.028125 0.02691511
0 0.3703125 0.14337474 0.0125 0.02173913