0 0.3578125 0.99327122 0.0125 0.01345755
0 0.3921875 0.99016563 0.0078125 0.01138716
0 0.45078125 0.97774327 0.0078125 0.00931677
0 0.63125 0.91511387 0.025 0.01035196
0 0.43046875 0.90527950 0.0125 0.01552795
0 0.49921875 0.90631469 0.0171875 0.03209109
0 0.29375 0.89958592 0.0109375 0.01863354
0 0.50351562 0.87111801 0.01171875 0.01966873
0 0.31328125 0.84834368 0.0109375 0.01759834
0 0.49414062 0.83074534 0.01171875 0.01345755
0 0.51054687 0.82091097 0.01015625 0.01242236
0 0.67226562 0.80745341 0.01640625 0.01035196
0 0.53359375 0.80383022 0.0109375 0.01138716
0 0.61875 0.80331262 0.0109375 0.01449275
0 0.39375 0.79917184 0.0109375 0.01035196
0 0.46992187 0.79917184 0.01015625 0.01449275
0 0.31601562 0.78519668 0.01328125 0.01345755
0 0.453125 0.78260869 0.015625 0.01863354
0 0.51914062 0.77691511 0.03046875 0.01552795
0 0.52890625 0.75 0.0109375 0.01552795
0 0.58164062 0.74534161 0.01328125 0.01449275
0 0.40078125 0.71376811 0.0171875 0.02380952
0 0.33359375 0.70082815 0.0109375 0.01242236
0 0.42851562 0.69409937 0.01484375 0.01345755
0 0.31992187 0.67184265 0.01171875 0.01656314
0 0.37695312 0.65838509 0.01171875 0.01449275
0 0.66679687 0.65476190 0.01328125 0.01759834
0 0.43632812 0.64958592 0.01328125 0.01759834
0 0.47734375 0.64648033 0.0171875 0.02380952
0 0.5234375 0.64026915 0.0109375 0.01966873
0 0.3609375 0.63716356 0.0171875 0.01759834
0 0.57617187 0.61387163 0.00703125 0.01863354
0 0.478125 0.59265010 0.015625 0.01345755
0 0.30625 0.59679089 0.0171875 0.02380952
0 0.64023437 0.58954451 0.00859375 0.01138716
0 0.4890625 0.57660455 0.0140625 0.01656314
0 0.47929687 0.55331262 0.01328125 0.01966873
0 0.6640625 0.55331262 0.0140625 0.02587991
0 0.63242187 0.54296066 0.00859375 0.01552795
0 0.67265625 0.53778467 0.0140625 0.01345755
0 0.29882812 0.50414078 0.01171875 0.01242236
0 0.396875 0.50155279 0.0078125 0.02173913
0 0.48710937 0.48913043 0.01015625 0.01138716
0 0.37890625 0.49223602 0.015625 0.01759834
0 0.56640625 0.49120082 0.0375 0.03830227
0 0.66328125 0.47412008 0.015625 0.01863354
0 0.64101562 0.45807453 0.01328125 0.01552795
0 0.3109375 0.45703933 0.0078125 0.02173913
0 0.496875 0.45082815 0.0125 0.01345755
0 0.35390625 0.43944099 0.0171875 0.02380952
0 0.3109375 0.42287784 0.0140625 0.01759834
0 0.5234375 0.41977225 0.0109375 0.01966873
0 0.55820312 0.41407867 0.01484375 0.01656314
0 0.50351562 0.41097308 0.01171875 0.01449275
0 0.48242187 0.40424430 0.01015625 0.01552795
0 0.62578125 0.39699792 0.0125 0.01345755
0 0.3265625 0.39492753 0.0125 0.01552795
0 0.6046875 0.38509316 0.0109375 0.01449275
0 0.4546875 0.33799171 0.0109375 0.01966873
0 0.3484375 0.32608695 0.0078125 0.01242236
0 0.41289062 0.31418219 0.01171875 0.01552795
0 0.38710937 0.26501035 0.01796875 0.01035196
0 0.50703125 0.26604554 0.0109375 0.01449275
0 0.43671875 0.25051759 0.0140625 0.02070393
0 0.6359375 0.24948240 0.0140625 0.02070393
0 0.59804687 0.24223602 0.01171875 0.01242236
0 0.33945312 0.25465838 0.02109375 0.04140786
0 0.37109375 0.23498964 0.0109375 0.01656314
0 0.62304687 0.21325051 0.01015625 0.01242236
0 0.51796875 0.21635610 0.0234375 0.02691511
0 0.47148437 0.19099378 0.01015625 0.01552795
0 0.42734375 0.19099378 0.015625 0.01966873
0 0.52226562 0.17857142 0.01171875 0.01759834
0 0.58125 0.17132505 0.0140625 0.01138716
0 0.59726562 0.14130434 0.01171875 0.01552795
0 0.42695312 0.14544513 0.01328125 0.02380952
0 0.63398437 0.13716356 0.01015625 0.01552795
0 0.38828125 0.13716356 0.01875 0.02380952
0 0.44296875 0.12474120 0.0125 0.01759834
0 0.575 0.11490683 0.015625 0.01035196
0 0.62734375 0.11749482 0.0125 0.01759834
0 0.64375 0.08385093 0.0171875 0.01449275
0 0.60585937 0.08333333 0.01015625 0.01345755
0 0.62851562 0.07453416 0.01484375 0.01863354
0 0.41875 0.06418219 0.0125 0.01449275
0 0.39414062 0.06314699 0.01484375 0.02277432
0 0.5875 0.04710144 0.0140625 0.01966873
0 0.440625 0.04244306 0.009375 0.02484472
0 0.46953125 0.03674948 0.0171875 0.02380952
0 0.525 0.00724637 0.0109375 0.01449275