0 0.3109375 0.97774327 0.0171875 0.02380952
0 0.61601562 0.96739130 0.01171875 0.01138716
0 0.35507812 0.91200828 0.00859375 0.01035196
0 0.46328125 0.91045548 0.0109375 0.01759834
0 0.49765625 0.90631469 0.0171875 0.02380952
0 0.31328125 0.90527950 0.01875 0.02380952
0 0.47109375 0.88871635 0.0171875 0.02380952
0 0.60039062 0.87318840 0.01171875 0.01552795
0 0.53320312 0.87163561 0.01171875 0.01656314
0 0.57421875 0.86024844 0.0234375 0.02277432
0 0.50898437 0.82556935 0.01484375 0.01345755
0 0.6015625 0.81366459 0.009375 0.01242236
0 0.40703125 0.81262939 0.009375 0.01449275
0 0.63554687 0.80693581 0.00859375 0.02587991
0 0.55703125 0.79606625 0.0109375 0.02277432
0 0.52421875 0.79658385 0.0171875 0.02380952
0 0.58046875 0.78674948 0.015625 0.01656314
0 0.4421875 0.77846790 0.0140625 0.01242236
0 0.34648437 0.77018633 0.00859375 0.01242236
0 0.40546875 0.76656314 0.0125 0.01552795
0 0.57382812 0.75414078 0.01171875 0.01552795
0 0.63320312 0.75 0.00859375 0.01138716
0 0.40351562 0.73913043 0.02109375 0.01656314
0 0.61914062 0.69927536 0.01171875 0.01345755
0 0.57695312 0.70186335 0.01640625 0.02070393
0 0.42695312 0.68374741 0.01171875 0.01759834
0 0.5609375 0.67753623 0.0203125 0.02380952
0 0.38789062 0.67650103 0.02265625 0.03002070
0 0.6578125 0.66200828 0.0109375 0.01759834
0 0.57070312 0.64026915 0.01171875 0.01345755
0 0.4625 0.63664596 0.009375 0.01656314
0 0.64375 0.62474120 0.0171875 0.01345755
0 0.66328125 0.61180124 0.009375 0.01449275
0 0.34726562 0.61490683 0.01953125 0.02277432
0 0.39570312 0.59057971 0.00859375 0.01345755
0 0.63828125 0.57712215 0.0109375 0.01345755
0 0.33046875 0.55538302 0.0109375 0.01759834
0 0.66835937 0.54865424 0.00859375 0.01242236
0 0.45507812 0.54865424 0.00859375 0.01449275
0 0.62734375 0.54606625 0.0109375 0.01138716
0 0.50625 0.54399585 0.0109375 0.01138716
0 0.6015625 0.52898550 0.009375 0.01449275
0 0.4390625 0.52639751 0.0171875 0.02380952
0 0.63398437 0.52122153 0.01015625 0.01552795
0 0.6484375 0.50051759 0.0171875 0.02380952
0 0.58046875 0.49896480 0.0140625 0.02277432
0 0.33828125 0.49430641 0.0140625 0.01759834
0 0.459375 0.49120082 0.0078125 0.01345755
0 0.3703125 0.49016563 0.0125 0.01345755
0 0.53789062 0.49068322 0.01796875 0.01863354
0 0.39648437 0.48136645 0.01171875 0.01449275
0 0.46796875 0.47101449 0.0125 0.01863354
0 0.6 0.46221532 0.0171875 0.02380952
0 0.3515625 0.45859213 0.0125 0.01656314
0 0.484375 0.41459627 0.0109375 0.01552795
0 0.5 0.39233954 0.0125 0.01449275
0 0.3296875 0.39182194 0.009375 0.01552795
0 0.57851562 0.40269151 0.02734375 0.04140786
0 0.51875 0.36904761 0.0171875 0.02380952
0 0.4828125 0.35196687 0.015625 0.02070393
0 0.49414062 0.32505175 0.01015625 0.01242236
0 0.4046875 0.31418219 0.0171875 0.02380952
0 0.43320312 0.30072463 0.01015625 0.01345755
0 0.59375 0.30072463 0.0171875 0.02380952
0 0.55078125 0.28726708 0.0109375 0.01759834
0 0.43046875 0.27225672 0.0125 0.01242236
0 0.409375 0.26190476 0.0125 0.01656314
0 0.615625 0.25155279 0.0140625 0.01656314
0 0.39414062 0.23809523 0.01171875 0.01656314
0 0.34140625 0.24378881 0.0078125 0.02795031
0 0.38515625 0.21428571 0.0078125 0.00828157
0 0.54765625 0.21790890 0.0171875 0.02380952
0 0.57890625 0.20859213 0.0125 0.01759834
0 0.4859375 0.17339544 0.0171875 0.02380952
0 0.46679687 0.16821946 0.01171875 0.01552795
0 0.42695312 0.15527950 0.02109375 0.01449275
0 0.59765625 0.13923395 0.009375 0.01552795
0 0.625 0.13043478 0.0125 0.01863354
0 0.59375 0.11438923 0.0109375 0.01552795
0 0.58085937 0.10817805 0.01328125 0.01345755
0 0.6125 0.09782608 0.0109375 0.00931677
0 0.40820312 0.09886128 0.01796875 0.01345755
0 0.59453125 0.08799171 0.0078125 0.01242236
0 0.63867187 0.08436853 0.01328125 0.01966873
0 0.58398437 0.07505175 0.01171875 0.01552795
0 0.3765625 0.06211180 0.0125 0.01656314
0 0.36171875 0.06004140 0.009375 0.01242236
0 0.62460937 0.04296066 0.01484375 0.01966873
0 0.63476562 0.01242236 0.01484375 0.02277432