0 0.62773437 0.88612836 0.01640625 0.02070393
0 0.6546875 0.88302277 0.0203125 0.02277432
0 0.490625 0.88612836 0.0328125 0.03312629
0 0.56210937 0.88302277 0.02734375 0.03105590
0 0.35664062 0.82194616 0.01328125 0.02277432
0 0.59492187 0.81987577 0.01640625 0.02484472
0 0.42617187 0.74275362 0.01640625 0.02587991
0 0.60742187 0.71687370 0.01640625 0.02380952
0 0.59765625 0.69409937 0.0125 0.01552795
0 0.60703125 0.65372670 0.01875 0.01759834
0 0.55742187 0.65269151 0.01171875 0.02173913
0 0.64570312 0.64803312 0.01953125 0.02691511
0 0.57773437 0.52898550 0.02421875 0.01449275
0 0.64335937 0.52950310 0.01171875 0.03209109
0 0.38789062 0.53416149 0.02890625 0.04761904
0 0.3515625 0.51915113 0.01875 0.02380952
0 0.43164062 0.45859213 0.01640625 0.02070393
0 0.45742187 0.42443064 0.01640625 0.03105590
0 0.59960937 0.38923395 0.02109375 0.02691511
0 0.40820312 0.36024844 0.02421875 0.02277432