0 0.396875 0.85196687 0.0125 0.01449275
0 0.48671875 0.83385093 0.015625 0.00931677
0 0.61992187 0.72826086 0.02265625 0.01966873
0 0.35742187 0.63509316 0.01640625 0.02587991
0 0.49414062 0.60817805 0.02578125 0.03209109
0 0.47109375 0.59368530 0.0203125 0.03209109
0 0.60234375 0.57919254 0.0109375 0.01552795
0 0.42734375 0.56211180 0.0171875 0.01863354
0 0.4953125 0.55693581 0.0125 0.01863354
0 0.32773437 0.54399585 0.01328125 0.01966873
0 0.59765625 0.49327122 0.0140625 0.01759834
0 0.35 0.47877846 0.01875 0.02587991
0 0.39414062 0.43271221 0.00546875 0.02070393
0 0.67929687 0.41200828 0.01796875 0.02070393
0 0.62617187 0.40993788 0.01796875 0.02277432
0 0.640625 0.39544513 0.0109375 0.01449275
0 0.46640625 0.38405797 0.0125 0.02070393
0 0.340625 0.31625258 0.0140625 0.01552795
0 0.56640625 0.31314699 0.0140625 0.01966873
0 0.46210937 0.29140786 0.01484375 0.02173913
0 0.64726562 0.20289855 0.01484375 0.02277432
0 0.48828125 0.19202898 0.0109375 0.01759834
0 0.51757812 0.16718426 0.01640625 0.02173913
0 0.37304687 0.16666666 0.02265625 0.02691511
0 0.34960937 0.10559006 0.02109375 0.02070393
0 0.375 0.10714285 0.01875 0.02587991
0 0.390625 0.08229813 0.0140625 0.01966873