0 0.296875 0.96739130 0.0171875 0.02380952
0 0.39765625 0.96169772 0.0125 0.01863354
0 0.55078125 0.90993788 0.0078125 0.02277432
0 0.42851562 0.90269151 0.01484375 0.01035196
0 0.63476562 0.90269151 0.00703125 0.02070393
0 0.5078125 0.88975155 0.009375 0.01138716
0 0.6640625 0.88043478 0.009375 0.02380952
0 0.43554687 0.84730848 0.01171875 0.01552795
0 0.43515625 0.82971014 0.0125 0.01552795
0 0.45664062 0.81935817 0.00859375 0.01345755
0 0.56171875 0.81884057 0.0078125 0.01863354
0 0.41484375 0.81521739 0.0171875 0.01759834
0 0.33359375 0.81055900 0.021875 0.02070393
0 0.34804687 0.79968944 0.00859375 0.01138716
0 0.61796875 0.79192546 0.0078125 0.01449275
0 0.43554687 0.78416149 0.01171875 0.01552795
0 0.32421875 0.77795031 0.0171875 0.02380952
0 0.38476562 0.77018633 0.01171875 0.01242236
0 0.41132812 0.74948240 0.01328125 0.01242236
0 0.61835937 0.73136645 0.01171875 0.01345755
0 0.48046875 0.73654244 0.015625 0.02795031
0 0.55976562 0.71532091 0.01328125 0.01449275
0 0.52734375 0.71739130 0.0140625 0.01863354
0 0.528125 0.68892339 0.0125 0.01759834
0 0.67226562 0.68374741 0.01484375 0.01138716
0 0.46679687 0.68012422 0.01328125 0.01656314
0 0.5046875 0.67857142 0.0171875 0.02380952
0 0.55039062 0.67339544 0.01015625 0.01552795
0 0.303125 0.66666666 0.0171875 0.01035196
0 0.36054687 0.66873706 0.01171875 0.01656314
0 0.41445312 0.66252587 0.00703125 0.00828157
0 0.48632812 0.66511387 0.01328125 0.01966873
0 0.64257812 0.66097308 0.01171875 0.01759834
0 0.43710937 0.65993788 0.01171875 0.01552795
0 0.64960937 0.61801242 0.01171875 0.01449275
0 0.42617187 0.61076604 0.01015625 0.01242236
0 0.50898437 0.59730848 0.00703125 0.01242236
0 0.36484375 0.60196687 0.0078125 0.02587991
0 0.59648437 0.55383022 0.01171875 0.01449275
0 0.38710937 0.54968944 0.01015625 0.01242236
0 0.45546875 0.54451345 0.0125 0.01656314
0 0.57382812 0.53467908 0.01640625 0.02795031
0 0.37851562 0.52743271 0.01171875 0.01345755
0 0.68710937 0.51811594 0.01015625 0.01345755
0 0.29609375 0.49223602 0.009375 0.01759834
0 0.60039062 0.48654244 0.02890625 0.04761904
0 0.53554687 0.47153209 0.01171875 0.01759834
0 0.4375 0.47204968 0.015625 0.01863354
0 0.67304687 0.46894409 0.00859375 0.01656314
0 0.36640625 0.46635610 0.0140625 0.01759834
0 0.33398437 0.46221532 0.01015625 0.01345755
0 0.55546875 0.45859213 0.0109375 0.01242236
0 0.64492187 0.45652173 0.01015625 0.01656314
0 0.425 0.45031055 0.009375 0.01863354
0 0.68242187 0.44927536 0.01171875 0.01863354
0 0.42617187 0.43012422 0.01171875 0.01138716
0 0.40195312 0.42753623 0.01171875 0.01656314
0 0.3046875 0.42132505 0.0109375 0.01449275
0 0.621875 0.41200828 0.009375 0.01449275
0 0.59375 0.40683229 0.0109375 0.01242236
0 0.303125 0.39699792 0.015625 0.01552795
0 0.4734375 0.38819875 0.0171875 0.01035196
0 0.64179687 0.35817805 0.01328125 0.01656314
0 0.53359375 0.34420289 0.0234375 0.02587991
0 0.34882812 0.33281573 0.01171875 0.01552795
0 0.46875 0.33126293 0.0171875 0.01656314
0 0.39609375 0.33799171 0.0203125 0.03209109
0 0.59492187 0.28053830 0.01484375 0.01242236
0 0.41640625 0.27070393 0.0078125 0.01138716
0 0.4 0.27484472 0.0171875 0.02380952
0 0.45742187 0.26449275 0.01328125 0.01345755
0 0.6328125 0.26345755 0.0171875 0.02380952
0 0.51953125 0.25621118 0.009375 0.01552795
0 0.50117187 0.23033126 0.04140625 0.03209109
0 0.440625 0.22515527 0.028125 0.03416149
0 0.58125 0.21325051 0.0125 0.01863354
0 0.51757812 0.18892339 0.01015625 0.01345755
0 0.38867187 0.18995859 0.00703125 0.01759834
0 0.5375 0.18322981 0.009375 0.01035196
0 0.3765625 0.16770186 0.0109375 0.01656314
0 0.43125 0.16614906 0.0109375 0.01552795
0 0.47265625 0.13509316 0.0171875 0.02380952
0 0.3453125 0.11853002 0.009375 0.01552795
0 0.46367187 0.09886128 0.01328125 0.01345755
0 0.38242187 0.09523809 0.01171875 0.01242236
0 0.33125 0.08126293 0.009375 0.01138716
0 0.63632812 0.05020703 0.00703125 0.01552795
0 0.68203125 0.03985507 0.0125 0.01552795
0 0.42734375 0.01449275 0.0171875 0.01242236