0 0.47226562 0.99223602 0.01015625 0.01552795
0 0.57070312 0.98964803 0.01015625 0.02070393
0 0.66835937 0.95652173 0.00859375 0.01863354
0 0.57617187 0.93219461 0.02109375 0.01345755
0 0.67148437 0.93064182 0.01171875 0.01449275
0 0.62265625 0.91977225 0.0171875 0.02380952
0 0.3109375 0.91252587 0.015625 0.01966873
0 0.46953125 0.89285714 0.0234375 0.02380952
0 0.50507812 0.88561076 0.00859375 0.01552795
0 0.57929687 0.86956521 0.00703125 0.01656314
0 0.6125 0.86749482 0.0140625 0.01656314
0 0.34609375 0.86335403 0.0171875 0.02277432
0 0.6390625 0.84730848 0.0109375 0.01759834
0 0.30273437 0.84679089 0.01640625 0.01656314
0 0.5109375 0.84730848 0.015625 0.02380952
0 0.32070312 0.83954451 0.00859375 0.01035196
0 0.63789062 0.82246376 0.00859375 0.01138716
0 0.43945312 0.81366459 0.01328125 0.01656314
0 0.5140625 0.81211180 0.0171875 0.02380952
0 0.45507812 0.80900621 0.01328125 0.01759834
0 0.63945312 0.80383022 0.00859375 0.01552795
0 0.61992187 0.78209109 0.01015625 0.01138716
0 0.38945312 0.78157349 0.01328125 0.01656314
0 0.67578125 0.74844720 0.0125 0.01449275
0 0.52773437 0.75103519 0.01328125 0.02380952
0 0.3734375 0.74637681 0.009375 0.01449275
0 0.30351562 0.73550724 0.01015625 0.01345755
0 0.3546875 0.72929606 0.0125 0.01552795
0 0.32617187 0.72515527 0.00703125 0.00931677
0 0.59609375 0.72826086 0.0171875 0.02380952
0 0.4671875 0.71066252 0.0125 0.01552795
0 0.62773437 0.69772256 0.00859375 0.01449275
0 0.55546875 0.68322981 0.0078125 0.01242236
0 0.40078125 0.68478260 0.0125 0.01552795
0 0.56328125 0.66873706 0.0078125 0.01242236
0 0.64492187 0.65165631 0.01171875 0.01345755
0 0.48320312 0.64648033 0.01015625 0.01345755
0 0.39140625 0.64337474 0.0203125 0.02587991
0 0.58632812 0.62318840 0.01484375 0.01656314
0 0.61992187 0.59679089 0.01640625 0.01552795
0 0.29257812 0.59006211 0.00859375 0.01656314
0 0.36132812 0.57712215 0.01484375 0.01759834
0 0.62773437 0.57246376 0.01796875 0.01449275
0 0.4203125 0.55590062 0.0140625 0.01656314
0 0.67226562 0.55434782 0.01171875 0.01759834
0 0.64492187 0.54968944 0.01015625 0.02484472
0 0.30273437 0.54192546 0.00703125 0.01345755
0 0.6 0.53985507 0.015625 0.04037267
0 0.33671875 0.51656314 0.009375 0.01242236
0 0.42109375 0.51086956 0.0109375 0.01552795
0 0.51835937 0.50983436 0.01171875 0.01759834
0 0.66523437 0.5 0.01015625 0.01863354
0 0.634375 0.5 0.0140625 0.02070393
0 0.37734375 0.48240165 0.009375 0.01242236
0 0.65273437 0.47567287 0.01484375 0.01759834
0 0.50195312 0.47515527 0.01796875 0.01863354
0 0.43984375 0.45755693 0.0125 0.01242236
0 0.31289062 0.45755693 0.00859375 0.01449275
0 0.64140625 0.45031055 0.0078125 0.01242236
0 0.45234375 0.44565217 0.0109375 0.01345755
0 0.6453125 0.43374741 0.0140625 0.01863354
0 0.39609375 0.43426501 0.0171875 0.02380952
0 0.31015625 0.43167701 0.0140625 0.02277432
0 0.42109375 0.42132505 0.0109375 0.01449275
0 0.4125 0.39648033 0.0078125 0.01449275
0 0.54179687 0.38612836 0.01015625 0.01449275
0 0.65273437 0.37318840 0.00859375 0.01138716
0 0.45390625 0.32660455 0.0078125 0.01552795
0 0.51757812 0.31832298 0.01328125 0.01759834
0 0.34882812 0.30331262 0.01171875 0.02070393
0 0.63789062 0.29865424 0.02109375 0.01759834
0 0.62382812 0.28312629 0.00703125 0.01138716
0 0.37929687 0.28105590 0.01328125 0.01759834
0 0.59335937 0.27639751 0.02578125 0.01863354
0 0.53359375 0.27691511 0.0171875 0.02380952
0 0.51367187 0.24534161 0.01328125 0.02277432
0 0.59648437 0.22204968 0.01953125 0.03623188
0 0.375 0.18219461 0.015625 0.01242236
0 0.43242187 0.17236024 0.01484375 0.03209109
0 0.384375 0.16304347 0.015625 0.01966873
0 0.57382812 0.11180124 0.01015625 0.01656314
0 0.6078125 0.09420289 0.009375 0.01242236
0 0.4109375 0.09782608 0.0109375 0.02173913
0 0.63320312 0.08850931 0.01171875 0.01552795
0 0.61757812 0.08799171 0.01015625 0.01656314
0 0.47421875 0.08850931 0.0171875 0.02380952
0 0.42070312 0.06987577 0.01015625 0.01345755
0 0.4765625 0.06625258 0.009375 0.01656314
0 0.6328125 0.01501035 0.0078125 0.02380952