0 0.31953125 0.87784679 0.01875 0.02070393
0 0.40742187 0.87370600 0.02265625 0.01449275
0 0.6734375 0.82556935 0.0171875 0.03002070
0 0.47539062 0.80072463 0.01640625 0.01966873
0 0.37539062 0.76966873 0.01640625 0.01552795
0 0.5859375 0.76449275 0.021875 0.03830227
0 0.63867187 0.71635610 0.02421875 0.02484472
0 0.58789062 0.68012422 0.01171875 0.02070393
0 0.64453125 0.66718426 0.01875 0.02173913
0 0.56132812 0.52950310 0.02109375 0.02380952
0 0.4953125 0.50672877 0.0140625 0.02173913
0 0.52109375 0.47412008 0.040625 0.02691511
0 0.4578125 0.43788819 0.0171875 0.01449275
0 0.38046875 0.38095238 0.0171875 0.02070393
0 0.45664062 0.37474120 0.01328125 0.02277432
0 0.65078125 0.40062111 0.0328125 0.07867494
0 0.47617187 0.32763975 0.01328125 0.01552795
0 0.53359375 0.30538302 0.028125 0.04347826
0 0.63242187 0.28053830 0.01484375 0.02277432
0 0.4390625 0.15631469 0.028125 0.02691511