0 0.63515625 0.99171842 0.0265625 0.01656314
0 0.6015625 0.94565217 0.0203125 0.02587991
0 0.36445312 0.91097308 0.01328125 0.02070393
0 0.59296875 0.91149068 0.015625 0.02587991
0 0.40625 0.87836438 0.0109375 0.01345755
0 0.54609375 0.88819875 0.0171875 0.04347826
0 0.37304687 0.86490683 0.01015625 0.01345755
0 0.47851562 0.85973084 0.01015625 0.01345755
0 0.44179687 0.85403726 0.02109375 0.02898550
0 0.31679687 0.83902691 0.01328125 0.01759834
0 0.52539062 0.83074534 0.00859375 0.01552795
0 0.6640625 0.83385093 0.0171875 0.02380952
0 0.4703125 0.83074534 0.0140625 0.01966873
0 0.31757812 0.81573498 0.01015625 0.01242236
0 0.44921875 0.81677018 0.0109375 0.01863354
0 0.58164062 0.80641821 0.01171875 0.01242236
0 0.46914062 0.79296066 0.01640625 0.01656314
0 0.31992187 0.78985507 0.01015625 0.02277432
0 0.64257812 0.78416149 0.01015625 0.01552795
0 0.35742187 0.77639751 0.01171875 0.01242236
0 0.57578125 0.75310559 0.0140625 0.01759834
0 0.36445312 0.72774327 0.01640625 0.01035196
0 0.671875 0.71790890 0.0125 0.01552795
0 0.56289062 0.71635610 0.01171875 0.01863354
0 0.346875 0.71894409 0.0171875 0.02380952
0 0.61953125 0.70496894 0.025 0.03105590
0 0.35390625 0.68737060 0.0125 0.01449275
0 0.65742187 0.67908902 0.00703125 0.02070393
0 0.2953125 0.67028985 0.0140625 0.03002070
0 0.65078125 0.65476190 0.0171875 0.02380952
0 0.6203125 0.65734989 0.0203125 0.03312629
0 0.41445312 0.63768115 0.01328125 0.01656314
0 0.68125 0.63509316 0.0125 0.01345755
0 0.49726562 0.61801242 0.01328125 0.02277432
0 0.46796875 0.59730848 0.0109375 0.01449275
0 0.3078125 0.57919254 0.0171875 0.02380952
0 0.47929687 0.56884057 0.01015625 0.01138716
0 0.5 0.55383022 0.028125 0.03105590
0 0.58710937 0.52691511 0.01015625 0.01035196
0 0.565625 0.52018633 0.0171875 0.02380952
0 0.6796875 0.51449275 0.0078125 0.02691511
0 0.45078125 0.50879917 0.0171875 0.02380952
0 0.36914062 0.50051759 0.00703125 0.01966873
0 0.51914062 0.48084886 0.01953125 0.02795031
0 0.49960937 0.46790890 0.00859375 0.01242236
0 0.41601562 0.46376811 0.01015625 0.01449275
0 0.29609375 0.45807453 0.009375 0.01966873
0 0.34804687 0.41873706 0.00859375 0.01345755
0 0.68164062 0.40424430 0.01015625 0.02587991
0 0.50859375 0.38975155 0.009375 0.01759834
0 0.47539062 0.38716356 0.00859375 0.01242236
0 0.65703125 0.38716356 0.009375 0.01656314
0 0.63164062 0.38509316 0.02109375 0.02691511
0 0.53203125 0.35766045 0.0125 0.01552795
0 0.37578125 0.35196687 0.0125 0.01449275
0 0.42929687 0.37163561 0.04453125 0.06625258
0 0.41054687 0.32971014 0.01015625 0.01966873
0 0.4921875 0.31677018 0.0109375 0.01449275
0 0.33398437 0.31935817 0.01328125 0.02173913
0 0.3921875 0.31055900 0.0125 0.01656314
0 0.52148437 0.29089026 0.00859375 0.01242236
0 0.50703125 0.27691511 0.009375 0.01345755
0 0.640625 0.27432712 0.0109375 0.01656314
0 0.47109375 0.26501035 0.009375 0.02277432
0 0.43046875 0.25 0.009375 0.01138716
0 0.49296875 0.23291925 0.0109375 0.01242236
0 0.47929687 0.23343685 0.01484375 0.01966873
0 0.60585937 0.21894409 0.00703125 0.00931677
0 0.428125 0.19720496 0.009375 0.01345755
0 0.5265625 0.19409937 0.0109375 0.01138716
0 0.37695312 0.18478260 0.01484375 0.01966873
0 0.46875 0.12888198 0.009375 0.01345755
0 0.51445312 0.10610766 0.02265625 0.02795031
0 0.64101562 0.09109730 0.00859375 0.02277432
0 0.41015625 0.07763975 0.009375 0.01035196
0 0.50117187 0.06884057 0.01640625 0.00931677
0 0.4828125 0.02846790 0.0078125 0.02173913
0 0.45820312 0.00983436 0.01015625 0.01345755