0 0.41914062 0.91718426 0.02109375 0.02484472
0 0.684375 0.81366459 0.0125 0.01863354
0 0.29960937 0.79451345 0.01953125 0.02380952
0 0.39882812 0.57556935 0.01171875 0.02277432
0 0.565625 0.50414078 0.01875 0.01656314
0 0.34140625 0.49327122 0.015625 0.02587991
0 0.3109375 0.46428571 0.0203125 0.02587991
0 0.35742187 0.45082815 0.01015625 0.02380952
0 0.475 0.37991718 0.009375 0.01242236
0 0.5578125 0.31935817 0.0171875 0.01759834
0 0.40976562 0.24585921 0.01796875 0.01759834
0 0.34882812 0.14855072 0.02421875 0.03002070