0 0.59101562 0.98291925 0.01953125 0.02587991
0 0.36210937 0.97308488 0.01953125 0.01242236
0 0.45820312 0.97256728 0.01328125 0.01966873
0 0.4140625 0.95341614 0.0140625 0.01449275
0 0.3078125 0.95445134 0.0125 0.01656314
0 0.34921875 0.91977225 0.0171875 0.02380952
0 0.30351562 0.90217391 0.01171875 0.01966873
0 0.63203125 0.90217391 0.0171875 0.02380952
0 0.3890625 0.89544513 0.0140625 0.01035196
0 0.609375 0.89596273 0.0140625 0.01552795
0 0.559375 0.89492753 0.0109375 0.01345755
0 0.46289062 0.89337474 0.01171875 0.01449275
0 0.6796875 0.88612836 0.0078125 0.01863354
0 0.60585937 0.87577639 0.00859375 0.01242236
0 0.66445312 0.87111801 0.00859375 0.01138716
0 0.5796875 0.86853002 0.025 0.03105590
0 0.37851562 0.85869565 0.01328125 0.01552795
0 0.58867187 0.82608695 0.01015625 0.02070393
0 0.35546875 0.80848861 0.0125 0.01449275
0 0.46953125 0.80331262 0.0109375 0.01449275
0 0.34648437 0.77070393 0.01015625 0.01552795
0 0.3875 0.75879917 0.0125 0.01242236
0 0.68203125 0.73964803 0.009375 0.01966873
0 0.64921875 0.73033126 0.0078125 0.01759834
0 0.42539062 0.71066252 0.01171875 0.01552795
0 0.61835937 0.70393374 0.01484375 0.01656314
0 0.58710937 0.70600414 0.01328125 0.02484472
0 0.6484375 0.70393374 0.025 0.02898550
0 0.52421875 0.69616977 0.0171875 0.01966873
0 0.34335937 0.68892339 0.01484375 0.02587991
0 0.40976562 0.66563146 0.01171875 0.01449275
0 0.48554687 0.65631469 0.01171875 0.01035196
0 0.33398437 0.65579710 0.01171875 0.01345755
0 0.64726562 0.66097308 0.02421875 0.02587991
0 0.38632812 0.65113871 0.01171875 0.01449275
0 0.4703125 0.64648033 0.0203125 0.02795031
0 0.45742187 0.62888198 0.01796875 0.00931677
0 0.36875 0.62060041 0.0078125 0.01759834
0 0.58046875 0.59886128 0.021875 0.01552795
0 0.48203125 0.60559006 0.0125 0.02898550
0 0.51757812 0.60196687 0.01328125 0.03830227
0 0.68632812 0.58540372 0.01171875 0.01759834
0 0.55429687 0.57971014 0.01171875 0.01035196
0 0.44960937 0.57349896 0.01015625 0.02484472
0 0.30273437 0.56469979 0.01171875 0.01552795
0 0.46835937 0.55175983 0.01953125 0.02277432
0 0.63203125 0.49534161 0.0171875 0.02380952
0 0.46953125 0.48706004 0.0171875 0.02380952
0 0.56992187 0.48757763 0.00859375 0.03312629
0 0.31132812 0.47412008 0.01171875 0.01656314
0 0.4046875 0.47567287 0.0078125 0.02173913
0 0.66953125 0.46066252 0.025 0.02277432
0 0.565625 0.44979296 0.0171875 0.02380952
0 0.5390625 0.43737060 0.0078125 0.00931677
0 0.59765625 0.41459627 0.0171875 0.02380952
0 0.378125 0.42080745 0.0109375 0.04244306
0 0.40585937 0.40320910 0.01015625 0.01138716
0 0.50234375 0.39906832 0.0078125 0.01345755
0 0.38203125 0.39130434 0.0109375 0.01449275
0 0.434375 0.37629399 0.0140625 0.01138716
0 0.41445312 0.34989648 0.01328125 0.01863354
0 0.3734375 0.34420289 0.0140625 0.01552795
0 0.58359375 0.33178053 0.0125 0.01345755
0 0.3953125 0.33281573 0.0171875 0.02380952
0 0.61640625 0.32298136 0.0234375 0.01242236
0 0.56679687 0.31573498 0.01015625 0.01656314
0 0.4953125 0.30434782 0.0125 0.01449275
0 0.3484375 0.29968944 0.0109375 0.01552795
0 0.33203125 0.28209109 0.0125 0.01552795
0 0.45703125 0.27846790 0.0109375 0.01863354
0 0.52539062 0.26863354 0.01171875 0.01552795
0 0.35859375 0.26086956 0.0109375 0.01449275
0 0.584375 0.24585921 0.015625 0.01345755
0 0.41953125 0.23188405 0.0140625 0.01863354
0 0.40507812 0.22256728 0.01171875 0.01449275
0 0.59453125 0.21687370 0.0109375 0.01345755
0 0.40117187 0.16407867 0.00859375 0.01138716
0 0.34453125 0.15683229 0.0125 0.01552795
0 0.434375 0.16045548 0.0078125 0.03519668
0 0.5640625 0.13819875 0.0171875 0.02380952
0 0.46054687 0.10921325 0.01171875 0.01759834
0 0.5953125 0.09420289 0.0140625 0.01242236
0 0.42929687 0.09265010 0.01171875 0.01552795
0 0.3984375 0.08902691 0.015625 0.01863354
0 0.57539062 0.08074534 0.01640625 0.01863354
0 0.35546875 0.06469979 0.0171875 0.02380952
0 0.51796875 0.05020703 0.0125 0.02380952