0 0.39570312 0.98809523 0.01484375 0.01966873
0 0.66484375 0.94875776 0.009375 0.02380952
0 0.42773437 0.93685300 0.01640625 0.01863354
0 0.6828125 0.92080745 0.0140625 0.02173913
0 0.52539062 0.90890269 0.01171875 0.01656314
0 0.42421875 0.90320910 0.0109375 0.00931677
0 0.64960937 0.90217391 0.01015625 0.01138716
0 0.57578125 0.90683229 0.0125 0.02484472
0 0.46992187 0.89130434 0.00859375 0.01035196
0 0.653125 0.88095238 0.009375 0.01242236
0 0.43203125 0.88457556 0.0171875 0.02380952
0 0.66796875 0.85921325 0.0125 0.02070393
0 0.36640625 0.84420289 0.015625 0.01138716
0 0.603125 0.83799171 0.0171875 0.02380952
0 0.52109375 0.83385093 0.0125 0.01552795
0 0.56601562 0.82349896 0.01171875 0.01552795
0 0.30039062 0.80848861 0.00859375 0.01656314
0 0.4734375 0.80175983 0.009375 0.01345755
0 0.57929687 0.79710144 0.01328125 0.01656314
0 0.37421875 0.79347826 0.0125 0.01345755
0 0.61875 0.78157349 0.0125 0.01656314
0 0.44492187 0.77380952 0.01015625 0.02173913
0 0.52382812 0.76966873 0.01171875 0.01552795
0 0.35273437 0.76449275 0.01484375 0.01345755
0 0.6828125 0.74896480 0.015625 0.01552795
0 0.37734375 0.73757763 0.0125 0.01345755
0 0.45742187 0.73447204 0.00703125 0.01966873
0 0.57578125 0.73395445 0.0125 0.02070393
0 0.32460937 0.72204968 0.01171875 0.01345755
0 0.63554687 0.70962732 0.01328125 0.02173913
0 0.50976562 0.69565217 0.02265625 0.01863354
0 0.58515625 0.68271221 0.0140625 0.00931677
0 0.44257812 0.67857142 0.01953125 0.01759834
0 0.35898437 0.67960662 0.01484375 0.02173913
0 0.3265625 0.67287784 0.009375 0.01242236
0 0.68632812 0.66821946 0.01015625 0.01345755
0 0.51015625 0.65890269 0.0109375 0.00931677
0 0.6625 0.65527950 0.0109375 0.01449275
0 0.32265625 0.63664596 0.0140625 0.02898550
0 0.38242187 0.62525879 0.01171875 0.01449275
0 0.4171875 0.61801242 0.0171875 0.01449275
0 0.5171875 0.61128364 0.0140625 0.02380952
0 0.4125 0.59886128 0.0296875 0.02173913
0 0.4390625 0.55797101 0.021875 0.01242236
0 0.559375 0.55383022 0.0125 0.01449275
0 0.5 0.55331262 0.01875 0.01966873
0 0.46015625 0.54606625 0.0203125 0.00931677
0 0.60039062 0.52122153 0.01328125 0.01552795
0 0.5828125 0.52432712 0.0140625 0.04244306
0 0.44335937 0.50517598 0.01171875 0.01035196
0 0.4171875 0.50310559 0.0125 0.01242236
0 0.54765625 0.49637681 0.015625 0.02795031
0 0.47148437 0.48498964 0.01171875 0.01552795
0 0.51523437 0.46066252 0.01484375 0.01449275
0 0.2953125 0.46118012 0.0140625 0.01759834
0 0.4390625 0.46221532 0.0171875 0.02380952
0 0.46367187 0.45082815 0.01171875 0.01345755
0 0.39570312 0.45393374 0.01171875 0.01966873
0 0.309375 0.45031055 0.009375 0.01449275
0 0.40507812 0.43633540 0.01328125 0.01345755
0 0.43476562 0.43012422 0.01171875 0.01552795
0 0.48125 0.42080745 0.0109375 0.01552795
0 0.46054687 0.41407867 0.01015625 0.01242236
0 0.66367187 0.40942028 0.01171875 0.01552795
0 0.42382812 0.38819875 0.01171875 0.01656314
0 0.33984375 0.38768115 0.0125 0.02173913
0 0.60429687 0.38354037 0.00859375 0.01552795
0 0.63515625 0.38146997 0.0171875 0.02380952
0 0.35273437 0.35351966 0.01484375 0.01966873
0 0.38398437 0.34730848 0.01171875 0.01552795
0 0.60703125 0.33850931 0.0171875 0.01863354
0 0.49023437 0.32763975 0.01328125 0.01759834
0 0.33789062 0.32401656 0.02421875 0.02070393
0 0.41640625 0.30124223 0.015625 0.01656314
0 0.4875 0.28726708 0.015625 0.02380952
0 0.39921875 0.25258799 0.0109375 0.01242236
0 0.5 0.21583850 0.0171875 0.02380952
0 0.40429687 0.18374741 0.01171875 0.01345755
0 0.60546875 0.13198757 0.0125 0.01552795
0 0.36484375 0.13354037 0.0125 0.02691511
0 0.5859375 0.11542443 0.0234375 0.02173913
0 0.47421875 0.11180124 0.0171875 0.02070393
0 0.47734375 0.09213250 0.0125 0.01656314
0 0.371875 0.08333333 0.0171875 0.01966873
0 0.57890625 0.07091097 0.0109375 0.01345755
0 0.5390625 0.07039337 0.0125 0.02070393
0 0.55703125 0.06935817 0.0078125 0.02691511
0 0.59726562 0.05797101 0.00859375 0.01035196
0 0.5234375 0.05279503 0.0109375 0.01449275
0 0.48398437 0.04244306 0.01640625 0.02277432
0 0.428125 0.01656314 0.009375 0.02484472