0 0.3125 0.93167701 0.01875 0.02898550
0 0.37421875 0.92236024 0.0078125 0.01449275
0 0.41796875 0.87888198 0.015625 0.01863354
0 0.6828125 0.84472049 0.0171875 0.02277432
0 0.53554687 0.83799171 0.01484375 0.02587991
0 0.3125 0.83488612 0.0140625 0.02587991
0 0.45976562 0.82039337 0.01640625 0.03416149
0 0.42148437 0.81469979 0.01796875 0.02691511
0 0.46445312 0.78933747 0.01484375 0.01966873
0 0.65390625 0.78416149 0.015625 0.01759834
0 0.596875 0.77070393 0.0125 0.01966873
0 0.3421875 0.74585921 0.0203125 0.03209109
0 0.30546875 0.69824016 0.0109375 0.02587991
0 0.66484375 0.64026915 0.009375 0.01552795
0 0.46054687 0.50310559 0.02109375 0.02484472
0 0.68515625 0.42339544 0.0140625 0.01035196
0 0.3109375 0.42339544 0.021875 0.02277432
0 0.59257812 0.27225672 0.02109375 0.02898550
0 0.46640625 0.25931677 0.0140625 0.02173913
0 0.45625 0.17598343 0.015625 0.01656314
0 0.49335937 0.14440993 0.01640625 0.02380952
0 0.62890625 0.12422360 0.015625 0.02484472
0 0.41875 0.11697722 0.0234375 0.02691511