0 0.49921875 0.87784679 0.015625 0.01656314
0 0.64765625 0.84420289 0.0171875 0.02587991
0 0.35703125 0.80641821 0.0203125 0.02484472
0 0.63828125 0.74223602 0.015625 0.02484472
0 0.36875 0.73861283 0.015625 0.02380952
0 0.62421875 0.71325051 0.015625 0.01863354
0 0.47695312 0.57867494 0.01953125 0.02691511
0 0.64023437 0.54244306 0.01328125 0.03312629
0 0.57773437 0.52898550 0.02421875 0.01449275
0 0.40429687 0.51449275 0.01484375 0.02484472
0 0.4953125 0.50672877 0.0140625 0.02173913
0 0.37304687 0.49482401 0.02109375 0.01656314
0 0.58164062 0.43892339 0.02578125 0.02691511
0 0.32617187 0.43840579 0.01484375 0.03002070
0 0.540625 0.37629399 0.021875 0.02173913
0 0.52773437 0.28519668 0.01640625 0.01552795
0 0.49257812 0.28623188 0.04609375 0.04451345