0 0.40390625 0.85610766 0.0203125 0.02691511
0 0.33359375 0.78571428 0.015625 0.04968944
0 0.62421875 0.71635610 0.015625 0.02484472
0 0.59765625 0.69409937 0.0125 0.01552795
0 0.64414062 0.69358178 0.01796875 0.02070393
0 0.53945312 0.34937888 0.01796875 0.03209109
0 0.51015625 0.30590062 0.0203125 0.01552795
0 0.49375 0.28519668 0.0125 0.01552795
0 0.47617187 0.28623188 0.01328125 0.01759834
0 0.45039062 0.24120082 0.01484375 0.02484472
0 0.52929687 0.22412008 0.01484375 0.02380952
0 0.57304687 0.12474120 0.01171875 0.02173913