0 0.51054687 0.97774327 0.00859375 0.01138716
0 0.59335937 0.96273291 0.01015625 0.01035196
0 0.59804687 0.93426501 0.00859375 0.01759834
0 0.65078125 0.92908902 0.0125 0.02587991
0 0.41015625 0.88250517 0.0171875 0.00931677
0 0.4703125 0.85248447 0.0078125 0.01345755
0 0.65820312 0.84730848 0.01484375 0.01552795
0 0.31835937 0.83281573 0.00859375 0.01345755
0 0.46171875 0.84057971 0.0171875 0.03726708
0 0.30195312 0.82763975 0.01171875 0.01966873
0 0.65390625 0.80486542 0.0109375 0.01345755
0 0.61796875 0.79606625 0.0125 0.02070393
0 0.50117187 0.79192546 0.01015625 0.02277432
0 0.625 0.77795031 0.009375 0.01345755
0 0.303125 0.77795031 0.0171875 0.02380952
0 0.653125 0.77691511 0.0140625 0.02587991
0 0.5296875 0.74896480 0.009375 0.01552795
0 0.54726562 0.74534161 0.01171875 0.01035196
0 0.42226562 0.74637681 0.01640625 0.02070393
0 0.60117187 0.72619047 0.01015625 0.01345755
0 0.471875 0.72204968 0.0078125 0.01759834
0 0.59609375 0.71221532 0.021875 0.01656314
0 0.328125 0.69720496 0.0234375 0.01966873
0 0.37578125 0.67701863 0.0125 0.02691511
0 0.4109375 0.66718426 0.0125 0.01345755
0 0.49257812 0.65942028 0.02265625 0.01863354
0 0.4578125 0.65269151 0.0109375 0.01552795
0 0.5484375 0.64958592 0.0125 0.01138716
0 0.4765625 0.64492753 0.0140625 0.01863354
0 0.64726562 0.62111801 0.01640625 0.01035196
0 0.615625 0.61542443 0.01875 0.04037267
0 0.52109375 0.60455486 0.0171875 0.02277432
0 0.31875 0.59213250 0.0109375 0.01656314
0 0.46054687 0.58747412 0.01640625 0.02380952
0 0.41914062 0.57349896 0.01328125 0.01863354
0 0.45585937 0.55848861 0.00859375 0.01138716
0 0.534375 0.52691511 0.0109375 0.01449275
0 0.38046875 0.52484472 0.0109375 0.01449275
0 0.40546875 0.52018633 0.0109375 0.01552795
0 0.59804687 0.52173913 0.01640625 0.02070393
0 0.46289062 0.51708074 0.00859375 0.01345755
0 0.41328125 0.50569358 0.0109375 0.01138716
0 0.29960937 0.52277432 0.02265625 0.04554865
0 0.678125 0.48757763 0.015625 0.01449275
0 0.63867187 0.48550724 0.02421875 0.01035196
0 0.59179687 0.47826086 0.00859375 0.01035196
0 0.57382812 0.47774327 0.01015625 0.01138716
0 0.5640625 0.46532091 0.009375 0.01138716
0 0.38828125 0.45134575 0.0125 0.01863354
0 0.6671875 0.43944099 0.0109375 0.01345755
0 0.33984375 0.42805383 0.0109375 0.01552795
0 0.40898437 0.42236024 0.01328125 0.01863354
0 0.35507812 0.42443064 0.00703125 0.02691511
0 0.53125 0.39233954 0.0109375 0.01242236
0 0.64648437 0.39285714 0.02421875 0.02173913
0 0.32929687 0.39130434 0.02734375 0.02691511
0 0.66679687 0.38664596 0.01015625 0.01966873
0 0.50898437 0.35507246 0.01171875 0.01449275
0 0.40078125 0.35869565 0.0078125 0.02587991
0 0.34179687 0.34006211 0.02890625 0.02795031
0 0.6109375 0.31935817 0.0234375 0.03002070
0 0.41875 0.30900621 0.0171875 0.02380952
0 0.33203125 0.30331262 0.0125 0.01863354
0 0.46796875 0.30072463 0.028125 0.03623188
0 0.5640625 0.27743271 0.015625 0.01863354
0 0.6296875 0.27587991 0.0171875 0.02380952
0 0.48554687 0.26863354 0.01171875 0.02380952
0 0.57929687 0.24016563 0.01328125 0.02484472
0 0.628125 0.21428571 0.0078125 0.02691511
0 0.52421875 0.20600414 0.0125 0.01035196
0 0.48867187 0.20807453 0.01015625 0.01656314
0 0.58359375 0.16200828 0.0171875 0.02380952
0 0.52578125 0.14130434 0.0171875 0.02380952
0 0.57695312 0.13457556 0.01015625 0.01242236
0 0.61640625 0.10714285 0.0125 0.01759834
0 0.50546875 0.10817805 0.0171875 0.02380952
0 0.64921875 0.09782608 0.0078125 0.01966873
0 0.609375 0.09057971 0.0140625 0.01966873
0 0.33320312 0.09057971 0.01328125 0.02380952
0 0.62773437 0.07919254 0.01015625 0.01552795
0 0.58632812 0.05590062 0.00703125 0.01035196
0 0.55234375 0.05227743 0.0171875 0.02380952
0 0.58554687 0.03105590 0.01796875 0.02277432
0 0.48515625 0.01345755 0.015625 0.02070393