0 0.371875 0.97412008 0.01875 0.02898550
0 0.68242187 0.97463768 0.01171875 0.03416149
0 0.6421875 0.93788819 0.0078125 0.01242236
0 0.33203125 0.92184265 0.015625 0.01759834
0 0.57890625 0.91977225 0.0171875 0.02380952
0 0.67539062 0.90890269 0.01171875 0.01449275
0 0.38867187 0.88612836 0.01015625 0.01449275
0 0.54101562 0.88768115 0.02109375 0.02380952
0 0.47851562 0.87318840 0.01015625 0.01759834
0 0.43476562 0.86904761 0.01015625 0.01345755
0 0.625 0.86697722 0.0109375 0.01552795
0 0.50273437 0.86024844 0.02734375 0.01035196
0 0.40664062 0.82712215 0.01015625 0.01242236
0 0.34765625 0.82763975 0.0125 0.02380952
0 0.57617187 0.81832298 0.01328125 0.01759834
0 0.44609375 0.81728778 0.0140625 0.01759834
0 0.48554687 0.81159420 0.01171875 0.01656314
0 0.67226562 0.80175983 0.01171875 0.01345755
0 0.49492187 0.77743271 0.01328125 0.01449275
0 0.5671875 0.77173913 0.0109375 0.01345755
0 0.63984375 0.76915113 0.0109375 0.01656314
0 0.32109375 0.75155279 0.0140625 0.01863354
0 0.63671875 0.74534161 0.009375 0.01863354
0 0.43984375 0.72774327 0.0125 0.02277432
0 0.5625 0.71842650 0.009375 0.01035196
0 0.3265625 0.69306418 0.0171875 0.02173913
0 0.61171875 0.70445134 0.0171875 0.04658385
0 0.49140625 0.68322981 0.0140625 0.01242236
0 0.4109375 0.65269151 0.0171875 0.02380952
0 0.6109375 0.65424430 0.025 0.03312629
0 0.35039062 0.63250517 0.01796875 0.01035196
0 0.66953125 0.62888198 0.0171875 0.02380952
0 0.59414062 0.62577639 0.01796875 0.02380952
0 0.421875 0.60351966 0.025 0.02070393
0 0.5765625 0.60041407 0.0125 0.01863354
0 0.61953125 0.57453416 0.0109375 0.02070393
0 0.43984375 0.56987577 0.015625 0.01966873
0 0.678125 0.56832298 0.01875 0.02898550
0 0.60273437 0.54451345 0.01328125 0.01242236
0 0.62773437 0.53726708 0.01171875 0.01449275
0 0.6859375 0.53157349 0.0171875 0.02380952
0 0.58789062 0.52536231 0.01171875 0.01345755
0 0.33632812 0.51397515 0.01015625 0.01138716
0 0.35390625 0.51138716 0.0125 0.01656314
0 0.59648437 0.49585921 0.01015625 0.01242236
0 0.37226562 0.49482401 0.01171875 0.01449275
0 0.34804687 0.49120082 0.00859375 0.01345755
0 0.43632812 0.49534161 0.02265625 0.02380952
0 0.47929687 0.48913043 0.00859375 0.01345755
0 0.30820312 0.48654244 0.01484375 0.01863354
0 0.57265625 0.47722567 0.0125 0.01656314
0 0.63476562 0.46532091 0.01015625 0.01345755
0 0.53476562 0.46583850 0.02421875 0.02277432
0 0.36171875 0.45652173 0.0109375 0.02070393
0 0.596875 0.45341614 0.0125 0.01656314
0 0.54179687 0.43012422 0.01484375 0.01552795
0 0.35390625 0.42080745 0.0125 0.01552795
0 0.30273437 0.40838509 0.01796875 0.01759834
0 0.509375 0.39803312 0.0171875 0.02380952
0 0.48242187 0.37163561 0.01015625 0.01242236
0 0.35 0.35921325 0.0109375 0.02070393
0 0.615625 0.35455486 0.0171875 0.02380952
0 0.5796875 0.34057971 0.009375 0.01449275
0 0.62617187 0.33333333 0.01015625 0.01242236
0 0.49609375 0.31055900 0.0078125 0.01242236
0 0.3328125 0.29140786 0.0140625 0.02380952
0 0.44101562 0.28157349 0.01328125 0.01656314
0 0.515625 0.28519668 0.0109375 0.02587991
0 0.47890625 0.27018633 0.0109375 0.01449275
0 0.40976562 0.27122153 0.01796875 0.01656314
0 0.36953125 0.26138716 0.0171875 0.02587991
0 0.45234375 0.24896480 0.009375 0.01138716
0 0.41679687 0.24896480 0.01171875 0.01345755
0 0.33828125 0.24378881 0.0109375 0.01759834
0 0.64648437 0.22929606 0.01015625 0.00931677
0 0.51914062 0.23033126 0.01015625 0.01552795
0 0.40234375 0.21273291 0.0171875 0.02380952
0 0.57578125 0.20652173 0.009375 0.01552795
0 0.53398437 0.19151138 0.01015625 0.01863354
0 0.63515625 0.16925465 0.009375 0.01345755
0 0.58164062 0.13561076 0.01171875 0.01863354
0 0.60742187 0.12681159 0.01171875 0.01966873
0 0.5515625 0.12111801 0.0125 0.01449275
0 0.62148437 0.09161490 0.01015625 0.01345755
0 0.534375 0.07194616 0.0140625 0.01138716
0 0.58945312 0.05952380 0.01015625 0.01345755
0 0.67578125 0.03881987 0.009375 0.01759834
0 0.53945312 0.03209109 0.01484375 0.02691511
0 0.37265625 0.01397515 0.0171875 0.02380952
0 0.62929687 0.00672877 0.01171875 0.01345755