0 0.67148437 0.88198757 0.01171875 0.01449275
0 0.57460937 0.83178053 0.01328125 0.01138716
0 0.46484375 0.82142857 0.0125 0.01759834
0 0.37304687 0.73343685 0.01328125 0.02795031
0 0.61328125 0.68840579 0.015625 0.02277432
0 0.64023437 0.64648033 0.01328125 0.01966873
0 0.52421875 0.59109730 0.0171875 0.02277432
0 0.65078125 0.46325051 0.0140625 0.02380952
0 0.49335937 0.31211180 0.01953125 0.01966873
0 0.41445312 0.29503105 0.01328125 0.02070393
0 0.51757812 0.28778467 0.01484375 0.01035196
0 0.59101562 0.26966873 0.02109375 0.02380952
0 0.63710937 0.12525879 0.01484375 0.02277432