0 0.48320312 0.89026915 0.01796875 0.02484472
0 0.6390625 0.86283643 0.01875 0.02380952
0 0.35664062 0.82194616 0.01328125 0.02277432
0 0.65078125 0.79710144 0.0390625 0.03726708
0 0.60742187 0.71687370 0.01640625 0.02380952
0 0.6265625 0.69358178 0.01875 0.02277432
0 0.36015625 0.39906832 0.0140625 0.02173913
0 0.45664062 0.37111801 0.01328125 0.01552795
0 0.540625 0.36438923 0.021875 0.02070393
0 0.42148437 0.32763975 0.02734375 0.01552795
0 0.49375 0.32815734 0.0140625 0.02070393
0 0.49375 0.28519668 0.0125 0.01552795
0 0.60117187 0.28881987 0.03515625 0.03105590
0 0.63515625 0.07919254 0.0203125 0.05279503