0 0.44257812 0.90786749 0.01328125 0.01449275
0 0.65820312 0.91149068 0.02109375 0.03416149
0 0.67265625 0.88923395 0.0125 0.01449275
0 0.48515625 0.87163561 0.0234375 0.02070393
0 0.57421875 0.84109730 0.0203125 0.03002070
0 0.39453125 0.83385093 0.015625 0.01966873
0 0.45976562 0.81262939 0.02109375 0.02277432
0 0.3171875 0.78002070 0.0171875 0.02380952
0 0.35 0.73550724 0.015625 0.02173913
0 0.66601562 0.61904761 0.01484375 0.01863354
0 0.38007812 0.58281573 0.01953125 0.02898550
0 0.50117187 0.51759834 0.01953125 0.02277432
0 0.33515625 0.42132505 0.0140625 0.02070393
0 0.6375 0.38819875 0.0109375 0.01863354
0 0.65 0.31884057 0.009375 0.02484472
0 0.509375 0.31314699 0.021875 0.01966873
0 0.48945312 0.27484472 0.02265625 0.03830227
0 0.53203125 0.19099378 0.01875 0.02173913
0 0.34726562 0.15734989 0.01640625 0.01242236
0 0.37578125 0.13819875 0.0140625 0.01138716
0 0.49140625 0.10973084 0.0125 0.01656314
0 0.4125 0.05279503 0.0171875 0.01863354