0 0.37265625 0.98498964 0.0078125 0.00931677
0 0.47695312 0.98809523 0.01171875 0.02173913
0 0.62695312 0.95445134 0.01171875 0.01656314
0 0.54765625 0.94979296 0.0125 0.03209109
0 0.66679687 0.93685300 0.01640625 0.02484472
0 0.46835937 0.89492753 0.01328125 0.01552795
0 0.38007812 0.89182194 0.01796875 0.01759834
0 0.57460937 0.85662525 0.01328125 0.01552795
0 0.5140625 0.85455486 0.0140625 0.01759834
0 0.41015625 0.83747412 0.009375 0.01242236
0 0.43398437 0.83281573 0.01640625 0.02173913
0 0.67109375 0.82712215 0.009375 0.01449275
0 0.45859375 0.83022774 0.0140625 0.02070393
0 0.62929687 0.82453416 0.00703125 0.01552795
0 0.37773437 0.79710144 0.01484375 0.01242236
0 0.31914062 0.80434782 0.01640625 0.02898550
0 0.42773437 0.79917184 0.00859375 0.02070393
0 0.44882812 0.78933747 0.01484375 0.01759834
0 0.36289062 0.78002070 0.01015625 0.01138716
0 0.6359375 0.78002070 0.0171875 0.02380952
0 0.6703125 0.77795031 0.021875 0.02173913
0 0.58984375 0.77329192 0.0109375 0.01449275
0 0.51835937 0.77225672 0.01015625 0.01656314
0 0.3671875 0.74585921 0.0109375 0.01138716
0 0.50351562 0.73913043 0.01328125 0.01656314
0 0.340625 0.73498964 0.0109375 0.01242236
0 0.4546875 0.73084886 0.0109375 0.01449275
0 0.55742187 0.73084886 0.01015625 0.01863354
0 0.37304687 0.71169772 0.01171875 0.01345755
0 0.29960937 0.70393374 0.02265625 0.03312629
0 0.55625 0.68840579 0.0125 0.01242236
0 0.36757812 0.68530020 0.01171875 0.01449275
0 0.428125 0.67805383 0.0125 0.01656314
0 0.35546875 0.67287784 0.0109375 0.01449275
0 0.56367187 0.66407867 0.01015625 0.01345755
0 0.38125 0.65010351 0.0125 0.01242236
0 0.64140625 0.65890269 0.0203125 0.03416149
0 0.6046875 0.64078674 0.015625 0.01449275
0 0.44570312 0.63509316 0.01640625 0.01138716
0 0.47734375 0.63509316 0.0109375 0.01552795
0 0.34296875 0.62681159 0.0171875 0.02380952
0 0.403125 0.62008281 0.009375 0.02070393
0 0.6796875 0.61335403 0.0171875 0.02380952
0 0.3671875 0.59886128 0.0171875 0.02380952
0 0.48359375 0.57712215 0.015625 0.01759834
0 0.38359375 0.55900621 0.0125 0.01035196
0 0.409375 0.54037267 0.009375 0.02277432
0 0.48320312 0.53053830 0.01015625 0.01552795
0 0.603125 0.52380952 0.0109375 0.01656314
0 0.475 0.51138716 0.0109375 0.01242236
0 0.52539062 0.51811594 0.02734375 0.02795031
0 0.46367187 0.49223602 0.01171875 0.01345755
0 0.353125 0.48084886 0.0171875 0.02173913
0 0.34492187 0.46842650 0.01015625 0.01138716
0 0.66601562 0.46635610 0.02265625 0.01552795
0 0.565625 0.47204968 0.015625 0.02898550
0 0.584375 0.45652173 0.0078125 0.01449275
0 0.40351562 0.45652173 0.01171875 0.01449275
0 0.59921875 0.44772256 0.0265625 0.02173913
0 0.55351562 0.44099378 0.01640625 0.01656314
0 0.30742187 0.43115942 0.00703125 0.00931677
0 0.46171875 0.40838509 0.009375 0.01552795
0 0.44804687 0.36387163 0.00859375 0.01966873
0 0.36992187 0.35766045 0.01796875 0.02173913
0 0.47539062 0.33799171 0.01171875 0.01552795
0 0.4203125 0.32763975 0.0234375 0.01966873
0 0.5703125 0.30486542 0.0171875 0.02380952
0 0.45390625 0.26656314 0.009375 0.03209109
0 0.44570312 0.22774327 0.02109375 0.01242236
0 0.5953125 0.21583850 0.0171875 0.02380952
0 0.33984375 0.19875776 0.0125 0.02277432
0 0.37304687 0.18374741 0.01171875 0.01759834
0 0.51328125 0.16770186 0.015625 0.01656314
0 0.59609375 0.16563146 0.0140625 0.02070393
0 0.39765625 0.14855072 0.0078125 0.01138716
0 0.61796875 0.14906832 0.0140625 0.01863354
0 0.50820312 0.12991718 0.01015625 0.01552795
0 0.54609375 0.12577639 0.009375 0.01552795
0 0.49453125 0.12939958 0.0078125 0.02898550
0 0.63710937 0.11697722 0.01328125 0.01449275
0 0.55976562 0.11490683 0.01328125 0.01863354
0 0.59453125 0.08643892 0.0140625 0.01759834
0 0.54179687 0.08385093 0.03046875 0.03726708
0 0.4109375 0.07349896 0.0109375 0.01656314
0 0.5703125 0.06987577 0.0125 0.01552795
0 0.60625 0.05279503 0.0125 0.01656314
0 0.5171875 0.04089026 0.009375 0.01345755
0 0.30429687 0.02432712 0.01171875 0.01552795
0 0.56679687 0.01138716 0.01484375 0.01449275