0 0.35195312 0.99275362 0.01484375 0.01449275
0 0.32109375 0.98498964 0.015625 0.01138716
0 0.56171875 0.97670807 0.0171875 0.02380952
0 0.65117187 0.96376811 0.01171875 0.03312629
0 0.33164062 0.93840579 0.00859375 0.03209109
0 0.50117187 0.92857142 0.01015625 0.01863354
0 0.5390625 0.92494824 0.0171875 0.02380952
0 0.45859375 0.91614906 0.009375 0.01035196
0 0.5625 0.92391304 0.028125 0.03830227
0 0.33789062 0.87629399 0.00859375 0.01138716
0 0.67070312 0.87060041 0.00859375 0.01449275
0 0.63125 0.85973084 0.0109375 0.01345755
0 0.48046875 0.83385093 0.0109375 0.01552795
0 0.64570312 0.82608695 0.02421875 0.01863354
0 0.565625 0.82763975 0.0171875 0.02380952
0 0.40585937 0.80797101 0.01171875 0.01552795
0 0.52578125 0.78519668 0.0203125 0.01138716
0 0.42695312 0.79347826 0.01796875 0.03209109
0 0.39335937 0.78157349 0.01015625 0.01242236
0 0.65039062 0.77743271 0.01015625 0.01449275
0 0.36914062 0.77691511 0.01015625 0.01552795
0 0.68164062 0.77380952 0.01171875 0.01552795
0 0.51523437 0.75931677 0.01328125 0.01759834
0 0.42382812 0.75931677 0.00859375 0.02587991
0 0.56171875 0.75362318 0.0171875 0.02277432
0 0.48359375 0.75 0.0296875 0.02173913
0 0.38671875 0.74689440 0.0078125 0.01759834
0 0.459375 0.73447204 0.0171875 0.02380952
0 0.63984375 0.73343685 0.015625 0.02380952
0 0.4 0.71842650 0.0125 0.01035196
0 0.49414062 0.71532091 0.01171875 0.01242236
0 0.6109375 0.69668737 0.0109375 0.01242236
0 0.47695312 0.68115942 0.01171875 0.01656314
0 0.46210937 0.67339544 0.01484375 0.01759834
0 0.4953125 0.67339544 0.0171875 0.02380952
0 0.56875 0.65890269 0.0125 0.01966873
0 0.603125 0.64699792 0.0125 0.01449275
0 0.55 0.63923395 0.015625 0.01345755
0 0.47460937 0.61749482 0.01171875 0.01138716
0 0.38632812 0.60766045 0.02890625 0.03519668
0 0.30859375 0.58592132 0.015625 0.01656314
0 0.52226562 0.57505175 0.01328125 0.01759834
0 0.37695312 0.55590062 0.01484375 0.02484472
0 0.56328125 0.54451345 0.0109375 0.01656314
0 0.2984375 0.53053830 0.01875 0.01345755
0 0.54609375 0.50879917 0.0171875 0.02380952
0 0.40429687 0.50414078 0.01015625 0.02277432
0 0.30976562 0.47153209 0.01484375 0.01345755
0 0.6671875 0.46273291 0.009375 0.01449275
0 0.63085937 0.46118012 0.01328125 0.01759834
0 0.42695312 0.45755693 0.01796875 0.01242236
0 0.54296875 0.45962732 0.0109375 0.01863354
0 0.3046875 0.44358178 0.0125 0.01552795
0 0.52148437 0.43685300 0.00859375 0.01242236
0 0.64453125 0.43685300 0.0171875 0.01449275
0 0.3828125 0.42598343 0.0171875 0.01138716
0 0.50117187 0.41925465 0.01328125 0.01863354
0 0.36445312 0.41252587 0.01171875 0.00931677
0 0.46523437 0.41356107 0.01328125 0.01759834
0 0.66210937 0.40217391 0.01328125 0.01345755
0 0.48320312 0.38405797 0.01484375 0.01863354
0 0.52851562 0.38043478 0.01328125 0.01759834
0 0.51210937 0.34627329 0.01015625 0.01345755
0 0.46796875 0.35921325 0.015625 0.03933747
0 0.39804687 0.33436853 0.00859375 0.01449275
0 0.63125 0.32349896 0.0171875 0.02380952
0 0.34023437 0.31935817 0.01171875 0.01552795
0 0.37929687 0.31469979 0.01171875 0.01242236
0 0.5734375 0.31211180 0.009375 0.01966873
0 0.53515625 0.30331262 0.0125 0.02898550
0 0.51171875 0.29917184 0.0171875 0.02277432
0 0.35703125 0.29554865 0.0171875 0.02380952
0 0.64492187 0.28364389 0.01640625 0.01863354
0 0.60351562 0.28157349 0.01640625 0.01863354
0 0.390625 0.25931677 0.009375 0.02587991
0 0.6484375 0.19047619 0.0125 0.01656314
0 0.44882812 0.18840579 0.01328125 0.01449275
0 0.56992187 0.18737060 0.01484375 0.01656314
0 0.5296875 0.18788819 0.0171875 0.02380952
0 0.509375 0.15993788 0.0125 0.01138716
0 0.59296875 0.15579710 0.0171875 0.02380952
0 0.64101562 0.14026915 0.02109375 0.02380952
0 0.52578125 0.13146997 0.0078125 0.02070393
0 0.37421875 0.11231884 0.0171875 0.02380952
0 0.49609375 0.10662525 0.0109375 0.02484472
0 0.6375 0.10507246 0.015625 0.02795031
0 0.44882812 0.07712215 0.01953125 0.01345755
0 0.54296875 0.06573498 0.009375 0.01138716
0 0.3578125 0.04192546 0.0109375 0.01552795