0 0.61601562 0.96273291 0.00546875 0.02070393
0 0.40195312 0.91459627 0.00546875 0.01552795
0 0.4609375 0.85300207 0.021875 0.02898550
0 0.39453125 0.81521739 0.0203125 0.01138716
0 0.49609375 0.78933747 0.015625 0.01966873
0 0.64335937 0.76863354 0.01953125 0.02380952
0 0.50195312 0.65890269 0.01328125 0.02173913
0 0.32617187 0.63819875 0.01015625 0.01552795
0 0.353125 0.52380952 0.03125 0.04554865
0 0.675 0.49585921 0.025 0.02898550
0 0.32578125 0.43892339 0.0140625 0.02277432
0 0.33828125 0.38043478 0.015625 0.02587991
0 0.53554687 0.23654244 0.02109375 0.02587991
0 0.40507812 0.07349896 0.01328125 0.02070393
0 0.44257812 0.03157349 0.01015625 0.01138716
0 0.60859375 0.00258799 0.0234375 0.00517598