0 0.365625 0.83592132 0.0203125 0.02795031
0 0.59492187 0.82505175 0.01640625 0.01449275
0 0.31640625 0.80693581 0.015625 0.01966873
0 0.49921875 0.80124223 0.0234375 0.02070393
0 0.44179687 0.74223602 0.01640625 0.03933747
0 0.58867187 0.69358178 0.01796875 0.02070393
0 0.64453125 0.65683229 0.01875 0.02173913
0 0.55742187 0.65269151 0.01171875 0.02173913
0 0.51132812 0.58436853 0.02265625 0.03830227
0 0.57773437 0.54347826 0.02421875 0.01449275
0 0.67265625 0.54399585 0.021875 0.03002070
0 0.525 0.50517598 0.015625 0.01656314
0 0.43164062 0.41925465 0.01640625 0.02277432
0 0.60664062 0.41252587 0.01328125 0.02587991
0 0.57148437 0.40476190 0.01328125 0.02691511
0 0.51328125 0.32091097 0.0171875 0.03105590
0 0.42890625 0.27122153 0.0171875 0.01449275