0 0.58125 0.94254658 0.015625 0.01966873
0 0.62109375 0.88819875 0.0078125 0.01449275
0 0.3203125 0.89078674 0.0171875 0.01966873
0 0.46054687 0.86231884 0.00859375 0.01242236
0 0.33007812 0.82349896 0.01953125 0.03623188
0 0.35507812 0.80383022 0.01171875 0.01345755
0 0.63828125 0.76915113 0.0140625 0.02277432
0 0.39375 0.76501035 0.0078125 0.01656314
0 0.34648437 0.73964803 0.01640625 0.01966873
0 0.4125 0.71687370 0.015625 0.02380952
0 0.62304687 0.69616977 0.01953125 0.02587991
0 0.65625 0.59006211 0.0109375 0.01449275
0 0.64257812 0.59782608 0.01484375 0.03002070
0 0.68046875 0.59109730 0.009375 0.01863354
0 0.38046875 0.56987577 0.0125 0.01345755
0 0.33242187 0.56677018 0.01796875 0.02173913
0 0.68828125 0.53053830 0.00625 0.01345755
0 0.41484375 0.51190476 0.025 0.03416149
0 0.38007812 0.39906832 0.01484375 0.02173913
0 0.634375 0.09575569 0.0171875 0.02173913