0 0.315625 0.86594202 0.0109375 0.02587991
0 0.5234375 0.84472049 0.0234375 0.01863354
0 0.59492187 0.81469979 0.01640625 0.01449275
0 0.3171875 0.77070393 0.0140625 0.01759834
0 0.40976562 0.75051759 0.01640625 0.02277432
0 0.55625 0.72826086 0.0125 0.02380952
0 0.58789062 0.71739130 0.01640625 0.02484472
0 0.61914062 0.60351966 0.01484375 0.02691511
0 0.47148437 0.55848861 0.01171875 0.03209109
0 0.3953125 0.54451345 0.0140625 0.02277432
0 0.56992187 0.53881987 0.03984375 0.03416149
0 0.55546875 0.51915113 0.0125 0.01759834
0 0.33632812 0.50569358 0.01640625 0.01966873
0 0.41484375 0.48706004 0.0203125 0.03209109
0 0.465625 0.48550724 0.0171875 0.03105590
0 0.57460937 0.47308488 0.01796875 0.02277432
0 0.40585937 0.40683229 0.01796875 0.01656314
0 0.6390625 0.36283643 0.01875 0.01759834
0 0.3765625 0.34523809 0.01875 0.01345755
0 0.4921875 0.33333333 0.0171875 0.03105590
0 0.5328125 0.30693581 0.0203125 0.01552795
0 0.42109375 0.28519668 0.0140625 0.01552795
0 0.51171875 0.22360248 0.028125 0.02691511
0 0.53984375 0.18788819 0.0171875 0.02173913
0 0.359375 0.07919254 0.0140625 0.05072463