0 0.4765625 0.99482401 0.0109375 0.01035196
0 0.30507812 0.95807453 0.01171875 0.01966873
0 0.46210937 0.95910973 0.03359375 0.05900621
0 0.3984375 0.91977225 0.009375 0.01345755
0 0.43203125 0.91666666 0.0171875 0.02380952
0 0.334375 0.89182194 0.0171875 0.02380952
0 0.49804687 0.87939958 0.01171875 0.01552795
0 0.51875 0.86645962 0.025 0.01242236
0 0.38554687 0.84627329 0.01171875 0.01966873
0 0.3640625 0.83643892 0.009375 0.01449275
0 0.4078125 0.83488612 0.0171875 0.02380952
0 0.31445312 0.83022774 0.00859375 0.01449275
0 0.5796875 0.82867494 0.0171875 0.02380952
0 0.3296875 0.81625258 0.0125 0.01759834
0 0.53867187 0.80952380 0.01328125 0.01863354
0 0.37265625 0.80279503 0.0109375 0.01552795
0 0.528125 0.77536231 0.0109375 0.01449275
0 0.63632812 0.77277432 0.01171875 0.01552795
0 0.49375 0.76449275 0.0125 0.01552795
0 0.59296875 0.75051759 0.0125 0.01863354
0 0.453125 0.74120082 0.0078125 0.01242236
0 0.334375 0.74275362 0.015625 0.01966873
0 0.62734375 0.73913043 0.01875 0.01449275
0 0.31523437 0.74378881 0.00703125 0.02380952
0 0.48046875 0.73240165 0.0125 0.01552795
0 0.40820312 0.72256728 0.01015625 0.01242236
0 0.62304687 0.71376811 0.01796875 0.01138716
0 0.33671875 0.71480331 0.0171875 0.02587991
0 0.56523437 0.68788819 0.01171875 0.01345755
0 0.5234375 0.68322981 0.009375 0.02277432
0 0.41953125 0.65217391 0.0109375 0.01449275
0 0.33320312 0.64285714 0.00859375 0.01863354
0 0.65546875 0.64078674 0.021875 0.01656314
0 0.49140625 0.63716356 0.0171875 0.02380952
0 0.41015625 0.63146997 0.0125 0.01242236
0 0.57734375 0.59627329 0.0140625 0.01656314
0 0.54921875 0.59213250 0.0140625 0.01656314
0 0.63203125 0.58178053 0.0125 0.01656314
0 0.5546875 0.55020703 0.0078125 0.01552795
0 0.57539062 0.54244306 0.01640625 0.02277432
0 0.32304687 0.50724637 0.01328125 0.01035196
0 0.54726562 0.50931677 0.01328125 0.01656314
0 0.38671875 0.50724637 0.009375 0.02484472
0 0.68515625 0.49741200 0.0125 0.02173913
0 0.32148437 0.49327122 0.01015625 0.01552795
0 0.33476562 0.49068322 0.01015625 0.01449275
0 0.41210937 0.48498964 0.01015625 0.01345755
0 0.56289062 0.47670807 0.01171875 0.01345755
0 0.36015625 0.45186335 0.0125 0.01552795
0 0.32226562 0.43788819 0.01015625 0.01449275
0 0.45351562 0.43115942 0.02109375 0.01345755
0 0.64414062 0.40942028 0.00859375 0.01345755
0 0.35039062 0.40631469 0.01796875 0.00931677
0 0.48554687 0.41252587 0.01796875 0.02587991
0 0.38164062 0.40631469 0.01328125 0.01552795
0 0.40546875 0.37784679 0.0125 0.01449275
0 0.35234375 0.37474120 0.0109375 0.01656314
0 0.4765625 0.36853002 0.025 0.01449275
0 0.65390625 0.35714285 0.015625 0.02277432
0 0.375 0.35559006 0.0171875 0.02795031
0 0.41796875 0.32971014 0.009375 0.01759834
0 0.56523437 0.32505175 0.01171875 0.02070393
0 0.58320312 0.31935817 0.01171875 0.01759834
0 0.35859375 0.31521739 0.0078125 0.00931677
0 0.49570312 0.28002070 0.01171875 0.01552795
0 0.60625 0.27950310 0.0140625 0.01656314
0 0.44335937 0.27122153 0.01328125 0.01863354
0 0.45078125 0.25776397 0.0109375 0.01656314
0 0.65039062 0.25517598 0.00859375 0.01345755
0 0.55078125 0.23291925 0.0109375 0.01242236
0 0.47578125 0.23757763 0.0171875 0.02380952
0 0.60585937 0.23084886 0.01015625 0.01449275
0 0.41914062 0.21842650 0.00859375 0.01035196
0 0.43632812 0.21118012 0.01171875 0.01242236
0 0.52851562 0.19254658 0.01171875 0.01656314
0 0.3453125 0.18115942 0.0109375 0.01656314
0 0.50429687 0.17857142 0.01171875 0.02587991
0 0.42421875 0.15320910 0.028125 0.01863354
0 0.34257812 0.10766045 0.01015625 0.01863354
0 0.56875 0.09627329 0.0125 0.01035196
0 0.54140625 0.09420289 0.015625 0.02691511
0 0.36289062 0.08850931 0.01953125 0.01966873
0 0.50976562 0.07815734 0.01328125 0.01552795
0 0.51210937 0.06159420 0.01015625 0.01552795
0 0.5609375 0.06314699 0.0109375 0.02277432
0 0.34960937 0.04968944 0.01953125 0.02484472
0 0.54375 0.03881987 0.01875 0.01345755
0 0.4109375 0.03105590 0.0125 0.01449275
0 0.62695312 0.00828157 0.01328125 0.01656314