0 0.41953125 0.88198757 0.0171875 0.03105590
0 0.67148437 0.86231884 0.01953125 0.02484472
0 0.453125 0.85559006 0.021875 0.01552795
0 0.55976562 0.76811594 0.01640625 0.02277432
0 0.39140625 0.76501035 0.01875 0.02070393
0 0.56289062 0.71014492 0.03671875 0.04140786
0 0.59765625 0.69409937 0.0125 0.01552795
0 0.559375 0.64026915 0.0234375 0.01966873
0 0.3953125 0.54451345 0.0140625 0.02277432
0 0.58554687 0.53674948 0.03984375 0.03830227
0 0.31757812 0.51501035 0.01640625 0.02173913
0 0.40625 0.45755693 0.0171875 0.02484472
0 0.325 0.38819875 0.0203125 0.02691511
0 0.51328125 0.33540372 0.0171875 0.01242236
0 0.47929687 0.31625258 0.01953125 0.01966873
0 0.41328125 0.31677018 0.0109375 0.02070393
0 0.58828125 0.24120082 0.0140625 0.02070393
0 0.37109375 0.07971014 0.0140625 0.05175983