0 0.434375 0.95962732 0.0203125 0.02277432
0 0.47226562 0.93478260 0.00859375 0.01656314
0 0.63085937 0.93115942 0.01328125 0.02173913
0 0.36484375 0.91511387 0.01875 0.01656314
0 0.54101562 0.90838509 0.00859375 0.01552795
0 0.67890625 0.90424430 0.009375 0.01552795
0 0.44570312 0.89078674 0.01015625 0.01345755
0 0.52734375 0.88871635 0.0203125 0.01138716
0 0.56171875 0.88561076 0.0109375 0.01552795
0 0.31875 0.88768115 0.0171875 0.03209109
0 0.46757812 0.87681159 0.01171875 0.01242236
0 0.38046875 0.85869565 0.0078125 0.01138716
0 0.66640625 0.86024844 0.0125 0.01656314
0 0.35234375 0.83178053 0.0078125 0.01138716
0 0.36210937 0.82867494 0.01015625 0.01138716
0 0.32382812 0.82453416 0.00703125 0.01345755
0 0.47109375 0.81884057 0.0109375 0.02898550
0 0.53046875 0.80848861 0.015625 0.02277432
0 0.53828125 0.77587991 0.0125 0.01759834
0 0.60546875 0.77432712 0.0125 0.01656314
0 0.45898437 0.77484472 0.02265625 0.03002070
0 0.43671875 0.75310559 0.009375 0.01345755
0 0.33710937 0.74844720 0.00859375 0.01449275
0 0.60195312 0.74689440 0.01484375 0.01552795
0 0.35 0.74275362 0.0109375 0.01138716
0 0.65585937 0.74327122 0.01328125 0.01656314
0 0.51679687 0.74223602 0.01171875 0.01656314
0 0.46953125 0.73757763 0.009375 0.01345755
0 0.56523437 0.73498964 0.01171875 0.01449275
0 0.40703125 0.73136645 0.0171875 0.02380952
0 0.35664062 0.72463768 0.01640625 0.01449275
0 0.59257812 0.70859213 0.01171875 0.01345755
0 0.33984375 0.70186335 0.01875 0.02277432
0 0.54570312 0.68840579 0.00859375 0.01449275
0 0.59882812 0.68012422 0.00703125 0.02484472
0 0.40703125 0.66614906 0.0125 0.01552795
0 0.67304687 0.66252587 0.00859375 0.01656314
0 0.40546875 0.64492753 0.0125 0.01242236
0 0.3671875 0.62681159 0.0109375 0.01345755
0 0.5671875 0.60973084 0.0109375 0.01656314
0 0.39726562 0.60610766 0.01171875 0.01345755
0 0.66328125 0.59472049 0.0109375 0.01552795
0 0.5484375 0.58799171 0.009375 0.01242236
0 0.51953125 0.57763975 0.0109375 0.01656314
0 0.45390625 0.58229813 0.0203125 0.02795031
0 0.48945312 0.56987577 0.01484375 0.01552795
0 0.4390625 0.56418219 0.0109375 0.01449275
0 0.325 0.54037267 0.0109375 0.01242236
0 0.67929687 0.52846790 0.01328125 0.02380952
0 0.60703125 0.51449275 0.0140625 0.01035196
0 0.66171875 0.51242236 0.0125 0.01863354
0 0.34335937 0.48395445 0.00859375 0.01138716
0 0.50898437 0.48654244 0.02109375 0.01863354
0 0.37109375 0.47308488 0.009375 0.01449275
0 0.40039062 0.46376811 0.01015625 0.01449275
0 0.65664062 0.44461697 0.01328125 0.02173913
0 0.55742187 0.44254658 0.01640625 0.01759834
0 0.590625 0.42494824 0.0140625 0.01966873
0 0.37578125 0.38509316 0.009375 0.01449275
0 0.43632812 0.37784679 0.01796875 0.01242236
0 0.67382812 0.37836438 0.01640625 0.01966873
0 0.52734375 0.37267080 0.0125 0.01449275
0 0.49140625 0.37008281 0.015625 0.02587991
0 0.63554687 0.35559006 0.01328125 0.01345755
0 0.58867187 0.33385093 0.02265625 0.02380952
0 0.50976562 0.31832298 0.01015625 0.01138716
0 0.4859375 0.32246376 0.0265625 0.03209109
0 0.38242187 0.29089026 0.02421875 0.01449275
0 0.434375 0.27018633 0.015625 0.01035196
0 0.34492187 0.26397515 0.00859375 0.01863354
0 0.534375 0.24741200 0.0140625 0.01656314
0 0.496875 0.24637681 0.009375 0.02070393
0 0.378125 0.25 0.0234375 0.03002070
0 0.41289062 0.21894409 0.00859375 0.00931677
0 0.54609375 0.21842650 0.015625 0.01863354
0 0.35078125 0.19772256 0.0109375 0.01449275
0 0.54375 0.18944099 0.0125 0.01656314
0 0.64140625 0.16666666 0.0109375 0.01863354
0 0.43085937 0.15890269 0.01328125 0.01552795
0 0.5078125 0.15010351 0.009375 0.02484472
0 0.56484375 0.14026915 0.0140625 0.02173913
0 0.42109375 0.12111801 0.0109375 0.01449275
0 0.45585937 0.07091097 0.01328125 0.01552795
0 0.37929687 0.06935817 0.01015625 0.01656314
0 0.53554687 0.03105590 0.00859375 0.01656314
0 0.6171875 0.02329192 0.0140625 0.00931677
0 0.58789062 0.02070393 0.01484375 0.01242236
0 0.42773437 0.01656314 0.00859375 0.01035196
0 0.509375 0.01501035 0.021875 0.01345755