0 0.55273437 0.88923395 0.01328125 0.02277432
0 0.48007812 0.79917184 0.01484375 0.02070393
0 0.54765625 0.78881987 0.01875 0.02070393
0 0.63789062 0.78933747 0.01171875 0.03623188
0 0.46328125 0.72412008 0.0125 0.01966873
0 0.56015625 0.54347826 0.0171875 0.02484472
0 0.684375 0.51035196 0.015625 0.02070393
0 0.4140625 0.45910973 0.0171875 0.02380952
0 0.31992187 0.44668737 0.02578125 0.03209109
0 0.58945312 0.40113871 0.02109375 0.01759834
0 0.47578125 0.38716356 0.009375 0.01656314
0 0.40703125 0.32039337 0.0109375 0.01552795
0 0.35742187 0.29192546 0.01484375 0.02898550
0 0.54414062 0.23240165 0.01171875 0.01966873
0 0.525 0.22308488 0.015625 0.02795031
0 0.3578125 0.17857142 0.015625 0.02173913
0 0.5703125 0.17132505 0.0140625 0.02380952
0 0.52539062 0.11594202 0.02109375 0.02484472
0 0.47109375 0.11128364 0.0140625 0.01759834
0 0.35976562 0.09730848 0.00859375 0.02277432
0 0.43632812 0.07712215 0.01796875 0.01966873
0 0.578125 0.06832298 0.0171875 0.02070393
0 0.56171875 0.00931677 0.01875 0.01863354