0 0.48554687 0.94772256 0.00703125 0.02795031
0 0.57695312 0.92650103 0.01328125 0.00828157
0 0.5921875 0.79037267 0.0171875 0.02587991
0 0.4421875 0.61697722 0.0171875 0.02484472
0 0.6390625 0.59265010 0.0125 0.01138716
0 0.3296875 0.57556935 0.0171875 0.02898550
0 0.54882812 0.39389233 0.01171875 0.01552795
0 0.38554687 0.35403726 0.01015625 0.01656314
0 0.47070312 0.32971014 0.01171875 0.01966873
0 0.4890625 0.25828157 0.0125 0.01759834
0 0.54023437 0.23706004 0.01328125 0.01863354
0 0.41328125 0.19668737 0.0234375 0.02277432
0 0.50742187 0.14233954 0.01953125 0.02380952
0 0.53359375 0.01656314 0.0203125 0.03312629
0 0.33828125 0.00517598 0.0078125 0.01035196