0 0.59335937 0.96325051 0.02109375 0.02795031
0 0.53515625 0.95807453 0.0171875 0.02380952
0 0.31210937 0.93840579 0.00703125 0.01552795
0 0.61445312 0.93064182 0.01640625 0.01449275
0 0.328125 0.93530020 0.0171875 0.02380952
0 0.33671875 0.90424430 0.015625 0.03416149
0 0.63945312 0.89440993 0.00859375 0.02898550
0 0.37070312 0.88664596 0.01171875 0.01966873
0 0.5140625 0.86697722 0.0171875 0.02380952
0 0.4625 0.86801242 0.0171875 0.02587991
0 0.53671875 0.84730848 0.0109375 0.01138716
0 0.678125 0.84575569 0.009375 0.01242236
0 0.665625 0.84006211 0.009375 0.01345755
0 0.48164062 0.82919254 0.00859375 0.01035196
0 0.37851562 0.84679089 0.03046875 0.04968944
0 0.31289062 0.82556935 0.01328125 0.01138716
0 0.34140625 0.82039337 0.0140625 0.01552795
0 0.6875 0.81418219 0.0078125 0.01552795
0 0.53671875 0.80641821 0.0140625 0.01656314
0 0.60703125 0.80693581 0.0234375 0.02173913
0 0.50820312 0.79037267 0.01328125 0.01966873
0 0.57773437 0.78312629 0.01484375 0.01552795
0 0.36953125 0.77484472 0.0109375 0.01759834
0 0.40976562 0.75051759 0.01171875 0.02070393
0 0.58671875 0.74482401 0.0078125 0.02795031
0 0.57617187 0.73706004 0.00859375 0.01242236
0 0.51523437 0.72619047 0.01640625 0.01345755
0 0.57382812 0.71118012 0.01171875 0.01449275
0 0.4390625 0.71169772 0.0171875 0.03209109
0 0.3984375 0.71946169 0.025 0.04968944
0 0.52890625 0.65113871 0.0109375 0.01656314
0 0.29257812 0.64958592 0.00859375 0.01552795
0 0.5671875 0.63561076 0.0140625 0.01242236
0 0.35039062 0.63561076 0.01171875 0.01242236
0 0.37890625 0.63561076 0.01875 0.01449275
0 0.51289062 0.63405797 0.01640625 0.02173913
0 0.64140625 0.63509316 0.009375 0.03209109
0 0.43085937 0.60455486 0.01015625 0.01035196
0 0.51210937 0.60248447 0.01796875 0.03933747
0 0.40976562 0.59886128 0.00859375 0.04244306
0 0.62109375 0.57867494 0.0125 0.01449275
0 0.55625 0.55124223 0.0125 0.01138716
0 0.65273437 0.55072463 0.01171875 0.01449275
0 0.67578125 0.55175983 0.015625 0.02277432
0 0.37851562 0.54296066 0.01015625 0.01138716
0 0.62734375 0.53364389 0.0109375 0.01759834
0 0.37109375 0.51604554 0.0140625 0.01345755
0 0.32578125 0.52018633 0.0171875 0.02380952
0 0.67773437 0.50362318 0.01171875 0.01345755
0 0.390625 0.50828157 0.0109375 0.02277432
0 0.59257812 0.5 0.01015625 0.01449275
0 0.6578125 0.49689440 0.0140625 0.01656314
0 0.42070312 0.48913043 0.02265625 0.01759834
0 0.5078125 0.47567287 0.015625 0.01966873
0 0.46601562 0.47049689 0.01328125 0.01552795
0 0.45195312 0.45755693 0.00859375 0.01449275
0 0.46875 0.45548654 0.0109375 0.01242236
0 0.58046875 0.44306418 0.015625 0.01656314
0 0.31210937 0.43167701 0.00859375 0.01242236
0 0.3890625 0.41821946 0.0140625 0.01863354
0 0.47421875 0.39699792 0.015625 0.02380952
0 0.42421875 0.39285714 0.0109375 0.01552795
0 0.45429687 0.36956521 0.01171875 0.01449275
0 0.39765625 0.35610766 0.0109375 0.01242236
0 0.60546875 0.35196687 0.021875 0.01242236
0 0.55585937 0.34989648 0.01328125 0.01656314
0 0.41796875 0.33799171 0.0109375 0.01345755
0 0.52617187 0.30641821 0.01328125 0.01449275
0 0.47578125 0.30538302 0.0140625 0.02691511
0 0.36875 0.29503105 0.0125 0.01656314
0 0.5921875 0.29347826 0.0109375 0.01759834
0 0.46367187 0.28519668 0.00859375 0.01138716
0 0.53710937 0.27743271 0.01328125 0.01656314
0 0.4953125 0.25362318 0.0203125 0.01656314
0 0.46757812 0.25310559 0.02109375 0.02587991
0 0.55664062 0.24482401 0.01328125 0.01138716
0 0.42148437 0.23757763 0.01171875 0.01552795
0 0.56796875 0.22826086 0.009375 0.01345755
0 0.48828125 0.19720496 0.0125 0.01759834
0 0.35625 0.19461697 0.0125 0.01656314
0 0.64765625 0.18426501 0.0109375 0.01449275
0 0.51953125 0.15217391 0.0125 0.02070393
0 0.62578125 0.14440993 0.0171875 0.02380952
0 0.42929687 0.08954451 0.00859375 0.01345755
0 0.62148437 0.08022774 0.01796875 0.01552795
0 0.55 0.06832298 0.0109375 0.01035196
0 0.42148437 0.04968944 0.01953125 0.01449275
0 0.62539062 0.04399585 0.01015625 0.01138716
0 0.58007812 0.04503105 0.01015625 0.02173913
0 0.49335937 0.03623188 0.01015625 0.01242236