0 0.60859375 0.88509316 0.0546875 0.03519668
0 0.39375 0.88198757 0.0171875 0.03105590
0 0.58554687 0.83385093 0.01796875 0.04451345
0 0.31640625 0.80693581 0.015625 0.01966873
0 0.37539062 0.80175983 0.01640625 0.01966873
0 0.49921875 0.80124223 0.0234375 0.02070393
0 0.62109375 0.79554865 0.0203125 0.02795031
0 0.62695312 0.60300207 0.01015625 0.02380952
0 0.65078125 0.58385093 0.040625 0.03726708
0 0.59453125 0.53674948 0.021875 0.03830227
0 0.3609375 0.52587991 0.0375 0.03726708
0 0.4953125 0.50672877 0.0140625 0.02173913
0 0.42382812 0.45755693 0.01328125 0.02484472
0 0.59648437 0.45755693 0.01171875 0.02691511
0 0.4078125 0.41149068 0.0234375 0.05486542
0 0.38046875 0.38095238 0.0171875 0.02070393
0 0.540625 0.38198757 0.021875 0.03312629
0 0.57851562 0.37784679 0.03671875 0.04554865
0 0.3953125 0.33488612 0.015625 0.02380952
0 0.48476562 0.31728778 0.03046875 0.02173913
0 0.52773437 0.28519668 0.01640625 0.01552795
0 0.56679687 0.24275362 0.04296875 0.03830227