0 0.60390625 0.88509316 0.0453125 0.03519668
0 0.59492187 0.82505175 0.01640625 0.01449275
0 0.55976562 0.76811594 0.01640625 0.02277432
0 0.63828125 0.74223602 0.015625 0.02484472
0 0.61367187 0.73395445 0.01796875 0.01656314
0 0.64335937 0.71635610 0.01484375 0.02484472
0 0.58867187 0.68737060 0.01796875 0.03519668
0 0.659375 0.56159420 0.0359375 0.01966873
0 0.47148437 0.55848861 0.01171875 0.03209109
0 0.42539062 0.53416149 0.02890625 0.04761904
0 0.42773437 0.47877846 0.01796875 0.01966873
0 0.61875 0.41977225 0.0171875 0.01759834
0 0.40585937 0.40683229 0.01796875 0.01656314
0 0.64570312 0.37060041 0.02109375 0.01863354
0 0.375 0.33436853 0.015625 0.02484472
0 0.59804687 0.32815734 0.01640625 0.02484472
0 0.5328125 0.30693581 0.0203125 0.01552795
0 0.51484375 0.24171842 0.0109375 0.02380952
0 0.54726562 0.18995859 0.03203125 0.02587991
0 0.4234375 0.14440993 0.015625 0.02587991
0 0.3546875 0.12215320 0.025 0.03519668