0 0.5265625 0.98084886 0.0171875 0.02380952
0 0.66367187 0.96325051 0.00859375 0.01138716
0 0.4953125 0.96428571 0.0078125 0.02380952
0 0.2828125 0.95600414 0.0078125 0.01966873
0 0.5921875 0.94099378 0.025 0.02277432
0 0.31992187 0.92287784 0.01328125 0.01552795
0 0.36171875 0.91511387 0.0109375 0.02070393
0 0.52734375 0.90631469 0.0125 0.01552795
0 0.58554687 0.90786749 0.01796875 0.02070393
0 0.68085937 0.85507246 0.01640625 0.01449275
0 0.31171875 0.84523809 0.0140625 0.01759834
0 0.61875 0.83074534 0.0171875 0.02380952
0 0.6734375 0.82194616 0.0109375 0.01656314
0 0.46523437 0.81780538 0.01015625 0.01242236
0 0.34414062 0.79917184 0.01171875 0.01449275
0 0.5140625 0.79037267 0.0109375 0.01759834
0 0.4390625 0.77691511 0.0125 0.01966873
0 0.35976562 0.77225672 0.01015625 0.01242236
0 0.63867187 0.77018633 0.01015625 0.01242236
0 0.6046875 0.76863354 0.0140625 0.02380952
0 0.58242187 0.76501035 0.01171875 0.02277432
0 0.43671875 0.74534161 0.0234375 0.01656314
0 0.5640625 0.73964803 0.0109375 0.01138716
0 0.35976562 0.74275362 0.00859375 0.01966873
0 0.33359375 0.72360248 0.0125 0.01863354
0 0.6625 0.71997929 0.0140625 0.01552795
0 0.471875 0.71635610 0.0125 0.01656314
0 0.6328125 0.71739130 0.0140625 0.03312629
0 0.52539062 0.70703933 0.01484375 0.02070393
0 0.64296875 0.69824016 0.009375 0.01345755
0 0.33125 0.70031055 0.0125 0.01759834
0 0.47382812 0.67908902 0.01484375 0.01035196
0 0.334375 0.68064182 0.0109375 0.01759834
0 0.634375 0.66666666 0.0109375 0.01656314
0 0.37890625 0.66356107 0.0125 0.01035196
0 0.6828125 0.66045548 0.0171875 0.01035196
0 0.29414062 0.65476190 0.01171875 0.01552795
0 0.49726562 0.64233954 0.01015625 0.01552795
0 0.43242187 0.64389233 0.01328125 0.01863354
0 0.52382812 0.64233954 0.02109375 0.02795031
0 0.5796875 0.63146997 0.0109375 0.01242236
0 0.38632812 0.63198757 0.01171875 0.01345755
0 0.66210937 0.60714285 0.01015625 0.01345755
0 0.36523437 0.60041407 0.01640625 0.01449275
0 0.56601562 0.59057971 0.01171875 0.01552795
0 0.66914062 0.58333333 0.01015625 0.01759834
0 0.321875 0.58333333 0.0078125 0.01759834
0 0.6328125 0.58281573 0.0109375 0.01863354
0 0.41640625 0.56987577 0.0109375 0.01345755
0 0.51328125 0.57194616 0.0171875 0.02380952
0 0.4765625 0.56055900 0.009375 0.02173913
0 0.6 0.55486542 0.0140625 0.01449275
0 0.41132812 0.55020703 0.01171875 0.01552795
0 0.509375 0.54710144 0.0078125 0.01552795
0 0.34648437 0.54296066 0.01640625 0.02380952
0 0.49140625 0.53519668 0.0125 0.01449275
0 0.44960937 0.53571428 0.02421875 0.02173913
0 0.49921875 0.52277432 0.0140625 0.01863354
0 0.55546875 0.50672877 0.0109375 0.01138716
0 0.45703125 0.48084886 0.0140625 0.01552795
0 0.3984375 0.47981366 0.009375 0.01552795
0 0.35390625 0.47826086 0.0140625 0.01656314
0 0.37226562 0.44306418 0.00859375 0.01242236
0 0.31210937 0.43167701 0.01484375 0.01449275
0 0.596875 0.38612836 0.0078125 0.01656314
0 0.61953125 0.37836438 0.0203125 0.01552795
0 0.3421875 0.37629399 0.0078125 0.01138716
0 0.38164062 0.36594202 0.01328125 0.01552795
0 0.51796875 0.35921325 0.0109375 0.01863354
0 0.3640625 0.34006211 0.021875 0.01759834
0 0.59453125 0.31728778 0.0140625 0.01345755
0 0.36054687 0.30434782 0.01328125 0.01242236
0 0.60039062 0.29296066 0.01015625 0.01242236
0 0.53867187 0.28830227 0.01171875 0.01552795
0 0.50117187 0.27277432 0.00703125 0.01138716
0 0.47851562 0.26966873 0.01171875 0.01345755
0 0.56484375 0.27122153 0.0203125 0.03519668
0 0.47929687 0.23136645 0.01640625 0.01138716
0 0.53125 0.21894409 0.0171875 0.02380952
0 0.5390625 0.19513457 0.009375 0.01138716
0 0.59921875 0.19720496 0.025 0.01759834
0 0.425 0.19824016 0.0109375 0.02380952
0 0.6390625 0.17080745 0.0140625 0.01656314
0 0.45117187 0.14544513 0.01171875 0.01552795
0 0.63867187 0.13871635 0.01640625 0.01035196
0 0.35234375 0.13509316 0.0109375 0.01966873
0 0.56640625 0.12784679 0.0125 0.01759834
0 0.37304687 0.11490683 0.01015625 0.02691511
0 0.46367187 0.10973084 0.01484375 0.01863354
0 0.36171875 0.06677018 0.0171875 0.02380952
0 0.47929687 0.06055900 0.01015625 0.01345755
0 0.53828125 0.01604554 0.0125 0.01759834
0 0.56953125 0.00569358 0.009375 0.01138716