0 0.43085937 0.98602484 0.01328125 0.01552795
0 0.4609375 0.94151138 0.0171875 0.02380952
0 0.54335937 0.93012422 0.01171875 0.01966873
0 0.64023437 0.93115942 0.01015625 0.02380952
0 0.67851562 0.92287784 0.03359375 0.02380952
0 0.52070312 0.89285714 0.01171875 0.01345755
0 0.68554687 0.89130434 0.01171875 0.01449275
0 0.32148437 0.89078674 0.01328125 0.01759834
0 0.31992187 0.87318840 0.01484375 0.01552795
0 0.41953125 0.86542443 0.0265625 0.02070393
0 0.36757812 0.83747412 0.01640625 0.01863354
0 0.39375 0.82556935 0.0109375 0.01345755
0 0.31484375 0.82763975 0.0171875 0.02380952
0 0.56601562 0.81728778 0.01171875 0.01552795
0 0.55039062 0.81521739 0.01171875 0.01552795
0 0.63867187 0.80641821 0.01640625 0.01656314
0 0.33203125 0.78881987 0.0109375 0.01449275
0 0.63828125 0.78623188 0.009375 0.01552795
0 0.61953125 0.75672877 0.0078125 0.02691511
0 0.36953125 0.74792960 0.0171875 0.02380952
0 0.5171875 0.73861283 0.0171875 0.02380952
0 0.44296875 0.72981366 0.0125 0.01656314
0 0.49140625 0.71842650 0.009375 0.01242236
0 0.5734375 0.68530020 0.0109375 0.01242236
0 0.45859375 0.67184265 0.009375 0.01656314
0 0.36875 0.65372670 0.0109375 0.01345755
0 0.3921875 0.65683229 0.0171875 0.02380952
0 0.29296875 0.64440993 0.009375 0.01966873
0 0.68398437 0.63871635 0.01484375 0.01656314
0 0.43164062 0.61853002 0.01953125 0.02380952
0 0.57109375 0.60455486 0.015625 0.01656314
0 0.478125 0.57608695 0.009375 0.01345755
0 0.38671875 0.57919254 0.0171875 0.02380952
0 0.32070312 0.56625258 0.01171875 0.01863354
0 0.68046875 0.56677018 0.0203125 0.02380952
0 0.509375 0.55383022 0.025 0.02484472
0 0.32734375 0.54710144 0.0125 0.01552795
0 0.41523437 0.54813664 0.00859375 0.02380952
0 0.39765625 0.52846790 0.0125 0.01759834
0 0.55859375 0.51759834 0.0125 0.01449275
0 0.34804687 0.51138716 0.00859375 0.02484472
0 0.45546875 0.50776397 0.0140625 0.01966873
0 0.62734375 0.50569358 0.0078125 0.02587991
0 0.41835937 0.49482401 0.01484375 0.01449275
0 0.30273437 0.49948240 0.01484375 0.02587991
0 0.36679687 0.49792960 0.01015625 0.02484472
0 0.346875 0.48188405 0.0171875 0.02380952
0 0.29648437 0.47412008 0.00859375 0.01449275
0 0.51640625 0.47463768 0.0078125 0.01759834
0 0.66601562 0.45600414 0.02421875 0.02795031
0 0.4921875 0.43115942 0.0078125 0.01345755
0 0.66328125 0.42805383 0.015625 0.00931677
0 0.346875 0.42857142 0.0125 0.01863354
0 0.32539062 0.41563146 0.01328125 0.01138716
0 0.56367187 0.40993788 0.01953125 0.03726708
0 0.453125 0.39699792 0.009375 0.01138716
0 0.37851562 0.39648033 0.01015625 0.02070393
0 0.628125 0.39078674 0.0140625 0.01759834
0 0.34453125 0.38302277 0.0078125 0.02484472
0 0.45117187 0.37008281 0.01171875 0.01759834
0 0.5578125 0.35973084 0.0171875 0.02380952
0 0.353125 0.34886128 0.015625 0.01656314
0 0.33515625 0.34368530 0.0140625 0.01656314
0 0.515625 0.34420289 0.0171875 0.02380952
0 0.41796875 0.32349896 0.009375 0.01966873
0 0.528125 0.31677018 0.0078125 0.02070393
0 0.55 0.31728778 0.0171875 0.02380952
0 0.49804687 0.29761904 0.01171875 0.02380952
0 0.3875 0.26966873 0.0140625 0.01966873
0 0.59335937 0.24896480 0.01171875 0.01552795
0 0.64179687 0.23861283 0.01171875 0.01966873
0 0.37109375 0.23861283 0.0171875 0.02173913
0 0.55664062 0.23395445 0.01015625 0.01863354
0 0.60585937 0.21169772 0.01015625 0.01138716
0 0.33203125 0.20652173 0.0109375 0.01345755
0 0.4796875 0.20496894 0.025 0.01656314
0 0.49335937 0.18840579 0.01171875 0.01449275
0 0.59140625 0.18322981 0.0125 0.01449275
0 0.46132812 0.18426501 0.01328125 0.01656314
0 0.4453125 0.15476190 0.0171875 0.03002070
0 0.41875 0.10248447 0.0140625 0.01656314
0 0.51835937 0.09575569 0.01171875 0.03209109
0 0.37382812 0.08333333 0.01171875 0.01345755
0 0.63359375 0.07091097 0.0171875 0.01552795
0 0.46992187 0.06677018 0.01328125 0.01759834
0 0.54765625 0.06521739 0.0234375 0.02070393
0 0.42109375 0.04296066 0.0171875 0.02380952
0 0.665625 0.01449275 0.0109375 0.01242236
0 0.29804687 0.01086956 0.01171875 0.01345755