0 0.34375 0.99378881 0.0171875 0.01242236
0 0.5546875 0.88664596 0.0171875 0.02380952
0 0.328125 0.83592132 0.021875 0.02587991
0 0.57070312 0.83074534 0.00703125 0.03002070
0 0.66328125 0.82194616 0.034375 0.03519668
0 0.56875 0.72101449 0.0171875 0.02380952
0 0.38007812 0.71946169 0.02578125 0.05590062
0 0.30898437 0.69565217 0.01953125 0.01863354
0 0.55742187 0.68478260 0.01640625 0.02173913
0 0.38164062 0.64440993 0.02734375 0.03002070
0 0.3390625 0.55641821 0.0125 0.01552795
0 0.64882812 0.51863354 0.01484375 0.01863354
0 0.68320312 0.41252587 0.01796875 0.03209109
0 0.49765625 0.38664596 0.0234375 0.03209109
0 0.46640625 0.38302277 0.0171875 0.02691511
0 0.54453125 0.33592132 0.021875 0.00931677
0 0.5390625 0.27846790 0.0078125 0.02070393
0 0.47148437 0.26656314 0.01484375 0.01759834
0 0.61523437 0.24482401 0.01015625 0.00724637
0 0.44257812 0.19202898 0.00546875 0.01552795
0 0.54648437 0.16356107 0.01640625 0.02898550
0 0.63125 0.12060041 0.0296875 0.04244306
0 0.37265625 0.09782608 0.0203125 0.01966873
0 0.58007812 0.06314699 0.01484375 0.02277432
0 0.4859375 0.03416149 0.0203125 0.02484472