0 0.67226562 0.83643892 0.01953125 0.05175983
0 0.65 0.78571428 0.0171875 0.01449275
0 0.35585937 0.75776397 0.02265625 0.02070393
0 0.40976562 0.75051759 0.01640625 0.02277432
0 0.63828125 0.74223602 0.015625 0.02484472
0 0.64179687 0.58954451 0.02109375 0.02587991
0 0.51132812 0.58436853 0.02265625 0.03830227
0 0.44453125 0.54399585 0.0234375 0.01552795
0 0.59609375 0.50207039 0.0234375 0.03312629
0 0.41484375 0.48706004 0.0203125 0.03209109
0 0.37539062 0.31159420 0.01640625 0.02484472
0 0.346875 0.11231884 0.0203125 0.02587991