0 0.521875 0.88198757 0.0171875 0.02070393
0 0.52148437 0.82660455 0.01796875 0.02380952
0 0.63554687 0.72670807 0.01484375 0.02070393
0 0.30585937 0.72567287 0.02265625 0.02898550
0 0.65195312 0.71583850 0.01328125 0.01966873
0 0.31875 0.69306418 0.01875 0.02795031
0 0.553125 0.68115942 0.00625 0.01656314
0 0.39296875 0.49741200 0.0140625 0.02173913
0 0.31445312 0.44979296 0.01484375 0.01759834
0 0.3796875 0.29658385 0.0234375 0.02380952
0 0.57578125 0.20238095 0.01875 0.03416149
0 0.6234375 0.15683229 0.0171875 0.00724637
0 0.54921875 0.13457556 0.0140625 0.02484472