0 0.4078125 0.98291925 0.0171875 0.02380952
0 0.4796875 0.94772256 0.0171875 0.02380952
0 0.42460937 0.94151138 0.01640625 0.02173913
0 0.59960937 0.93271221 0.01484375 0.01449275
0 0.63984375 0.93322981 0.0171875 0.02380952
0 0.34882812 0.92080745 0.02265625 0.02380952
0 0.4390625 0.90527950 0.0078125 0.01138716
0 0.46953125 0.90838509 0.0171875 0.02380952
0 0.54335937 0.89855072 0.01484375 0.01656314
0 0.321875 0.89440993 0.0109375 0.01242236
0 0.68554687 0.89078674 0.01171875 0.01552795
0 0.63398437 0.87681159 0.01015625 0.01035196
0 0.5953125 0.87525879 0.0171875 0.02380952
0 0.42851562 0.84265010 0.01015625 0.01449275
0 0.53203125 0.84109730 0.0109375 0.01345755
0 0.45859375 0.81728778 0.009375 0.00931677
0 0.60742187 0.81625258 0.01015625 0.01552795
0 0.44609375 0.81573498 0.009375 0.01449275
0 0.409375 0.80486542 0.0125 0.00931677
0 0.36015625 0.79968944 0.009375 0.01138716
0 0.56601562 0.79296066 0.01015625 0.01242236
0 0.4859375 0.77484472 0.0125 0.01345755
0 0.39765625 0.77432712 0.0140625 0.01242236
0 0.57617187 0.76293995 0.01796875 0.01863354
0 0.40976562 0.75569358 0.01015625 0.01242236
0 0.62734375 0.75258799 0.0140625 0.01449275
0 0.31953125 0.74171842 0.0140625 0.01759834
0 0.365625 0.73757763 0.0109375 0.01345755
0 0.33125 0.74327122 0.0078125 0.03105590
0 0.41015625 0.72670807 0.0109375 0.01863354
0 0.51171875 0.72619047 0.015625 0.01966873
0 0.56914062 0.71894409 0.01328125 0.01552795
0 0.39453125 0.70859213 0.009375 0.00931677
0 0.66289062 0.70703933 0.01484375 0.01035196
0 0.29921875 0.66511387 0.0171875 0.02380952
0 0.36757812 0.65424430 0.02890625 0.02070393
0 0.56757812 0.62836438 0.00859375 0.01242236
0 0.68867187 0.61594202 0.01171875 0.01863354
0 0.29492187 0.60869565 0.01015625 0.01656314
0 0.575 0.60610766 0.0125 0.01552795
0 0.50078125 0.54710144 0.009375 0.01138716
0 0.54804687 0.54968944 0.01640625 0.01863354
0 0.32226562 0.54089026 0.00859375 0.01759834
0 0.59882812 0.53571428 0.01015625 0.01138716
0 0.47382812 0.53571428 0.01328125 0.01552795
0 0.68671875 0.52432712 0.0109375 0.01759834
0 0.49765625 0.52743271 0.0171875 0.02380952
0 0.53242187 0.49327122 0.00859375 0.01345755
0 0.30078125 0.49171842 0.009375 0.01449275
0 0.63867187 0.49585921 0.00703125 0.02484472
0 0.65585937 0.47619047 0.01015625 0.01035196
0 0.56992187 0.47049689 0.01640625 0.01345755
0 0.6109375 0.46583850 0.025 0.01656314
0 0.33828125 0.44565217 0.0125 0.01138716
0 0.63398437 0.44927536 0.01328125 0.02484472
0 0.57851562 0.44306418 0.01015625 0.01242236
0 0.52578125 0.43685300 0.0109375 0.01242236
0 0.3921875 0.43530020 0.015625 0.01759834
0 0.40898437 0.42339544 0.02421875 0.03519668
0 0.49921875 0.40838509 0.0109375 0.01345755
0 0.36875 0.40942028 0.0109375 0.01552795
0 0.39726562 0.39492753 0.01171875 0.01345755
0 0.33789062 0.38043478 0.01171875 0.01759834
0 0.53945312 0.37681159 0.01171875 0.02484472
0 0.5046875 0.35041407 0.015625 0.01552795
0 0.35625 0.35455486 0.0171875 0.02380952
0 0.62695312 0.34782608 0.01015625 0.01242236
0 0.55117187 0.33643892 0.01171875 0.01863354
0 0.5328125 0.33333333 0.0203125 0.01449275
0 0.58398437 0.33074534 0.01640625 0.01138716
0 0.41210937 0.31418219 0.01015625 0.01759834
0 0.47734375 0.31159420 0.009375 0.01449275
0 0.53046875 0.30227743 0.0078125 0.01449275
0 0.58789062 0.29554865 0.01015625 0.02587991
0 0.48945312 0.27587991 0.02265625 0.00931677
0 0.55859375 0.26552795 0.0109375 0.01759834
0 0.5 0.23913043 0.0109375 0.01449275
0 0.328125 0.23343685 0.0171875 0.02380952
0 0.64921875 0.22463768 0.0109375 0.01449275
0 0.36679687 0.22360248 0.00703125 0.02070393
0 0.371875 0.16821946 0.0109375 0.01552795
0 0.53007812 0.16718426 0.01015625 0.01552795
0 0.5625 0.15786749 0.009375 0.01759834
0 0.6109375 0.15579710 0.009375 0.01552795
0 0.44609375 0.14803312 0.009375 0.01242236
0 0.3328125 0.15372670 0.0125 0.02380952
0 0.40390625 0.13457556 0.0109375 0.01449275
0 0.4421875 0.11542443 0.01875 0.01759834
0 0.38359375 0.10300207 0.0125 0.01552795
0 0.51953125 0.08022774 0.0109375 0.02173913
0 0.34492187 0.06677018 0.01171875 0.01138716
0 0.58085937 0.06573498 0.01328125 0.01345755
0 0.33476562 0.00465838 0.01171875 0.00931677