0 0.52851562 0.94409937 0.01484375 0.01863354
0 0.55898437 0.94047619 0.01640625 0.02795031
0 0.54335937 0.91925465 0.01171875 0.01863354
0 0.3296875 0.90942028 0.0203125 0.01552795
0 0.46171875 0.89130434 0.0109375 0.01656314
0 0.48632812 0.89026915 0.01015625 0.02484472
0 0.59257812 0.88095238 0.00859375 0.02484472
0 0.328125 0.86283643 0.009375 0.02587991
0 0.64414062 0.85041407 0.01328125 0.01345755
0 0.51132812 0.85196687 0.01484375 0.01656314
0 0.33476562 0.84109730 0.01015625 0.01345755
0 0.46015625 0.84109730 0.015625 0.03002070
0 0.6359375 0.82919254 0.0078125 0.01242236
0 0.51679687 0.82919254 0.01484375 0.01449275
0 0.6546875 0.82453416 0.0171875 0.01552795
0 0.30859375 0.81366459 0.0203125 0.02691511
0 0.6640625 0.80175983 0.0109375 0.01552795
0 0.6203125 0.79658385 0.0109375 0.01345755
0 0.521875 0.80279503 0.009375 0.03002070
0 0.64414062 0.77432712 0.01015625 0.01449275
0 0.60117187 0.77484472 0.01484375 0.01759834
0 0.61054687 0.75362318 0.01171875 0.02070393
0 0.42265625 0.75 0.0109375 0.01345755
0 0.37539062 0.74741200 0.01171875 0.01656314
0 0.35039062 0.71480331 0.01015625 0.01345755
0 0.52890625 0.70445134 0.0109375 0.01966873
0 0.40390625 0.68064182 0.0109375 0.01759834
0 0.62578125 0.64648033 0.0171875 0.02380952
0 0.51835937 0.63354037 0.00859375 0.01656314
0 0.56757812 0.62422360 0.00859375 0.01863354
0 0.59804687 0.61853002 0.00703125 0.02173913
0 0.42773437 0.61490683 0.01640625 0.01656314
0 0.50898437 0.58695652 0.00859375 0.01035196
0 0.41054687 0.59472049 0.00703125 0.03209109
0 0.63984375 0.57505175 0.009375 0.01138716
0 0.50898437 0.57091097 0.01796875 0.00931677
0 0.68125 0.56573498 0.0109375 0.01345755
0 0.5890625 0.55020703 0.009375 0.01759834
0 0.6859375 0.54503105 0.0125 0.00931677
0 0.4203125 0.54451345 0.0125 0.01656314
0 0.37890625 0.53985507 0.0109375 0.01552795
0 0.45546875 0.51915113 0.0109375 0.01345755
0 0.4109375 0.51293995 0.0109375 0.01138716
0 0.36640625 0.51397515 0.0140625 0.01759834
0 0.44765625 0.50155279 0.0109375 0.01345755
0 0.67695312 0.49068322 0.00859375 0.01035196
0 0.68515625 0.47619047 0.0140625 0.01035196
0 0.57265625 0.46376811 0.009375 0.01242236
0 0.68398437 0.45031055 0.01640625 0.01656314
0 0.4953125 0.44513457 0.0171875 0.03105590
0 0.53554687 0.42908902 0.01328125 0.01552795
0 0.31015625 0.40942028 0.0109375 0.01345755
0 0.50898437 0.40786749 0.01015625 0.01863354
0 0.54882812 0.40786749 0.02734375 0.02070393
0 0.37734375 0.40217391 0.015625 0.01345755
0 0.49257812 0.39958592 0.01328125 0.01242236
0 0.57734375 0.39648033 0.0140625 0.01242236
0 0.44882812 0.39078674 0.01015625 0.01345755
0 0.6265625 0.38561076 0.009375 0.01345755
0 0.37734375 0.37784679 0.0109375 0.01656314
0 0.63984375 0.34989648 0.015625 0.01449275
0 0.4109375 0.34161490 0.0109375 0.01656314
0 0.42539062 0.31987577 0.01015625 0.01035196
0 0.56171875 0.31573498 0.0109375 0.01449275
0 0.62109375 0.30693581 0.0125 0.01345755
0 0.61679687 0.27122153 0.01484375 0.01656314
0 0.43046875 0.27691511 0.0171875 0.04865424
0 0.59179687 0.23447204 0.02265625 0.02380952
0 0.49335937 0.21532091 0.00703125 0.01035196
0 0.528125 0.20238095 0.0140625 0.01138716
0 0.3859375 0.20496894 0.0125 0.01656314
0 0.35859375 0.20031055 0.0171875 0.02380952
0 0.56171875 0.18840579 0.0109375 0.01449275
0 0.49453125 0.18995859 0.0171875 0.02380952
0 0.46171875 0.18581780 0.0203125 0.01966873
0 0.40703125 0.16407867 0.0171875 0.02380952
0 0.45429687 0.15579710 0.01015625 0.01345755
0 0.35703125 0.13612836 0.0109375 0.01345755
0 0.45039062 0.13664596 0.01328125 0.01656314
0 0.590625 0.12163561 0.009375 0.01759834
0 0.37460937 0.12525879 0.01953125 0.03312629
0 0.34296875 0.11490683 0.009375 0.01449275
0 0.64804687 0.11335403 0.01328125 0.01552795
0 0.60078125 0.10507246 0.0109375 0.01138716
0 0.42304687 0.09679089 0.01015625 0.01345755
0 0.56601562 0.09368530 0.01328125 0.01345755
0 0.53828125 0.07505175 0.0078125 0.02587991
0 0.34453125 0.07401656 0.0171875 0.02380952
0 0.53828125 0.04917184 0.0171875 0.02380952
0 0.3984375 0.03830227 0.0140625 0.01449275
0 0.29296875 0.00310559 0.009375 0.00621118