0 0.40742187 0.87370600 0.02265625 0.01449275
0 0.66875 0.82194616 0.0265625 0.03726708
0 0.47539062 0.80072463 0.01640625 0.01966873
0 0.37539062 0.76966873 0.01640625 0.01552795
0 0.49921875 0.76708074 0.0234375 0.02277432
0 0.44179687 0.75103519 0.01640625 0.02173913
0 0.55625 0.72826086 0.0125 0.02380952
0 0.62421875 0.71635610 0.015625 0.02484472
0 0.55859375 0.63198757 0.0265625 0.03623188
0 0.66757812 0.60559006 0.02421875 0.03519668
0 0.33359375 0.49327122 0.021875 0.02380952
0 0.41132812 0.49068322 0.01328125 0.02484472
0 0.5921875 0.47515527 0.021875 0.02277432
0 0.58164062 0.43478260 0.02578125 0.01863354
0 0.59960937 0.38923395 0.02109375 0.02691511
0 0.5390625 0.32712215 0.0171875 0.01863354
0 0.4734375 0.26552795 0.053125 0.04037267
0 0.35703125 0.12681159 0.0203125 0.02587991