0 0.36484375 0.98447204 0.0078125 0.02484472
0 0.48320312 0.98136645 0.01328125 0.02070393
0 0.4390625 0.93115942 0.0171875 0.02380952
0 0.32695312 0.92494824 0.01328125 0.02380952
0 0.31210937 0.90683229 0.00859375 0.02070393
0 0.66875 0.90217391 0.0125 0.01552795
0 0.55625 0.89026915 0.0125 0.01656314
0 0.6796875 0.87939958 0.0140625 0.01966873
0 0.33085937 0.87318840 0.01171875 0.01552795
0 0.37734375 0.86904761 0.028125 0.02795031
0 0.60117187 0.85714285 0.01171875 0.02484472
0 0.55507812 0.85817805 0.02265625 0.03726708
0 0.40234375 0.84834368 0.015625 0.01966873
0 0.56484375 0.82971014 0.0171875 0.02380952
0 0.45703125 0.81832298 0.009375 0.01345755
0 0.43125 0.81004140 0.015625 0.01552795
0 0.46445312 0.80072463 0.02109375 0.01345755
0 0.33867187 0.79968944 0.00859375 0.01552795
0 0.60039062 0.75 0.02109375 0.01552795
0 0.56914062 0.74844720 0.01328125 0.01863354
0 0.44414062 0.74378881 0.00859375 0.01345755
0 0.32890625 0.72826086 0.0109375 0.01552795
0 0.58398437 0.72515527 0.01015625 0.01552795
0 0.44765625 0.71014492 0.009375 0.02070393
0 0.6734375 0.70186335 0.0125 0.01656314
0 0.51132812 0.65838509 0.00859375 0.01449275
0 0.31132812 0.65113871 0.00703125 0.03519668
0 0.6046875 0.62939958 0.025 0.04140786
0 0.66328125 0.61387163 0.0140625 0.01449275
0 0.48164062 0.59368530 0.00859375 0.01138716
0 0.55898437 0.60766045 0.01796875 0.04554865
0 0.66640625 0.59161490 0.0171875 0.02380952
0 0.46914062 0.58799171 0.01484375 0.01656314
0 0.63359375 0.58281573 0.0109375 0.01242236
0 0.315625 0.58229813 0.021875 0.02173913
0 0.3875 0.56987577 0.0109375 0.01552795
0 0.4546875 0.57142857 0.0125 0.02070393
0 0.40976562 0.56469979 0.00703125 0.01552795
0 0.49726562 0.54761904 0.01015625 0.01242236
0 0.37226562 0.54606625 0.01015625 0.01345755
0 0.51992187 0.54347826 0.01015625 0.01656314
0 0.48242187 0.52329192 0.01953125 0.02795031
0 0.52382812 0.50879917 0.01484375 0.01345755
0 0.315625 0.50258799 0.0109375 0.01552795
0 0.3375 0.50155279 0.0171875 0.01552795
0 0.478125 0.48913043 0.0125 0.01345755
0 0.35273437 0.47101449 0.01328125 0.01656314
0 0.31328125 0.46428571 0.0109375 0.02173913
0 0.37734375 0.45859213 0.0109375 0.01449275
0 0.40664062 0.46066252 0.02421875 0.02070393
0 0.31289062 0.44151138 0.00859375 0.01138716
0 0.45898437 0.43064182 0.00859375 0.01242236
0 0.41679687 0.43167701 0.01640625 0.02070393
0 0.3515625 0.43115942 0.0171875 0.02380952
0 0.3 0.42080745 0.009375 0.01138716
0 0.64453125 0.41614906 0.009375 0.01242236
0 0.31601562 0.40579710 0.01015625 0.01449275
0 0.66328125 0.39596273 0.0140625 0.02380952
0 0.34882812 0.38302277 0.01484375 0.01035196
0 0.62148437 0.37991718 0.01171875 0.01449275
0 0.46953125 0.38457556 0.0171875 0.02380952
0 0.60390625 0.37836438 0.0125 0.01552795
0 0.49375 0.37629399 0.0171875 0.02380952
0 0.615625 0.35351966 0.0265625 0.03002070
0 0.40195312 0.34213250 0.01328125 0.01345755
0 0.37539062 0.34109730 0.01015625 0.01345755
0 0.5953125 0.34006211 0.009375 0.02173913
0 0.5578125 0.33074534 0.0140625 0.01138716
0 0.63515625 0.30020703 0.0125 0.01863354
0 0.61328125 0.27380952 0.0140625 0.02173913
0 0.3703125 0.25879917 0.015625 0.03105590
0 0.59375 0.24068322 0.009375 0.01345755
0 0.44648437 0.22515527 0.01171875 0.01759834
0 0.51875 0.22515527 0.0203125 0.02380952
0 0.3328125 0.21118012 0.0109375 0.01449275
0 0.4703125 0.21790890 0.021875 0.03209109
0 0.47265625 0.17494824 0.0125 0.01656314
0 0.6015625 0.15683229 0.0109375 0.01552795
0 0.61992187 0.15372670 0.01484375 0.01966873
0 0.5578125 0.15579710 0.0171875 0.02380952
0 0.38125 0.11853002 0.009375 0.00931677
0 0.4984375 0.12163561 0.0140625 0.01759834
0 0.55625 0.10351966 0.01875 0.02484472
0 0.3328125 0.09679089 0.0125 0.02380952
0 0.63710937 0.06832298 0.00859375 0.01656314
0 0.61367187 0.06780538 0.01328125 0.01759834
0 0.4796875 0.06418219 0.028125 0.03105590