0 0.509375 0.83178053 0.021875 0.02380952
0 0.50078125 0.78881987 0.01875 0.02277432
0 0.41601562 0.78519668 0.01796875 0.02795031
0 0.47695312 0.76242236 0.02109375 0.03002070
0 0.58710937 0.71635610 0.02109375 0.02898550
0 0.62226562 0.70703933 0.02109375 0.02484472
0 0.68398437 0.65890269 0.01484375 0.01345755
0 0.49960937 0.60869565 0.01484375 0.01242236
0 0.59648437 0.60662525 0.02421875 0.02070393
0 0.49960937 0.52277432 0.01171875 0.01863354
0 0.56445312 0.49275362 0.01796875 0.02484472
0 0.609375 0.44668737 0.0109375 0.01759834
0 0.38554687 0.42339544 0.01640625 0.01863354
0 0.64882812 0.40631469 0.01328125 0.01552795
0 0.62851562 0.40890269 0.02421875 0.02691511
0 0.634375 0.34782608 0.0171875 0.01863354
0 0.5359375 0.33333333 0.0140625 0.02277432
0 0.64023437 0.26552795 0.01171875 0.01759834
0 0.434375 0.23447204 0.0265625 0.02173913
0 0.50429687 0.14699792 0.01171875 0.01656314
0 0.57265625 0.11801242 0.0140625 0.02898550
0 0.43203125 0.08902691 0.0171875 0.01242236
0 0.50039062 0.07298136 0.01484375 0.02380952
0 0.35390625 0.06780538 0.01875 0.03416149
0 0.47382812 0.05020703 0.01328125 0.01966873
0 0.59414062 0.03053830 0.01328125 0.02173913