0 0.69492187 0.94668737 0.02109375 0.01345755
0 0.3875 0.93840579 0.015625 0.01966873
0 0.44257812 0.93374741 0.02109375 0.02070393
0 0.3109375 0.92494824 0.0171875 0.02173913
0 0.52109375 0.90838509 0.0171875 0.02380952
0 0.54765625 0.88509316 0.0140625 0.01035196
0 0.6328125 0.88354037 0.0125 0.02380952
0 0.415625 0.87888198 0.0125 0.01656314
0 0.5484375 0.86594202 0.009375 0.01552795
0 0.4578125 0.85766045 0.015625 0.01966873
0 0.48125 0.84523809 0.0171875 0.02380952
0 0.309375 0.83178053 0.0171875 0.02380952
0 0.58398437 0.81107660 0.01171875 0.01138716
0 0.31328125 0.80383022 0.0125 0.01345755
0 0.51015625 0.79865424 0.0109375 0.01345755
0 0.29453125 0.79761904 0.0125 0.02380952
0 0.58085937 0.78933747 0.01796875 0.02173913
0 0.446875 0.78364389 0.009375 0.01656314
0 0.37226562 0.78623188 0.02890625 0.02795031
0 0.38945312 0.76811594 0.01328125 0.01449275
0 0.64921875 0.75828157 0.0203125 0.01345755
0 0.45546875 0.70652173 0.015625 0.02173913
0 0.62890625 0.69824016 0.0125 0.01345755
0 0.39492187 0.69616977 0.00859375 0.02173913
0 0.475 0.69616977 0.0171875 0.02380952
0 0.52578125 0.67805383 0.0171875 0.01035196
0 0.65625 0.67908902 0.015625 0.02070393
0 0.42773437 0.66614906 0.01328125 0.01759834
0 0.29492187 0.66718426 0.01328125 0.02380952
0 0.36328125 0.66097308 0.0171875 0.02380952
0 0.44648437 0.65010351 0.00859375 0.01242236
0 0.32226562 0.64958592 0.01484375 0.01966873
0 0.46835937 0.63923395 0.01640625 0.01759834
0 0.621875 0.62939958 0.0109375 0.02070393
0 0.340625 0.62267080 0.0125 0.01759834
0 0.3703125 0.61438923 0.0171875 0.02380952
0 0.52929687 0.59886128 0.01015625 0.01552795
0 0.65039062 0.57142857 0.01484375 0.01242236
0 0.30507812 0.54451345 0.00859375 0.01449275
0 0.55703125 0.54399585 0.0140625 0.01759834
0 0.60976562 0.50828157 0.01015625 0.01449275
0 0.6875 0.49430641 0.009375 0.00931677
0 0.67734375 0.49792960 0.0078125 0.02277432
0 0.55429687 0.49171842 0.00859375 0.01449275
0 0.48945312 0.48291925 0.01171875 0.01345755
0 0.46992187 0.48447204 0.01171875 0.01656314
0 0.63164062 0.47774327 0.01640625 0.00931677
0 0.40859375 0.48291925 0.0125 0.01966873
0 0.39960937 0.45910973 0.01015625 0.02587991
0 0.58359375 0.44461697 0.0140625 0.01759834
0 0.6484375 0.42339544 0.009375 0.01242236
0 0.453125 0.40476190 0.015625 0.01656314
0 0.30039062 0.39337474 0.01953125 0.01242236
0 0.54609375 0.38405797 0.015625 0.01863354
0 0.56796875 0.37525879 0.0078125 0.01138716
0 0.58046875 0.35766045 0.0171875 0.02380952
0 0.51171875 0.33333333 0.015625 0.01449275
0 0.46640625 0.33540372 0.0125 0.03312629
0 0.51875 0.30434782 0.0078125 0.02277432
0 0.35859375 0.30124223 0.0140625 0.02070393
0 0.4015625 0.29658385 0.0140625 0.01966873
0 0.33710937 0.28105590 0.01015625 0.01138716
0 0.51679687 0.27639751 0.01484375 0.02070393
0 0.52148437 0.25362318 0.00859375 0.01242236
0 0.59648437 0.24792960 0.01171875 0.01552795
0 0.4984375 0.23136645 0.009375 0.01345755
0 0.60234375 0.23084886 0.0109375 0.01656314
0 0.35117187 0.22981366 0.01171875 0.02898550
0 0.46953125 0.20859213 0.0171875 0.01759834
0 0.57734375 0.19099378 0.009375 0.01345755
0 0.37890625 0.19099378 0.0171875 0.02380952
0 0.45664062 0.17443064 0.01171875 0.01138716
0 0.61367187 0.17701863 0.01171875 0.02277432
0 0.59296875 0.15165631 0.0171875 0.02380952
0 0.4640625 0.14130434 0.0171875 0.01966873
0 0.52226562 0.12991718 0.01953125 0.01138716
0 0.6453125 0.12991718 0.01875 0.03623188
0 0.63945312 0.09265010 0.01171875 0.01345755
0 0.48554687 0.09368530 0.01171875 0.01966873
0 0.34765625 0.08022774 0.0171875 0.02380952
0 0.459375 0.07142857 0.0125 0.03105590
0 0.41367187 0.06211180 0.02109375 0.02484472
0 0.6296875 0.05124223 0.0171875 0.02380952
0 0.56640625 0.02122153 0.0171875 0.02380952
0 0.68242187 0.01449275 0.01328125 0.01656314
0 0.58398437 0.01345755 0.01171875 0.01449275
0 0.39023437 0.00414078 0.00703125 0.00828157