0 0.44257812 0.95807453 0.02578125 0.03416149
0 0.3140625 0.83074534 0.028125 0.01966873
0 0.65546875 0.83333333 0.021875 0.03105590
0 0.58515625 0.79917184 0.021875 0.02484472
0 0.39101562 0.79296066 0.01796875 0.02277432
0 0.36992187 0.73447204 0.01015625 0.01552795
0 0.41757812 0.73447204 0.01171875 0.01759834
0 0.44101562 0.66149068 0.02265625 0.03105590
0 0.55 0.64233954 0.015625 0.02173913
0 0.31328125 0.63664596 0.0171875 0.03519668
0 0.35117187 0.55641821 0.01640625 0.03002070
0 0.36875 0.53105590 0.0078125 0.01863354
0 0.39101562 0.43115942 0.02265625 0.04244306
0 0.32617187 0.38716356 0.01796875 0.02484472
0 0.625 0.33229813 0.0125 0.02070393
0 0.60429687 0.29089026 0.01484375 0.01863354
0 0.475 0.26552795 0.0265625 0.03830227
0 0.378125 0.16304347 0.025 0.02795031
0 0.48554687 0.11283643 0.02109375 0.01035196
0 0.61796875 0.08333333 0.01875 0.02380952