0 0.47382812 0.92443064 0.02265625 0.04140786
0 0.59453125 0.89285714 0.0171875 0.01759834
0 0.35664062 0.87991718 0.01484375 0.01035196
0 0.66367187 0.85766045 0.01796875 0.01966873
0 0.4140625 0.85559006 0.021875 0.02380952
0 0.5515625 0.79347826 0.0125 0.01966873
0 0.6515625 0.77795031 0.01875 0.01759834
0 0.31289062 0.72308488 0.01015625 0.02380952
0 0.51054687 0.71842650 0.02265625 0.02691511
0 0.615625 0.68892339 0.025 0.03002070
0 0.67773437 0.67960662 0.01796875 0.03209109
0 0.5171875 0.66149068 0.0125 0.01863354
0 0.42460937 0.48498964 0.01953125 0.02795031
0 0.3546875 0.47101449 0.025 0.03933747
0 0.50078125 0.31677018 0.01875 0.02691511
0 0.41835937 0.29658385 0.02109375 0.02173913
0 0.53359375 0.25776397 0.0140625 0.02277432
0 0.42617187 0.17287784 0.02578125 0.03105590
0 0.56171875 0.17184265 0.021875 0.03312629
0 0.34375 0.11697722 0.009375 0.01863354