0 0.48320312 0.89026915 0.01796875 0.02484472
0 0.40976562 0.84886128 0.01640625 0.03105590
0 0.59804687 0.71583850 0.01484375 0.01552795
0 0.63515625 0.69358178 0.0359375 0.02277432
0 0.571875 0.61594202 0.0296875 0.02277432
0 0.66953125 0.60973084 0.0203125 0.02691511
0 0.43867187 0.48550724 0.01640625 0.03105590
0 0.32695312 0.47153209 0.01484375 0.02173913
0 0.59960937 0.38923395 0.02109375 0.02691511
0 0.48632812 0.37888198 0.01640625 0.02691511
0 0.45664062 0.37111801 0.01328125 0.01552795
0 0.40820312 0.36024844 0.02421875 0.02277432
0 0.38046875 0.35196687 0.01875 0.01656314
0 0.43007812 0.31625258 0.01484375 0.01966873
0 0.609375 0.31211180 0.01875 0.01552795
0 0.49296875 0.27898550 0.046875 0.03002070
0 0.56679687 0.24275362 0.04296875 0.03830227
0 0.53984375 0.18788819 0.0171875 0.02173913
0 0.359375 0.08436853 0.0140625 0.01759834