0 0.39179687 0.98913043 0.01171875 0.01552795
0 0.62265625 0.98033126 0.0125 0.01035196
0 0.58007812 0.98240165 0.01328125 0.02277432
0 0.44960937 0.97567287 0.02265625 0.01552795
0 0.6046875 0.96325051 0.009375 0.01345755
0 0.62226562 0.96118012 0.01171875 0.02587991
0 0.37265625 0.94461697 0.0203125 0.02380952
0 0.36523437 0.92184265 0.02265625 0.01345755
0 0.31054687 0.86697722 0.01640625 0.01345755
0 0.50195312 0.86645962 0.01328125 0.01656314
0 0.68476562 0.84472049 0.01328125 0.01656314
0 0.33828125 0.84420289 0.0171875 0.02380952
0 0.47617187 0.83126293 0.01171875 0.01449275
0 0.45351562 0.83074534 0.01015625 0.01345755
0 0.36015625 0.82608695 0.015625 0.01035196
0 0.65273437 0.82349896 0.01015625 0.01345755
0 0.4078125 0.82194616 0.009375 0.01449275
0 0.31132812 0.82194616 0.01015625 0.01656314
0 0.33515625 0.81418219 0.0171875 0.02380952
0 0.57890625 0.81211180 0.0171875 0.02380952
0 0.47460937 0.79865424 0.00859375 0.01138716
0 0.50820312 0.78416149 0.01015625 0.01552795
0 0.29179687 0.77743271 0.00703125 0.01656314
0 0.584375 0.77587991 0.0125 0.01552795
0 0.54765625 0.77018633 0.0078125 0.01449275
0 0.3609375 0.76863354 0.0109375 0.02173913
0 0.3859375 0.76293995 0.0109375 0.01449275
0 0.31992187 0.75103519 0.01171875 0.01759834
0 0.6328125 0.73395445 0.0109375 0.01242236
0 0.48203125 0.73757763 0.0171875 0.02380952
0 0.38632812 0.72981366 0.01171875 0.01449275
0 0.35976562 0.72256728 0.01015625 0.01242236
0 0.45859375 0.73136645 0.009375 0.03209109
0 0.5921875 0.71997929 0.009375 0.01138716
0 0.55820312 0.71532091 0.01328125 0.01449275
0 0.35234375 0.70755693 0.0140625 0.01552795
0 0.66054687 0.69668737 0.01953125 0.01035196
0 0.65351562 0.64648033 0.01328125 0.02587991
0 0.39179687 0.62784679 0.00703125 0.01759834
0 0.57304687 0.63302277 0.01796875 0.03209109
0 0.4828125 0.62008281 0.025 0.01035196
0 0.44570312 0.61697722 0.02109375 0.01242236
0 0.30117187 0.61076604 0.01328125 0.01656314
0 0.6140625 0.59420289 0.0140625 0.01242236
0 0.35039062 0.57971014 0.01171875 0.01449275
0 0.35585937 0.56004140 0.01171875 0.01449275
0 0.65390625 0.55641821 0.009375 0.01138716
0 0.34335937 0.54968944 0.01015625 0.01242236
0 0.38085937 0.54244306 0.00859375 0.01242236
0 0.41953125 0.53985507 0.0125 0.01552795
0 0.63398437 0.53312629 0.01015625 0.01242236
0 0.35976562 0.51863354 0.01015625 0.01449275
0 0.60585937 0.51293995 0.01484375 0.01759834
0 0.5265625 0.50879917 0.0203125 0.03623188
0 0.44140625 0.49275362 0.009375 0.01656314
0 0.55117187 0.48447204 0.00859375 0.02898550
0 0.38242187 0.45652173 0.01171875 0.01449275
0 0.58359375 0.44306418 0.0125 0.01656314
0 0.359375 0.44306418 0.0078125 0.01656314
0 0.63984375 0.43685300 0.0140625 0.01863354
0 0.42539062 0.43374741 0.01171875 0.01656314
0 0.2984375 0.42391304 0.015625 0.01759834
0 0.35039062 0.39699792 0.01015625 0.01552795
0 0.39609375 0.39182194 0.0171875 0.02380952
0 0.36953125 0.37577639 0.0140625 0.01656314
0 0.421875 0.36128364 0.0125 0.02070393
0 0.36835937 0.35300207 0.01171875 0.01656314
0 0.51601562 0.34109730 0.00859375 0.00931677
0 0.55507812 0.34782608 0.01953125 0.03105590
0 0.49296875 0.33126293 0.0125 0.01242236
0 0.58164062 0.33178053 0.01640625 0.02380952
0 0.37265625 0.32712215 0.0109375 0.01449275
0 0.35234375 0.31159420 0.015625 0.02070393
0 0.63125 0.29968944 0.0109375 0.01552795
0 0.578125 0.29037267 0.0171875 0.02380952
0 0.61640625 0.28209109 0.0125 0.01552795
0 0.5453125 0.26604554 0.0125 0.01656314
0 0.37460937 0.26501035 0.00859375 0.02691511
0 0.4015625 0.23861283 0.0109375 0.01345755
0 0.60390625 0.22463768 0.0078125 0.01656314
0 0.43164062 0.21997929 0.00859375 0.01345755
0 0.5921875 0.20600414 0.0140625 0.01449275
0 0.54335937 0.18633540 0.01171875 0.01656314
0 0.43515625 0.18374741 0.0125 0.01759834
0 0.33398437 0.17960662 0.01484375 0.01345755
0 0.63359375 0.17236024 0.009375 0.02795031
0 0.56132812 0.16045548 0.02734375 0.04347826
0 0.58515625 0.13819875 0.009375 0.01552795
0 0.34179687 0.11801242 0.01484375 0.01449275
0 0.50585937 0.10817805 0.01015625 0.01345755
0 0.59648437 0.08954451 0.01015625 0.01138716
0 0.64804687 0.09730848 0.01015625 0.03105590
0 0.43046875 0.02018633 0.0171875 0.02380952
0 0.33945312 0.01708074 0.01328125 0.02587991