0 0.40625 0.88975155 0.0203125 0.01552795
0 0.43984375 0.89130434 0.01875 0.02484472
0 0.51796875 0.88923395 0.015625 0.02277432
0 0.48320312 0.89026915 0.01796875 0.02484472
0 0.453125 0.85559006 0.021875 0.01552795
0 0.35703125 0.80641821 0.0203125 0.02484472
0 0.34921875 0.74068322 0.015625 0.02173913
0 0.5890625 0.66718426 0.01875 0.01966873
0 0.47148437 0.55848861 0.01171875 0.03209109
0 0.57773437 0.52898550 0.02421875 0.01449275
0 0.5921875 0.47515527 0.021875 0.02277432
0 0.3890625 0.45755693 0.0140625 0.02484472
0 0.56328125 0.42546583 0.0171875 0.02898550
0 0.38046875 0.41718426 0.0171875 0.02070393
0 0.43476562 0.39440993 0.01640625 0.02484472
0 0.540625 0.38198757 0.021875 0.03312629
0 0.48632812 0.37888198 0.01640625 0.02691511
0 0.63359375 0.35248447 0.01875 0.02173913
0 0.628125 0.31469979 0.0296875 0.04554865
0 0.63242187 0.28053830 0.01484375 0.02277432
0 0.50820312 0.27432712 0.01640625 0.02277432
0 0.59765625 0.23964803 0.0203125 0.02795031
0 0.51171875 0.22360248 0.028125 0.02691511
0 0.346875 0.11231884 0.0203125 0.02587991