0 0.54570312 0.98188405 0.01015625 0.01966873
0 0.29609375 0.97412008 0.01875 0.01449275
0 0.33476562 0.94824016 0.01328125 0.01242236
0 0.66523437 0.93840579 0.01796875 0.01759834
0 0.61328125 0.92546583 0.0078125 0.01035196
0 0.3328125 0.90993788 0.0125 0.01656314
0 0.40820312 0.90579710 0.01015625 0.01242236
0 0.675 0.88561076 0.0171875 0.02380952
0 0.603125 0.88198757 0.009375 0.01656314
0 0.52890625 0.88250517 0.0140625 0.01966873
0 0.42070312 0.87784679 0.01796875 0.01242236
0 0.31445312 0.87163561 0.01328125 0.01449275
0 0.64570312 0.86283643 0.01015625 0.01345755
0 0.51289062 0.85093167 0.01171875 0.01656314
0 0.67070312 0.84886128 0.01015625 0.01449275
0 0.659375 0.84057971 0.01875 0.02691511
0 0.60703125 0.82298136 0.009375 0.01242236
0 0.3015625 0.82919254 0.0203125 0.02691511
0 0.37539062 0.82091097 0.01171875 0.01656314
0 0.60859375 0.80538302 0.0078125 0.02070393
0 0.37226562 0.79968944 0.01015625 0.00931677
0 0.35507812 0.79296066 0.01328125 0.01656314
0 0.625 0.79037267 0.0125 0.01345755
0 0.56328125 0.77070393 0.015625 0.00931677
0 0.35585937 0.77329192 0.01015625 0.01449275
0 0.44101562 0.77329192 0.01796875 0.02277432
0 0.40234375 0.75724637 0.015625 0.01552795
0 0.41796875 0.74844720 0.0125 0.02070393
0 0.3375 0.74275362 0.01875 0.01138716
0 0.31210937 0.74171842 0.01015625 0.01552795
0 0.62617187 0.74585921 0.00859375 0.02587991
0 0.5015625 0.74275362 0.0171875 0.02380952
0 0.3578125 0.73861283 0.009375 0.01552795
0 0.55234375 0.74327122 0.021875 0.02691511
0 0.48632812 0.72360248 0.00859375 0.01242236
0 0.671875 0.72463768 0.015625 0.02070393
0 0.45195312 0.72153209 0.01171875 0.03312629
0 0.3390625 0.70186335 0.0171875 0.02277432
0 0.29609375 0.69047619 0.0140625 0.01656314
0 0.54726562 0.68788819 0.01171875 0.02380952
0 0.446875 0.67598343 0.0125 0.01863354
0 0.39609375 0.63716356 0.0171875 0.02380952
0 0.67265625 0.63405797 0.0140625 0.02380952
0 0.60664062 0.60921325 0.01328125 0.01966873
0 0.49960937 0.59472049 0.01484375 0.01345755
0 0.5609375 0.58074534 0.0125 0.01863354
0 0.34570312 0.54865424 0.01328125 0.01242236
0 0.46484375 0.51501035 0.0109375 0.01345755
0 0.6390625 0.50569358 0.0125 0.01552795
0 0.503125 0.49171842 0.0078125 0.01449275
0 0.38984375 0.48343685 0.0234375 0.04347826
0 0.30703125 0.43788819 0.015625 0.01656314
0 0.57226562 0.43322981 0.01640625 0.01345755
0 0.45585937 0.40476190 0.01328125 0.01035196
0 0.43515625 0.39389233 0.009375 0.01345755
0 0.46210937 0.38354037 0.01484375 0.02587991
0 0.5453125 0.37939958 0.0109375 0.03002070
0 0.58046875 0.36490683 0.009375 0.01138716
0 0.47460937 0.36076604 0.01015625 0.01552795
0 0.6078125 0.32971014 0.0109375 0.01552795
0 0.41484375 0.31107660 0.009375 0.01345755
0 0.51601562 0.31107660 0.02265625 0.02587991
0 0.49882812 0.27587991 0.00859375 0.01138716
0 0.478125 0.27122153 0.009375 0.01242236
0 0.50820312 0.23084886 0.01015625 0.01449275
0 0.44140625 0.22101449 0.0078125 0.01138716
0 0.38476562 0.23033126 0.02109375 0.03416149
0 0.56875 0.21946169 0.015625 0.01656314
0 0.3484375 0.22826086 0.0171875 0.03416149
0 0.4984375 0.21169772 0.0125 0.01552795
0 0.5859375 0.20496894 0.009375 0.01242236
0 0.64492187 0.19616977 0.01015625 0.01345755
0 0.36601562 0.16925465 0.01015625 0.01138716
0 0.55742187 0.16563146 0.01328125 0.02691511
0 0.50859375 0.14596273 0.0109375 0.01449275
0 0.64179687 0.14440993 0.01171875 0.01759834
0 0.35351562 0.12629399 0.00703125 0.01035196
0 0.39960937 0.11904761 0.00859375 0.01242236
0 0.56953125 0.09109730 0.0109375 0.01656314
0 0.50234375 0.08436853 0.0109375 0.01345755
0 0.36835937 0.08281573 0.00859375 0.01035196
0 0.46796875 0.07349896 0.015625 0.01863354
0 0.41679687 0.06884057 0.01484375 0.01966873
0 0.39257812 0.06314699 0.02109375 0.02691511
0 0.5640625 0.05434782 0.0125 0.01966873
0 0.48046875 0.05020703 0.0109375 0.01552795
0 0.50390625 0.00983436 0.0140625 0.01345755
0 0.40429687 0.00724637 0.01328125 0.01035196
0 0.55820312 0.00983436 0.01484375 0.01759834
0 0.32148437 0.01552795 0.01328125 0.03105590