0 0.4296875 0.99171842 0.0125 0.01656314
0 0.54453125 0.98809523 0.0078125 0.01552795
0 0.60664062 0.97722567 0.00703125 0.01242236
0 0.42929687 0.96687370 0.00859375 0.01242236
0 0.65703125 0.96532091 0.0171875 0.02380952
0 0.48359375 0.91407867 0.0078125 0.01035196
0 0.56367187 0.91614906 0.01328125 0.01863354
0 0.38867187 0.90062111 0.02109375 0.01656314
0 0.67617187 0.88509316 0.01484375 0.01656314
0 0.43085937 0.88250517 0.01640625 0.01552795
0 0.30820312 0.88302277 0.01328125 0.01656314
0 0.47617187 0.87318840 0.01015625 0.01345755
0 0.36757812 0.87991718 0.01484375 0.03312629
0 0.41757812 0.86180124 0.01484375 0.01759834
0 0.62382812 0.85869565 0.00859375 0.01552795
0 0.509375 0.85455486 0.0109375 0.01552795
0 0.6640625 0.83022774 0.009375 0.01449275
0 0.40664062 0.82660455 0.01171875 0.01345755
0 0.63007812 0.82556935 0.01640625 0.02380952
0 0.56367187 0.80486542 0.01328125 0.01966873
0 0.37773437 0.79658385 0.00859375 0.01345755
0 0.67265625 0.79037267 0.0140625 0.01345755
0 0.5296875 0.77743271 0.009375 0.01242236
0 0.61601562 0.76086956 0.00859375 0.01449275
0 0.515625 0.76190476 0.015625 0.01656314
0 0.33710937 0.75983436 0.00859375 0.02484472
0 0.6546875 0.74430641 0.0078125 0.01242236
0 0.5671875 0.73757763 0.009375 0.01552795
0 0.38046875 0.73498964 0.0078125 0.01242236
0 0.47851562 0.74327122 0.01484375 0.03105590
0 0.52851562 0.72308488 0.01171875 0.01966873
0 0.31914062 0.71739130 0.01015625 0.01449275
0 0.6109375 0.72722567 0.025 0.04244306
0 0.41367187 0.68685300 0.01171875 0.01552795
0 0.590625 0.68892339 0.01875 0.03830227
0 0.3765625 0.67028985 0.0171875 0.02380952
0 0.31796875 0.65838509 0.0140625 0.02070393
0 0.496875 0.65424430 0.0078125 0.01656314
0 0.52929687 0.64337474 0.01015625 0.01552795
0 0.58046875 0.63354037 0.0203125 0.02277432
0 0.47851562 0.62629399 0.00703125 0.02070393
0 0.52851562 0.61697722 0.01171875 0.01035196
0 0.32734375 0.62267080 0.0171875 0.02380952
0 0.546875 0.61180124 0.009375 0.01656314
0 0.4140625 0.61024844 0.0171875 0.02380952
0 0.65585937 0.60196687 0.01640625 0.01138716
0 0.60664062 0.57815734 0.01015625 0.01345755
0 0.3875 0.58126293 0.0171875 0.02380952
0 0.64804687 0.57039337 0.01015625 0.01449275
0 0.51523437 0.56107660 0.01328125 0.01242236
0 0.5359375 0.54917184 0.0140625 0.01552795
0 0.47070312 0.53933747 0.01328125 0.01449275
0 0.66679687 0.54037267 0.01640625 0.01863354
0 0.29570312 0.53364389 0.01484375 0.02380952
0 0.36484375 0.53002070 0.0125 0.01863354
0 0.44023437 0.50931677 0.00859375 0.02070393
0 0.4828125 0.49327122 0.0171875 0.02380952
0 0.3 0.47567287 0.0171875 0.02173913
0 0.38085937 0.45962732 0.00703125 0.01449275
0 0.43046875 0.44358178 0.0125 0.02173913
0 0.45859375 0.43581780 0.0078125 0.02070393
0 0.403125 0.41925465 0.0109375 0.01863354
0 0.47304687 0.40734989 0.01015625 0.01345755
0 0.63007812 0.39130434 0.01171875 0.01656314
0 0.54140625 0.37318840 0.0109375 0.01345755
0 0.32929687 0.35610766 0.01328125 0.01656314
0 0.55195312 0.35403726 0.02109375 0.02691511
0 0.51484375 0.33074534 0.0109375 0.00931677
0 0.60742187 0.32815734 0.01328125 0.01863354
0 0.38046875 0.32660455 0.0203125 0.03209109
0 0.48320312 0.30745341 0.01328125 0.01656314
0 0.52890625 0.30745341 0.009375 0.01863354
0 0.53945312 0.29089026 0.01953125 0.02277432
0 0.496875 0.25258799 0.0125 0.01449275
0 0.37929687 0.24585921 0.01171875 0.01759834
0 0.53828125 0.23913043 0.0171875 0.02277432
0 0.5234375 0.22567287 0.009375 0.01656314
0 0.4796875 0.19979296 0.0140625 0.01242236
0 0.346875 0.20031055 0.009375 0.02173913
0 0.53945312 0.19202898 0.01015625 0.01345755
0 0.51328125 0.15113871 0.015625 0.01449275
0 0.59101562 0.12629399 0.01015625 0.01242236
0 0.37773437 0.12991718 0.01796875 0.02795031
0 0.61367187 0.12111801 0.01171875 0.01656314
0 0.36484375 0.09937888 0.0125 0.01656314
0 0.50742187 0.09057971 0.01640625 0.03002070
0 0.475 0.07401656 0.015625 0.01345755
0 0.33984375 0.05538302 0.015625 0.01138716
0 0.425 0.05693581 0.0171875 0.02484472