0 0.61992187 0.98498964 0.00703125 0.02173913
0 0.5546875 0.97670807 0.0109375 0.02173913
0 0.59921875 0.97515527 0.0140625 0.02070393
0 0.46875 0.96635610 0.009375 0.01759834
0 0.45820312 0.94565217 0.01015625 0.01966873
0 0.56757812 0.93788819 0.01015625 0.01449275
0 0.32929687 0.93633540 0.02109375 0.01345755
0 0.50546875 0.90631469 0.009375 0.01345755
0 0.55820312 0.89078674 0.01640625 0.01966873
0 0.3703125 0.87215320 0.0171875 0.02380952
0 0.34570312 0.86387163 0.01015625 0.01552795
0 0.59453125 0.85973084 0.0171875 0.02380952
0 0.53046875 0.85973084 0.0171875 0.02380952
0 0.39804687 0.85041407 0.01015625 0.01552795
0 0.68828125 0.84523809 0.00625 0.01552795
0 0.63476562 0.83643892 0.01015625 0.01449275
0 0.51171875 0.83695652 0.0125 0.01552795
0 0.43828125 0.83747412 0.0140625 0.01863354
0 0.67265625 0.81004140 0.0171875 0.02380952
0 0.41601562 0.80900621 0.02734375 0.02380952
0 0.64179687 0.80175983 0.01015625 0.01138716
0 0.49023437 0.80331262 0.01328125 0.01656314
0 0.61289062 0.75569358 0.00859375 0.01242236
0 0.67734375 0.75258799 0.0125 0.01656314
0 0.38476562 0.74741200 0.01171875 0.01656314
0 0.62421875 0.74534161 0.0171875 0.01449275
0 0.40859375 0.74741200 0.0171875 0.02277432
0 0.47539062 0.73706004 0.00703125 0.01449275
0 0.56679687 0.72101449 0.01640625 0.01138716
0 0.32695312 0.70652173 0.01171875 0.01345755
0 0.3953125 0.70807453 0.0109375 0.01863354
0 0.5234375 0.70289855 0.0125 0.01863354
0 0.31640625 0.69306418 0.009375 0.01552795
0 0.37578125 0.65993788 0.0171875 0.01138716
0 0.6578125 0.66459627 0.015625 0.02277432
0 0.34023437 0.64803312 0.01796875 0.02070393
0 0.37695312 0.63095238 0.00859375 0.01138716
0 0.65585937 0.62474120 0.01484375 0.01966873
0 0.32578125 0.57867494 0.0203125 0.02484472
0 0.36601562 0.59523809 0.03046875 0.06004140
0 0.44140625 0.56728778 0.0109375 0.01449275
0 0.58789062 0.52950310 0.00859375 0.01138716
0 0.67460937 0.52950310 0.01171875 0.01552795
0 0.45390625 0.52795031 0.009375 0.01242236
0 0.65546875 0.50207039 0.015625 0.02070393
0 0.50703125 0.50103519 0.0140625 0.02070393
0 0.59414062 0.49637681 0.01640625 0.02173913
0 0.67929687 0.47981366 0.01171875 0.01966873
0 0.4859375 0.47567287 0.015625 0.02795031
0 0.38359375 0.46118012 0.0109375 0.01345755
0 0.31132812 0.44565217 0.03203125 0.03002070
0 0.56875 0.42494824 0.0109375 0.01138716
0 0.42773437 0.42805383 0.01015625 0.02380952
0 0.46875 0.42391304 0.0125 0.01759834
0 0.65390625 0.42080745 0.009375 0.01552795
0 0.34570312 0.42960662 0.01640625 0.05175983
0 0.38007812 0.40786749 0.01328125 0.01242236
0 0.58007812 0.40372670 0.00703125 0.01242236
0 0.39882812 0.39440993 0.01484375 0.01656314
0 0.60039062 0.39855072 0.02734375 0.02691511
0 0.48515625 0.38146997 0.0078125 0.00931677
0 0.48671875 0.36438923 0.0109375 0.01035196
0 0.62773437 0.35921325 0.01171875 0.01449275
0 0.50820312 0.35093167 0.01328125 0.01863354
0 0.49179687 0.34523809 0.01328125 0.01759834
0 0.5578125 0.33592132 0.0125 0.01345755
0 0.55390625 0.31314699 0.0109375 0.01552795
0 0.61796875 0.31055900 0.0109375 0.01656314
0 0.47617187 0.29296066 0.01328125 0.01449275
0 0.51132812 0.29089026 0.00859375 0.01449275
0 0.56210937 0.27536231 0.01171875 0.01863354
0 0.45507812 0.27122153 0.01171875 0.01242236
0 0.47460937 0.24430641 0.00703125 0.01035196
0 0.50585937 0.22619047 0.01015625 0.01552795
0 0.35078125 0.22567287 0.0234375 0.02070393
0 0.528125 0.19927536 0.0140625 0.01966873
0 0.53789062 0.18219461 0.01171875 0.01449275
0 0.37773437 0.18374741 0.01015625 0.02380952
0 0.33632812 0.17701863 0.01640625 0.01449275
0 0.5828125 0.14596273 0.0234375 0.01035196
0 0.4765625 0.09109730 0.0109375 0.01449275
0 0.36953125 0.08178053 0.021875 0.01863354
0 0.36445312 0.06159420 0.00859375 0.01966873
0 0.678125 0.02691511 0.0234375 0.02691511
0 0.5296875 0.02432712 0.0109375 0.02173913
0 0.28671875 0.00414078 0.0078125 0.00828157