0 0.63945312 0.81573498 0.01171875 0.02277432
0 0.3171875 0.77070393 0.0140625 0.01759834
0 0.34648437 0.78623188 0.04140625 0.06521739
0 0.39140625 0.73964803 0.01875 0.02173913
0 0.35898437 0.73395445 0.01484375 0.01449275
0 0.61367187 0.73757763 0.01796875 0.02380952
0 0.40976562 0.74171842 0.01640625 0.04037267
0 0.62421875 0.71325051 0.015625 0.01863354
0 0.55234375 0.70496894 0.015625 0.03105590
0 0.64453125 0.65683229 0.01875 0.02173913
0 0.55859375 0.63871635 0.0265625 0.04968944
0 0.659375 0.56159420 0.0359375 0.01966873
0 0.39453125 0.52329192 0.015625 0.02380952
0 0.525 0.50517598 0.015625 0.01656314
0 0.3078125 0.47360248 0.01875 0.04451345
0 0.59335937 0.44047619 0.02421875 0.02380952
0 0.64648437 0.43892339 0.01640625 0.03726708
0 0.40351562 0.39337474 0.01484375 0.01863354
0 0.43476562 0.39440993 0.01640625 0.02484472
0 0.63671875 0.32712215 0.0125 0.02070393
0 0.50273437 0.30279503 0.03515625 0.05072463
0 0.60664062 0.21946169 0.01328125 0.02277432