0 0.59765625 0.90320910 0.015625 0.00931677
0 0.30273437 0.89906832 0.01171875 0.01552795
0 0.51523437 0.88612836 0.01171875 0.01863354
0 0.38359375 0.88405797 0.0140625 0.02484472
0 0.39882812 0.88043478 0.00703125 0.02380952
0 0.32304687 0.86594202 0.01171875 0.01345755
0 0.43984375 0.85662525 0.009375 0.01138716
0 0.30117187 0.85300207 0.01484375 0.02070393
0 0.65390625 0.84057971 0.009375 0.01656314
0 0.3609375 0.83488612 0.009375 0.01345755
0 0.58125 0.82971014 0.0125 0.02173913
0 0.35976562 0.81418219 0.01484375 0.01138716
0 0.62929687 0.80848861 0.02265625 0.01242236
0 0.29882812 0.80745341 0.01171875 0.01656314
0 0.51054687 0.79399585 0.01328125 0.02070393
0 0.35976562 0.78416149 0.01640625 0.02173913
0 0.31328125 0.77484472 0.009375 0.01138716
0 0.35820312 0.76138716 0.01171875 0.01345755
0 0.50664062 0.76552795 0.01953125 0.02380952
0 0.49765625 0.73964803 0.0125 0.01759834
0 0.29609375 0.73395445 0.015625 0.01449275
0 0.48476562 0.72981366 0.01328125 0.01449275
0 0.60664062 0.72722567 0.02109375 0.02795031
0 0.6484375 0.71118012 0.0125 0.01656314
0 0.56367187 0.71118012 0.01015625 0.02277432
0 0.48554687 0.69772256 0.01015625 0.01242236
0 0.40820312 0.69099378 0.01171875 0.01552795
0 0.325 0.69099378 0.015625 0.01759834
0 0.60585937 0.67598343 0.01328125 0.01656314
0 0.43359375 0.65786749 0.0078125 0.01345755
0 0.31171875 0.65786749 0.0171875 0.01552795
0 0.57421875 0.62318840 0.0140625 0.01449275
0 0.49609375 0.59575569 0.025 0.03209109
0 0.6765625 0.58850931 0.01875 0.02380952
0 0.3265625 0.58333333 0.0109375 0.01966873
0 0.40507812 0.57246376 0.01171875 0.01242236
0 0.33125 0.56418219 0.01875 0.01035196
0 0.64882812 0.54606625 0.00703125 0.00931677
0 0.446875 0.54761904 0.0125 0.01656314
0 0.55195312 0.53519668 0.02265625 0.02070393
0 0.47070312 0.53053830 0.00859375 0.01138716
0 0.384375 0.52122153 0.0109375 0.01345755
0 0.40234375 0.51966873 0.0125 0.01863354
0 0.50273437 0.51552795 0.01171875 0.01656314
0 0.578125 0.51293995 0.015625 0.01966873
0 0.51367187 0.49637681 0.01171875 0.00931677
0 0.36953125 0.50155279 0.01875 0.02795031
0 0.559375 0.47463768 0.009375 0.01345755
0 0.32226562 0.47567287 0.01328125 0.03002070
0 0.3765625 0.46480331 0.009375 0.01035196
0 0.55078125 0.45703933 0.0109375 0.01552795
0 0.46015625 0.42650103 0.0125 0.01656314
0 0.59804687 0.41770186 0.01484375 0.01759834
0 0.4234375 0.41356107 0.0171875 0.02380952
0 0.675 0.41666666 0.025 0.03416149
0 0.55820312 0.40372670 0.00859375 0.01242236
0 0.5171875 0.39026915 0.0109375 0.01242236
0 0.49179687 0.38561076 0.01171875 0.01345755
0 0.3046875 0.39285714 0.0171875 0.02795031
0 0.41875 0.37163561 0.028125 0.02484472
0 0.634375 0.35351966 0.0140625 0.01138716
0 0.571875 0.35455486 0.0109375 0.01345755
0 0.49375 0.35093167 0.0125 0.01449275
0 0.328125 0.35093167 0.0109375 0.02277432
0 0.584375 0.35300207 0.0078125 0.03312629
0 0.44726562 0.33333333 0.01328125 0.01449275
0 0.475 0.32142857 0.0140625 0.01138716
0 0.6484375 0.30693581 0.0125 0.02380952
0 0.3625 0.25828157 0.0171875 0.02380952
0 0.47265625 0.25724637 0.0140625 0.02380952
0 0.59921875 0.24637681 0.0078125 0.02898550
0 0.48476562 0.23913043 0.01484375 0.02070393
0 0.39648437 0.23188405 0.02421875 0.02691511
0 0.503125 0.22722567 0.0171875 0.02380952
0 0.58164062 0.20238095 0.01328125 0.01759834
0 0.42265625 0.19772256 0.0078125 0.01035196
0 0.53359375 0.18374741 0.015625 0.01759834
0 0.63125 0.18374741 0.015625 0.02380952
0 0.63046875 0.15269151 0.0125 0.01759834
0 0.50234375 0.15320910 0.0140625 0.02898550
0 0.36132812 0.14389233 0.00859375 0.01449275
0 0.40234375 0.12422360 0.0140625 0.02277432
0 0.46914062 0.08799171 0.00859375 0.02277432
0 0.43007812 0.07246376 0.01796875 0.02277432
0 0.40507812 0.02743271 0.01640625 0.01552795