0 0.6265625 0.99378881 0.009375 0.01242236
0 0.56640625 0.99068322 0.015625 0.01863354
0 0.47929687 0.94409937 0.01796875 0.01035196
0 0.64335937 0.93219461 0.01953125 0.02587991
0 0.64609375 0.91304347 0.0125 0.01449275
0 0.57460937 0.90993788 0.01015625 0.01449275
0 0.32109375 0.89699792 0.0109375 0.01759834
0 0.41171875 0.88095238 0.0109375 0.01449275
0 0.39335937 0.87681159 0.01484375 0.02484472
0 0.58398437 0.84472049 0.01171875 0.01242236
0 0.39453125 0.83902691 0.0125 0.01552795
0 0.62851562 0.83074534 0.00859375 0.01138716
0 0.35078125 0.83074534 0.0078125 0.01552795
0 0.44140625 0.82815734 0.009375 0.01449275
0 0.59921875 0.82091097 0.0203125 0.01242236
0 0.45546875 0.81573498 0.009375 0.01035196
0 0.40546875 0.81418219 0.0109375 0.01759834
0 0.30976562 0.80590062 0.01171875 0.01552795
0 0.3796875 0.79296066 0.0109375 0.01656314
0 0.36132812 0.78830227 0.01484375 0.02173913
0 0.58671875 0.78726708 0.0109375 0.02795031
0 0.63945312 0.76915113 0.01171875 0.01449275
0 0.63164062 0.74223602 0.01015625 0.01449275
0 0.61640625 0.74223602 0.0140625 0.01863354
0 0.48398437 0.72670807 0.01328125 0.02070393
0 0.4109375 0.72256728 0.0171875 0.01656314
0 0.30507812 0.72412008 0.01328125 0.01966873
0 0.55898437 0.71842650 0.00859375 0.01242236
0 0.62578125 0.71790890 0.0171875 0.02380952
0 0.64140625 0.70807453 0.009375 0.02277432
0 0.33828125 0.69668737 0.0140625 0.01656314
0 0.65390625 0.68064182 0.015625 0.01966873
0 0.609375 0.66666666 0.0125 0.01656314
0 0.58710937 0.66356107 0.00703125 0.02070393
0 0.62773437 0.64855072 0.01328125 0.01966873
0 0.47382812 0.63975155 0.01328125 0.01656314
0 0.65195312 0.63612836 0.01015625 0.01138716
0 0.52304687 0.63457556 0.01484375 0.02070393
0 0.52851562 0.61387163 0.01171875 0.01035196
0 0.36367187 0.61128364 0.01171875 0.01552795
0 0.56289062 0.59834368 0.02109375 0.01863354
0 0.66445312 0.58695652 0.01171875 0.01656314
0 0.3546875 0.57815734 0.0171875 0.02380952
0 0.51328125 0.57453416 0.01875 0.01863354
0 0.415625 0.54399585 0.0109375 0.01138716
0 0.36289062 0.54451345 0.01328125 0.02898550
0 0.66445312 0.53002070 0.01015625 0.01242236
0 0.46054687 0.50931677 0.01328125 0.02898550
0 0.5890625 0.48084886 0.0125 0.01552795
0 0.3453125 0.48706004 0.0140625 0.03002070
0 0.53320312 0.47619047 0.01171875 0.02484472
0 0.5078125 0.46842650 0.0078125 0.01138716
0 0.37148437 0.44151138 0.01171875 0.01552795
0 0.46679687 0.44047619 0.01171875 0.01552795
0 0.66015625 0.44151138 0.0171875 0.02380952
0 0.63164062 0.43478260 0.01328125 0.01242236
0 0.32929687 0.42028985 0.01171875 0.01656314
0 0.30546875 0.41977225 0.0265625 0.01966873
0 0.36328125 0.40579710 0.0109375 0.01449275
0 0.64453125 0.39440993 0.0109375 0.01656314
0 0.32617187 0.38302277 0.01015625 0.01242236
0 0.50898437 0.36076604 0.01640625 0.01138716
0 0.36914062 0.33540372 0.01015625 0.01242236
0 0.46445312 0.33229813 0.01328125 0.01656314
0 0.33398437 0.30279503 0.00859375 0.01138716
0 0.39960937 0.28933747 0.02734375 0.01966873
0 0.3734375 0.28674948 0.0078125 0.01656314
0 0.34296875 0.28209109 0.009375 0.01345755
0 0.48789062 0.27950310 0.01328125 0.01449275
0 0.45 0.26966873 0.009375 0.02173913
0 0.58203125 0.26552795 0.0109375 0.01759834
0 0.64453125 0.26138716 0.0109375 0.01966873
0 0.52148437 0.25103519 0.01328125 0.01552795
0 0.59335937 0.23240165 0.00859375 0.01552795
0 0.6359375 0.23084886 0.025 0.02070393
0 0.49296875 0.21997929 0.0140625 0.03002070
0 0.35664062 0.19772256 0.01796875 0.01863354
0 0.55234375 0.17753623 0.0140625 0.02795031
0 0.43632812 0.16977225 0.01015625 0.02277432
0 0.61054687 0.15683229 0.01640625 0.01966873
0 0.58710937 0.14389233 0.01640625 0.02070393
0 0.38398437 0.13612836 0.01171875 0.01552795
0 0.50859375 0.11387163 0.0125 0.01242236
0 0.5640625 0.10196687 0.0140625 0.01552795
0 0.5515625 0.09161490 0.0109375 0.01552795
0 0.465625 0.08695652 0.0140625 0.01863354
0 0.49921875 0.07505175 0.0125 0.01552795
0 0.34023437 0.06677018 0.00703125 0.01552795
0 0.39375 0.05124223 0.0171875 0.02380952
0 0.47578125 0.04140786 0.021875 0.04761904