0 0.35546875 0.85144927 0.046875 0.06314699
0 0.64023437 0.84109730 0.03203125 0.04865424
0 0.5859375 0.76449275 0.021875 0.03830227
0 0.4578125 0.75207039 0.015625 0.01966873
0 0.36835937 0.73861283 0.01640625 0.02380952
0 0.62773437 0.69202898 0.01640625 0.01966873
0 0.59453125 0.52691511 0.021875 0.01863354
0 0.46367187 0.52380952 0.02890625 0.02691511
0 0.596875 0.44047619 0.0171875 0.02380952
0 0.43164062 0.43840579 0.01796875 0.01966873
0 0.40585937 0.42598343 0.01796875 0.02587991
0 0.42265625 0.33799171 0.0296875 0.02173913
0 0.63671875 0.32712215 0.0125 0.02070393
0 0.5734375 0.32608695 0.040625 0.04761904
0 0.37539062 0.31159420 0.01640625 0.02484472
0 0.48476562 0.29554865 0.03046875 0.02173913
0 0.52773437 0.29606625 0.01640625 0.02484472
0 0.56796875 0.22101449 0.015625 0.02173913