0 0.60195312 0.99275362 0.01328125 0.01449275
0 0.31640625 0.97722567 0.025 0.02691511
0 0.34023437 0.93478260 0.01328125 0.01035196
0 0.6421875 0.93322981 0.0171875 0.02380952
0 0.31523437 0.92908902 0.02421875 0.01759834
0 0.37265625 0.90372670 0.0203125 0.01656314
0 0.64023437 0.86801242 0.01015625 0.01345755
0 0.49179687 0.86645962 0.01953125 0.02070393
0 0.43671875 0.86024844 0.0109375 0.01449275
0 0.68164062 0.85403726 0.01015625 0.01449275
0 0.45976562 0.85455486 0.01953125 0.01966873
0 0.509375 0.84730848 0.0078125 0.01138716
0 0.6109375 0.82556935 0.0125 0.01759834
0 0.5859375 0.82867494 0.0078125 0.02587991
0 0.39179687 0.81521739 0.01484375 0.01966873
0 0.65 0.80797101 0.0109375 0.01966873
0 0.32773437 0.79813664 0.00859375 0.01242236
0 0.31132812 0.79089026 0.01015625 0.01863354
0 0.37851562 0.78623188 0.01171875 0.01345755
0 0.65390625 0.78467908 0.009375 0.01449275
0 0.36210937 0.77898550 0.01015625 0.01345755
0 0.58515625 0.77639751 0.01875 0.01242236
0 0.47070312 0.77536231 0.01171875 0.01449275
0 0.33867187 0.77122153 0.01171875 0.01242236
0 0.671875 0.74171842 0.0109375 0.01552795
0 0.35078125 0.73861283 0.0109375 0.01552795
0 0.61210937 0.73550724 0.01171875 0.01138716
0 0.64492187 0.73240165 0.01328125 0.01345755
0 0.34023437 0.72515527 0.01171875 0.01552795
0 0.59296875 0.72153209 0.0109375 0.01449275
0 0.3078125 0.70703933 0.0140625 0.01449275
0 0.375 0.68478260 0.015625 0.01966873
0 0.40234375 0.68737060 0.0203125 0.02898550
0 0.65039062 0.62939958 0.01171875 0.01242236
0 0.56523437 0.62577639 0.01328125 0.01345755
0 0.61523437 0.59109730 0.01484375 0.02070393
0 0.57148437 0.58074534 0.01484375 0.01863354
0 0.66210937 0.57556935 0.01015625 0.01242236
0 0.51484375 0.56004140 0.0125 0.01449275
0 0.35742187 0.55331262 0.01171875 0.01759834
0 0.471875 0.54503105 0.0109375 0.01345755
0 0.62851562 0.52846790 0.01328125 0.02587991
0 0.48085937 0.50207039 0.01015625 0.01242236
0 0.63203125 0.47826086 0.0125 0.01656314
0 0.34335937 0.47412008 0.01015625 0.01035196
0 0.29492187 0.47153209 0.01328125 0.02380952
0 0.68203125 0.46066252 0.0125 0.01656314
0 0.6546875 0.45289855 0.0125 0.01759834
0 0.39023437 0.44979296 0.01015625 0.01345755
0 0.57890625 0.44358178 0.0171875 0.02380952
0 0.56445312 0.45496894 0.03359375 0.04658385
0 0.44140625 0.43633540 0.0109375 0.01552795
0 0.67070312 0.41666666 0.01640625 0.02795031
0 0.34648437 0.39803312 0.01015625 0.01759834
0 0.53320312 0.38146997 0.01171875 0.01552795
0 0.50273437 0.36387163 0.01015625 0.01138716
0 0.534375 0.35766045 0.0109375 0.01345755
0 0.64023437 0.33850931 0.01171875 0.01656314
0 0.48320312 0.33747412 0.01015625 0.01656314
0 0.51640625 0.32815734 0.0109375 0.01449275
0 0.59453125 0.32142857 0.0171875 0.02380952
0 0.57460937 0.31521739 0.01171875 0.01759834
0 0.33046875 0.30848861 0.009375 0.01863354
0 0.37070312 0.29710144 0.00859375 0.01863354
0 0.51054687 0.28778467 0.00859375 0.01242236
0 0.48945312 0.28519668 0.00859375 0.01552795
0 0.5703125 0.25879917 0.0125 0.01449275
0 0.38398437 0.24844720 0.01015625 0.01449275
0 0.36875 0.24534161 0.0109375 0.01656314
0 0.44414062 0.22463768 0.01015625 0.01242236
0 0.35664062 0.21687370 0.02109375 0.02587991
0 0.56328125 0.20341614 0.0203125 0.01345755
0 0.51484375 0.16873706 0.015625 0.01035196
0 0.37929687 0.17908902 0.01796875 0.03312629
0 0.56640625 0.13923395 0.0359375 0.01759834
0 0.43984375 0.13612836 0.009375 0.01552795
0 0.42773437 0.13664596 0.01171875 0.01656314
0 0.62851562 0.12681159 0.00859375 0.01552795
0 0.403125 0.13095238 0.01875 0.02380952
0 0.57421875 0.10300207 0.0140625 0.01966873
0 0.59296875 0.08643892 0.0140625 0.02173913
0 0.48945312 0.08178053 0.01171875 0.01449275
0 0.39726562 0.05124223 0.02421875 0.01966873
0 0.6234375 0.03053830 0.0171875 0.02380952