0 0.4390625 0.98602484 0.00625 0.00931677
0 0.59648437 0.98240165 0.01015625 0.01035196
0 0.29140625 0.98188405 0.0140625 0.01759834
0 0.4140625 0.97101449 0.015625 0.01863354
0 0.69101562 0.96118012 0.00859375 0.02380952
0 0.54257812 0.91821946 0.01640625 0.01035196
0 0.29453125 0.90476190 0.0125 0.01035196
0 0.49609375 0.89958592 0.0125 0.01449275
0 0.48007812 0.89648033 0.00859375 0.01035196
0 0.396875 0.88405797 0.0109375 0.01449275
0 0.33125 0.85973084 0.015625 0.01552795
0 0.48710937 0.86076604 0.01796875 0.02380952
0 0.36523437 0.85610766 0.01484375 0.01863354
0 0.55546875 0.84989648 0.01875 0.01656314
0 0.51132812 0.82505175 0.01015625 0.01449275
0 0.42617187 0.82298136 0.02109375 0.01656314
0 0.37460937 0.80797101 0.00859375 0.01345755
0 0.30546875 0.80072463 0.0171875 0.02380952
0 0.63320312 0.77743271 0.02109375 0.03312629
0 0.52890625 0.74689440 0.0109375 0.01552795
0 0.4359375 0.74430641 0.0125 0.03312629
0 0.46210937 0.73395445 0.01171875 0.01656314
0 0.51914062 0.71894409 0.01171875 0.01552795
0 0.62695312 0.69151138 0.01015625 0.01449275
0 0.54921875 0.68581780 0.015625 0.01138716
0 0.57265625 0.68995859 0.0171875 0.02380952
0 0.3625 0.68685300 0.0171875 0.02380952
0 0.60625 0.67339544 0.0171875 0.02380952
0 0.33984375 0.66873706 0.0078125 0.01863354
0 0.45859375 0.65993788 0.015625 0.01966873
0 0.52148437 0.65269151 0.01171875 0.01966873
0 0.409375 0.60869565 0.01875 0.01449275
0 0.575 0.60093167 0.009375 0.01345755
0 0.46796875 0.60973084 0.01875 0.04347826
0 0.54882812 0.59368530 0.01015625 0.01552795
0 0.40859375 0.56935817 0.009375 0.01449275
0 0.47460937 0.56418219 0.01015625 0.01449275
0 0.66132812 0.56107660 0.00859375 0.01242236
0 0.384375 0.54710144 0.0125 0.01345755
0 0.49257812 0.54399585 0.01796875 0.01345755
0 0.36367187 0.53830227 0.01328125 0.01863354
0 0.32070312 0.53519668 0.00859375 0.01242236
0 0.44882812 0.52639751 0.01171875 0.01759834
0 0.35 0.51708074 0.0109375 0.01345755
0 0.29726562 0.51656314 0.00703125 0.01449275
0 0.40703125 0.51501035 0.009375 0.02380952
0 0.65507812 0.50103519 0.02734375 0.02484472
0 0.35390625 0.48343685 0.0125 0.01656314
0 0.58476562 0.47929606 0.01796875 0.01035196
0 0.63984375 0.48033126 0.0109375 0.01656314
0 0.6 0.45496894 0.0109375 0.01345755
0 0.4078125 0.45910973 0.0171875 0.02380952
0 0.66210937 0.46169772 0.01953125 0.03105590
0 0.36054687 0.45031055 0.01484375 0.01863354
0 0.40078125 0.43012422 0.009375 0.01345755
0 0.59960937 0.42753623 0.01015625 0.01242236
0 0.3109375 0.42184265 0.0203125 0.01345755
0 0.57734375 0.42080745 0.0140625 0.01345755
0 0.38125 0.38043478 0.0140625 0.01552795
0 0.6015625 0.37318840 0.0203125 0.02587991
0 0.40898437 0.36387163 0.01796875 0.03209109
0 0.50703125 0.31987577 0.0203125 0.01035196
0 0.63867187 0.28467908 0.01484375 0.02070393
0 0.41484375 0.28881987 0.0140625 0.03105590
0 0.45820312 0.26190476 0.01015625 0.02484472
0 0.4890625 0.25362318 0.0140625 0.02070393
0 0.57773437 0.23913043 0.01171875 0.01242236
0 0.3875 0.24016563 0.009375 0.01656314
0 0.61054687 0.20548654 0.01015625 0.01138716
0 0.36367187 0.22204968 0.03515625 0.04451345
0 0.36132812 0.19720496 0.01171875 0.01966873
0 0.52148437 0.18633540 0.01171875 0.02484472
0 0.5328125 0.17287784 0.009375 0.01242236
0 0.60976562 0.16614906 0.01484375 0.01345755
0 0.50585937 0.15165631 0.00859375 0.01345755
0 0.465625 0.15320910 0.0078125 0.02277432
0 0.60234375 0.12629399 0.0125 0.01242236
0 0.3546875 0.12267080 0.0265625 0.02795031
0 0.48007812 0.07712215 0.01328125 0.01552795
0 0.4125 0.07453416 0.0140625 0.01656314
0 0.40039062 0.06625258 0.01328125 0.01863354
0 0.37578125 0.05124223 0.0171875 0.02380952
0 0.2828125 0.03260869 0.0078125 0.01552795