0 0.42929687 0.89026915 0.01484375 0.01449275
0 0.453125 0.85559006 0.021875 0.01552795
0 0.49882812 0.84937888 0.04921875 0.05693581
0 0.45820312 0.82298136 0.01640625 0.03933747
0 0.40976562 0.81418219 0.01640625 0.02173913
0 0.6578125 0.74223602 0.015625 0.02484472
0 0.4578125 0.73291925 0.015625 0.02070393
0 0.42617187 0.74223602 0.01640625 0.03933747
0 0.64335937 0.71635610 0.01484375 0.02484472
0 0.61210937 0.60300207 0.01953125 0.03002070
0 0.51132812 0.58436853 0.02265625 0.03830227
0 0.44453125 0.54399585 0.0234375 0.01552795
0 0.38125 0.52329192 0.015625 0.02380952
0 0.55546875 0.51915113 0.0125 0.01759834
0 0.42773437 0.47877846 0.01796875 0.01966873
0 0.3890625 0.45755693 0.0140625 0.02484472
0 0.4578125 0.43788819 0.0171875 0.01449275
0 0.45429687 0.39389233 0.01640625 0.02380952
0 0.48359375 0.38250517 0.0234375 0.03416149
0 0.39101562 0.35973084 0.02265625 0.01552795
0 0.61992187 0.30538302 0.01328125 0.02691511
0 0.51015625 0.29865424 0.0203125 0.03002070
0 0.63242187 0.28053830 0.01484375 0.02277432
0 0.42382812 0.26345755 0.02421875 0.01552795
0 0.49023437 0.25569358 0.02265625 0.02070393
0 0.44335937 0.20962732 0.02421875 0.01966873
0 0.4234375 0.14440993 0.015625 0.02587991
0 0.34609375 0.07039337 0.0203125 0.02691511