0 0.553125 0.88509316 0.0453125 0.03519668
0 0.51210937 0.86024844 0.02265625 0.02898550
0 0.35664062 0.82194616 0.01328125 0.02277432
0 0.60507812 0.81935817 0.01640625 0.02380952
0 0.58515625 0.81935817 0.015625 0.02380952
0 0.49921875 0.80124223 0.0234375 0.02070393
0 0.5859375 0.76449275 0.021875 0.03830227
0 0.57070312 0.72670807 0.01953125 0.03519668
0 0.64726562 0.64648033 0.01640625 0.02380952
0 0.57773437 0.54347826 0.02421875 0.01449275
0 0.4953125 0.50672877 0.0140625 0.02173913
0 0.41484375 0.48706004 0.0203125 0.03209109
0 0.45742187 0.42443064 0.01640625 0.03105590
0 0.57578125 0.38768115 0.021875 0.02173913
0 0.59960937 0.38923395 0.02109375 0.02691511
0 0.325 0.38819875 0.0203125 0.02691511
0 0.5390625 0.32091097 0.0171875 0.03105590
0 0.3953125 0.29037267 0.015625 0.02380952
0 0.48476562 0.27484472 0.03046875 0.02173913
0 0.44335937 0.20962732 0.02421875 0.01966873