0 0.51171875 0.99430641 0.021875 0.01138716
0 0.3984375 0.93530020 0.0109375 0.01138716
0 0.503125 0.93737060 0.0171875 0.02380952
0 0.61953125 0.92287784 0.0171875 0.02380952
0 0.52890625 0.91097308 0.0109375 0.01656314
0 0.54492187 0.89492753 0.02421875 0.01759834
0 0.61875 0.89285714 0.0125 0.01759834
0 0.65507812 0.86645962 0.01171875 0.01242236
0 0.55546875 0.85559006 0.0171875 0.02380952
0 0.63867187 0.84523809 0.00703125 0.00931677
0 0.3921875 0.84316770 0.0109375 0.01345755
0 0.51054687 0.83954451 0.01015625 0.01449275
0 0.60273437 0.83385093 0.00859375 0.01138716
0 0.62929687 0.82349896 0.01015625 0.02380952
0 0.496875 0.82142857 0.0125 0.01966873
0 0.37109375 0.79813664 0.009375 0.01242236
0 0.53710937 0.79503105 0.01328125 0.01656314
0 0.60117187 0.79399585 0.01328125 0.01656314
0 0.35742187 0.78623188 0.00859375 0.01552795
0 0.62617187 0.77484472 0.00859375 0.01138716
0 0.65507812 0.77484472 0.01171875 0.01345755
0 0.575 0.77950310 0.0125 0.04761904
0 0.58867187 0.76345755 0.01328125 0.02587991
0 0.6171875 0.75155279 0.0125 0.01449275
0 0.39453125 0.76242236 0.0125 0.03830227
0 0.46992187 0.73861283 0.01015625 0.01138716
0 0.56914062 0.71532091 0.01171875 0.03312629
0 0.36015625 0.70341614 0.015625 0.01966873
0 0.42421875 0.69254658 0.0109375 0.01449275
0 0.646875 0.67080745 0.009375 0.01242236
0 0.47773437 0.66045548 0.01328125 0.01863354
0 0.6703125 0.65838509 0.0109375 0.01656314
0 0.63984375 0.63198757 0.0171875 0.02380952
0 0.55625 0.61697722 0.0078125 0.01035196
0 0.59960937 0.61387163 0.01015625 0.01449275
0 0.54570312 0.61438923 0.00703125 0.01966873
0 0.31171875 0.60041407 0.01875 0.01863354
0 0.42148437 0.59782608 0.01484375 0.01552795
0 0.34804687 0.59575569 0.01640625 0.01552795
0 0.6625 0.60869565 0.03125 0.05383022
0 0.49570312 0.58488612 0.01640625 0.02691511
0 0.47148437 0.57505175 0.01484375 0.02380952
0 0.53710937 0.54140786 0.01171875 0.01242236
0 0.37890625 0.54399585 0.0125 0.01966873
0 0.50117187 0.54606625 0.01328125 0.02795031
0 0.48828125 0.53726708 0.009375 0.01449275
0 0.44765625 0.50569358 0.0171875 0.02380952
0 0.48867187 0.49896480 0.01015625 0.01242236
0 0.5828125 0.49482401 0.0203125 0.02484472
0 0.37734375 0.48757763 0.009375 0.01449275
0 0.309375 0.47981366 0.009375 0.01345755
0 0.48007812 0.47774327 0.01171875 0.01345755
0 0.421875 0.47256728 0.009375 0.01966873
0 0.3953125 0.46221532 0.0171875 0.02380952
0 0.3109375 0.44979296 0.009375 0.01138716
0 0.66640625 0.41821946 0.009375 0.02070393
0 0.52070312 0.41459627 0.01328125 0.01552795
0 0.32578125 0.40631469 0.0171875 0.02380952
0 0.41171875 0.40424430 0.04375 0.03209109
0 0.35234375 0.39285714 0.0140625 0.01138716
0 0.50078125 0.38871635 0.0125 0.01552795
0 0.63164062 0.37939958 0.02734375 0.02380952
0 0.49375 0.36904761 0.0125 0.01552795
0 0.54492187 0.36335403 0.01484375 0.01863354
0 0.44921875 0.35610766 0.0140625 0.01656314
0 0.54375 0.34782608 0.009375 0.01035196
0 0.47265625 0.24171842 0.0078125 0.01966873
0 0.3296875 0.23343685 0.0078125 0.01138716
0 0.52109375 0.22826086 0.0125 0.01966873
0 0.59296875 0.21997929 0.0078125 0.01966873
0 0.57421875 0.21273291 0.01875 0.01345755
0 0.3609375 0.21118012 0.0125 0.01656314
0 0.42929687 0.19772256 0.00703125 0.02691511
0 0.56171875 0.18944099 0.009375 0.01449275
0 0.46132812 0.18374741 0.01796875 0.01759834
0 0.37226562 0.18944099 0.01796875 0.03726708
0 0.46367187 0.16252587 0.01484375 0.02277432
0 0.43476562 0.14182194 0.00859375 0.01035196
0 0.40898437 0.14648033 0.01328125 0.02380952
0 0.34570312 0.12008281 0.01171875 0.01449275
0 0.61054687 0.08747412 0.00859375 0.01552795
0 0.63554687 0.05383022 0.01015625 0.01449275
0 0.55351562 0.04865424 0.01953125 0.03933747