0 0.53632812 0.96946169 0.00859375 0.01138716
0 0.40625 0.94409937 0.009375 0.01242236
0 0.55 0.74844720 0.0171875 0.02070393
0 0.57070312 0.70548654 0.02421875 0.02795031
0 0.63476562 0.70341614 0.01953125 0.02795031
0 0.61875 0.57919254 0.021875 0.02587991
0 0.33164062 0.51604554 0.01015625 0.01966873
0 0.2953125 0.47567287 0.0140625 0.03623188
0 0.30351562 0.43374741 0.02265625 0.02898550
0 0.58359375 0.36956521 0.0109375 0.01656314
0 0.34960937 0.30175983 0.02109375 0.03002070
0 0.49765625 0.22826086 0.0296875 0.03209109
0 0.57265625 0.20962732 0.0140625 0.01552795
0 0.40078125 0.20755693 0.0234375 0.03830227
0 0.55507812 0.19202898 0.01328125 0.02795031
0 0.46992187 0.15838509 0.01171875 0.01449275
0 0.51054687 0.15993788 0.02421875 0.04451345
0 0.33398437 0.14544513 0.01171875 0.01966873
0 0.49023437 0.13198757 0.01796875 0.02380952