0 0.65390625 0.90165631 0.0171875 0.02484472
0 0.51523437 0.89078674 0.01796875 0.03002070
0 0.4625 0.87888198 0.025 0.02070393
0 0.46015625 0.77950310 0.0171875 0.02484472
0 0.64023437 0.78002070 0.01953125 0.03002070
0 0.44414062 0.72204968 0.01796875 0.02173913
0 0.57148437 0.66459627 0.01171875 0.01656314
0 0.39101562 0.64544513 0.01328125 0.01759834
0 0.43085937 0.59523809 0.00546875 0.01242236
0 0.4140625 0.54865424 0.0140625 0.02070393
0 0.49179687 0.51656314 0.01953125 0.02691511
0 0.56953125 0.51035196 0.028125 0.04554865
0 0.3375 0.49171842 0.015625 0.01863354
0 0.57460937 0.41356107 0.01484375 0.03209109
0 0.57148437 0.29917184 0.02421875 0.01035196
0 0.53671875 0.29296066 0.0140625 0.02277432
0 0.58164062 0.22204968 0.01171875 0.01552795
0 0.56445312 0.16977225 0.01328125 0.01863354
0 0.353125 0.15217391 0.0125 0.01449275