0 0.45820312 0.89130434 0.02109375 0.02484472
0 0.57851562 0.88509316 0.01796875 0.01656314
0 0.67148437 0.86231884 0.01953125 0.02484472
0 0.31640625 0.80693581 0.015625 0.01966873
0 0.64296875 0.77743271 0.0140625 0.01863354
0 0.33359375 0.78571428 0.015625 0.04968944
0 0.37929687 0.74275362 0.01796875 0.01552795
0 0.44179687 0.74223602 0.01640625 0.03933747
0 0.5890625 0.66718426 0.01875 0.01966873
0 0.5546875 0.66666666 0.0203125 0.04968944
0 0.66992187 0.61490683 0.03046875 0.02898550
0 0.51132812 0.59472049 0.02265625 0.01759834
0 0.65351562 0.56366459 0.03046875 0.02173913
0 0.47148437 0.55848861 0.01171875 0.03209109
0 0.5609375 0.54296066 0.021875 0.02587991
0 0.3078125 0.47360248 0.01875 0.04451345
0 0.6453125 0.41252587 0.0203125 0.02173913
0 0.4078125 0.39544513 0.0234375 0.02277432
0 0.53945312 0.35714285 0.01796875 0.01656314
0 0.4796875 0.33488612 0.0203125 0.01552795
0 0.43007812 0.31625258 0.01484375 0.01966873
0 0.609375 0.29658385 0.01875 0.01552795
0 0.48476562 0.27484472 0.03046875 0.02173913
0 0.60664062 0.21946169 0.01328125 0.02277432
0 0.44335937 0.20962732 0.02421875 0.01966873
0 0.58671875 0.06521739 0.015625 0.02070393
0 0.63203125 0.06314699 0.0125 0.02070393