0 0.62773437 0.88612836 0.01640625 0.02070393
0 0.46601562 0.86749482 0.01640625 0.02277432
0 0.67148437 0.86231884 0.01953125 0.02484472
0 0.47539062 0.80072463 0.01640625 0.01966873
0 0.36835937 0.73861283 0.01640625 0.02380952
0 0.60703125 0.65165631 0.01875 0.02173913
0 0.58359375 0.59213250 0.0203125 0.02484472
0 0.55546875 0.51915113 0.0125 0.01759834
0 0.41289062 0.51915113 0.02265625 0.03002070
0 0.45742187 0.42443064 0.01640625 0.03105590
0 0.64570312 0.37060041 0.02109375 0.01863354
0 0.53945312 0.34937888 0.01796875 0.03209109
0 0.47617187 0.32763975 0.01328125 0.01552795
0 0.5328125 0.30693581 0.0203125 0.01552795
0 0.47617187 0.28623188 0.01328125 0.01759834
0 0.63242187 0.28053830 0.01484375 0.02277432
0 0.42265625 0.27432712 0.0296875 0.02070393
0 0.44335937 0.20962732 0.02421875 0.01966873
0 0.4390625 0.15631469 0.028125 0.02691511