0 0.33359375 0.97153209 0.0109375 0.01552795
0 0.52148437 0.97204968 0.01484375 0.03312629
0 0.66679687 0.94151138 0.00859375 0.01759834
0 0.4015625 0.91304347 0.0140625 0.01863354
0 0.46015625 0.91770186 0.0203125 0.03002070
0 0.48164062 0.90527950 0.01015625 0.01552795
0 0.45 0.89699792 0.009375 0.01138716
0 0.31523437 0.89699792 0.01328125 0.01759834
0 0.50742187 0.88716356 0.01015625 0.01449275
0 0.33828125 0.87422360 0.009375 0.01345755
0 0.41992187 0.85817805 0.01796875 0.02484472
0 0.3171875 0.83902691 0.0171875 0.02380952
0 0.53671875 0.83850931 0.01875 0.02898550
0 0.65585937 0.83229813 0.01328125 0.01863354
0 0.29375 0.82556935 0.0109375 0.01552795
0 0.49453125 0.82142857 0.0171875 0.02380952
0 0.3515625 0.81107660 0.0171875 0.01345755
0 0.65039062 0.80848861 0.00859375 0.01449275
0 0.42148437 0.80693581 0.02109375 0.01759834
0 0.52421875 0.79968944 0.0171875 0.01966873
0 0.63007812 0.77795031 0.01328125 0.01759834
0 0.29765625 0.76086956 0.0125 0.01656314
0 0.3984375 0.76345755 0.0171875 0.02380952
0 0.63984375 0.74534161 0.0109375 0.01449275
0 0.49179687 0.75051759 0.01796875 0.03105590
0 0.63476562 0.72877846 0.01328125 0.01449275
0 0.4296875 0.70652173 0.0171875 0.02173913
0 0.55625 0.68995859 0.015625 0.01138716
0 0.45625 0.68115942 0.01875 0.02070393
0 0.61679687 0.66097308 0.01484375 0.01759834
0 0.31953125 0.66200828 0.0140625 0.01966873
0 0.66796875 0.65942028 0.015625 0.01863354
0 0.3984375 0.64389233 0.0140625 0.01656314
0 0.5828125 0.62784679 0.0109375 0.02380952
0 0.30546875 0.62318840 0.0171875 0.02691511
0 0.62539062 0.59472049 0.00859375 0.01138716
0 0.39140625 0.56780538 0.0171875 0.02380952
0 0.65117187 0.56004140 0.01171875 0.01242236
0 0.3125 0.54968944 0.015625 0.01242236
0 0.46875 0.54761904 0.0171875 0.01449275
0 0.45039062 0.53416149 0.01015625 0.01242236
0 0.40664062 0.52795031 0.01171875 0.01449275
0 0.63984375 0.52950310 0.0078125 0.02173913
0 0.32617187 0.52225672 0.01640625 0.01552795
0 0.4203125 0.51138716 0.0171875 0.01449275
0 0.32226562 0.48861283 0.01015625 0.01656314
0 0.43320312 0.48291925 0.01796875 0.03623188
0 0.378125 0.46428571 0.009375 0.01138716
0 0.39296875 0.45962732 0.009375 0.01242236
0 0.30195312 0.45807453 0.00859375 0.01345755
0 0.5796875 0.44668737 0.0140625 0.01759834
0 0.47851562 0.44772256 0.02578125 0.02380952
0 0.66523437 0.44047619 0.01015625 0.01552795
0 0.328125 0.42080745 0.0125 0.01966873
0 0.35820312 0.41821946 0.01015625 0.01656314
0 0.39414062 0.41200828 0.01328125 0.02484472
0 0.29609375 0.40683229 0.009375 0.01656314
0 0.54570312 0.39855072 0.01171875 0.01656314
0 0.48828125 0.39285714 0.009375 0.01345755
0 0.50234375 0.38561076 0.0125 0.01552795
0 0.63984375 0.38146997 0.0171875 0.02380952
0 0.60898437 0.33747412 0.01015625 0.01242236
0 0.59804687 0.32556935 0.01015625 0.02380952
0 0.5453125 0.32194616 0.0140625 0.01656314
0 0.45703125 0.31418219 0.0125 0.01966873
0 0.5109375 0.30745341 0.0109375 0.01449275
0 0.58125 0.31107660 0.0171875 0.02380952
0 0.48867187 0.30124223 0.00859375 0.01035196
0 0.42421875 0.28726708 0.0171875 0.02380952
0 0.4015625 0.27950310 0.0140625 0.01242236
0 0.48984375 0.23188405 0.0171875 0.01242236
0 0.38359375 0.22463768 0.0125 0.01863354
0 0.40546875 0.19461697 0.0078125 0.03519668
0 0.55039062 0.16459627 0.01328125 0.01863354
0 0.46289062 0.16511387 0.01171875 0.01966873
0 0.41953125 0.13923395 0.0234375 0.01759834
0 0.54257812 0.13457556 0.01484375 0.01242236
0 0.33007812 0.12422360 0.00703125 0.01449275
0 0.34765625 0.11438923 0.009375 0.01552795
0 0.4484375 0.10559006 0.0109375 0.01035196
0 0.609375 0.10921325 0.015625 0.02795031
0 0.5390625 0.10144927 0.0109375 0.01242236
0 0.4734375 0.09679089 0.0078125 0.01345755
0 0.63554687 0.09523809 0.01015625 0.01449275
0 0.6203125 0.05900621 0.0125 0.01035196
0 0.596875 0.05641821 0.009375 0.01345755
0 0.628125 0.01501035 0.021875 0.02173913