0 0.44921875 0.96376811 0.01875 0.01035196
0 0.609375 0.95341614 0.0171875 0.01449275
0 0.62734375 0.93426501 0.0234375 0.02173913
0 0.47265625 0.93012422 0.0171875 0.01759834
0 0.54492187 0.88509316 0.01953125 0.02484472
0 0.42109375 0.88146997 0.0125 0.02173913
0 0.66054687 0.79813664 0.02109375 0.02898550
0 0.43828125 0.75258799 0.021875 0.02484472
0 0.403125 0.71842650 0.0140625 0.01035196
0 0.58984375 0.69202898 0.0171875 0.02173913
0 0.63710937 0.65579710 0.01796875 0.01552795
0 0.49648437 0.58281573 0.02109375 0.02898550
0 0.6375 0.56366459 0.01875 0.02173913
0 0.56328125 0.53830227 0.0125 0.01449275
0 0.42929687 0.51190476 0.01640625 0.01552795
0 0.3375 0.49016563 0.0125 0.02173913
0 0.31679687 0.40734989 0.01640625 0.01966873
0 0.37148437 0.28364389 0.01484375 0.01656314
0 0.54023437 0.25362318 0.02421875 0.03519668
0 0.4 0.23913043 0.0125 0.02691511
0 0.43867187 0.16821946 0.01796875 0.01966873
0 0.4703125 0.15683229 0.01875 0.02380952
0 0.40976562 0.14285714 0.01796875 0.01863354
0 0.50742187 0.03830227 0.01484375 0.01863354
0 0.47304687 0.01293995 0.01328125 0.01759834
0 0.33945312 0.00465838 0.01484375 0.00931677