0 0.52929687 0.96221532 0.01484375 0.01552795
0 0.48242187 0.86024844 0.01015625 0.01035196
0 0.33554687 0.77898550 0.01171875 0.01966873
0 0.53242187 0.77277432 0.01640625 0.02587991
0 0.6390625 0.77432712 0.0203125 0.03105590
0 0.54882812 0.71428571 0.01484375 0.02070393
0 0.37109375 0.71325051 0.025 0.02898550
0 0.57265625 0.58695652 0.015625 0.01242236
0 0.37421875 0.58333333 0.01875 0.01966873
0 0.4109375 0.47670807 0.01875 0.01966873
0 0.52851562 0.47204968 0.01328125 0.02277432
0 0.44179687 0.45755693 0.02109375 0.03312629
0 0.42109375 0.39492753 0.015625 0.02380952
0 0.62539062 0.33540372 0.01484375 0.02484472
0 0.39296875 0.32608695 0.0078125 0.01035196
0 0.42148437 0.32039337 0.01484375 0.02795031
0 0.528125 0.29089026 0.0125 0.02691511
0 0.36640625 0.28467908 0.0140625 0.01656314
0 0.61875 0.28157349 0.015625 0.02691511
0 0.58710937 0.25 0.01640625 0.02795031
0 0.60976562 0.22722567 0.01953125 0.02173913
0 0.5375 0.18322981 0.009375 0.01242236
0 0.4109375 0.17805383 0.0140625 0.01449275
0 0.3953125 0.15217391 0.0140625 0.01863354
0 0.60078125 0.10766045 0.0203125 0.02277432
0 0.29804687 0.01190476 0.01796875 0.00931677