0 0.6546875 0.88302277 0.0203125 0.02277432
0 0.59492187 0.82505175 0.01640625 0.01449275
0 0.47773437 0.80072463 0.01171875 0.01966873
0 0.40976562 0.74171842 0.01640625 0.04037267
0 0.60742187 0.71687370 0.01640625 0.02380952
0 0.6265625 0.69358178 0.01875 0.02277432
0 0.35234375 0.55124223 0.01875 0.01966873
0 0.5140625 0.52173913 0.0546875 0.08074534
0 0.40585937 0.42598343 0.01796875 0.02587991
0 0.6390625 0.36283643 0.01875 0.01759834
0 0.42148437 0.32763975 0.02734375 0.01552795
0 0.49335937 0.31728778 0.01328125 0.02173913
0 0.52773437 0.27432712 0.01640625 0.02484472
0 0.42382812 0.26345755 0.02421875 0.01552795
0 0.60507812 0.23188405 0.01640625 0.02484472
0 0.62109375 0.22670807 0.0140625 0.02070393
0 0.4234375 0.14440993 0.015625 0.02587991
0 0.609375 0.09523809 0.0125 0.02070393