0 0.465625 0.96118012 0.0125 0.01759834
0 0.6796875 0.95289855 0.0171875 0.02380952
0 0.47382812 0.94254658 0.01171875 0.02380952
0 0.34375 0.92701863 0.0171875 0.01552795
0 0.56757812 0.92339544 0.01953125 0.01863354
0 0.49023437 0.91666666 0.01015625 0.01966873
0 0.51132812 0.88871635 0.01171875 0.02173913
0 0.646875 0.87370600 0.00625 0.00828157
0 0.6015625 0.88095238 0.0203125 0.02691511
0 0.37070312 0.87629399 0.01796875 0.03002070
0 0.4390625 0.85351966 0.009375 0.01552795
0 0.5140625 0.84109730 0.0109375 0.01138716
0 0.66015625 0.82298136 0.0109375 0.01449275
0 0.56953125 0.80383022 0.0109375 0.01345755
0 0.36992187 0.78933747 0.01640625 0.01966873
0 0.35195312 0.78519668 0.01484375 0.01759834
0 0.43398437 0.77536231 0.01484375 0.01449275
0 0.57382812 0.76449275 0.00859375 0.01138716
0 0.62460937 0.75051759 0.02265625 0.03312629
0 0.5484375 0.73809523 0.0140625 0.01449275
0 0.3 0.72929606 0.0078125 0.01138716
0 0.31835937 0.72515527 0.01953125 0.01138716
0 0.34570312 0.72981366 0.02265625 0.03105590
0 0.35585937 0.69772256 0.01171875 0.01449275
0 0.54765625 0.70031055 0.0125 0.02380952
0 0.39101562 0.67080745 0.01484375 0.01863354
0 0.41484375 0.66614906 0.0171875 0.02380952
0 0.68632812 0.65838509 0.00703125 0.01656314
0 0.62421875 0.65734989 0.015625 0.01656314
0 0.45 0.63198757 0.025 0.01345755
0 0.63007812 0.60817805 0.01171875 0.01552795
0 0.56835937 0.61231884 0.02265625 0.02795031
0 0.52304687 0.60300207 0.01171875 0.01345755
0 0.32773437 0.59627329 0.00859375 0.02277432
0 0.61132812 0.58643892 0.01796875 0.01345755
0 0.3796875 0.58333333 0.01875 0.00931677
0 0.30195312 0.57608695 0.01640625 0.02795031
0 0.66210937 0.56521739 0.01171875 0.01242236
0 0.63984375 0.56573498 0.0109375 0.01552795
0 0.44179687 0.55227743 0.01328125 0.01759834
0 0.603125 0.53157349 0.015625 0.01759834
0 0.41835937 0.52898550 0.01171875 0.01242236
0 0.62773437 0.52846790 0.01171875 0.02380952
0 0.33789062 0.51604554 0.01015625 0.01552795
0 0.51757812 0.51449275 0.01171875 0.01449275
0 0.30429687 0.50103519 0.01015625 0.01242236
0 0.37578125 0.50258799 0.0109375 0.01759834
0 0.59609375 0.48033126 0.0109375 0.01242236
0 0.525 0.47308488 0.009375 0.01449275
0 0.49375 0.46946169 0.009375 0.01552795
0 0.578125 0.45910973 0.009375 0.01345755
0 0.3796875 0.45134575 0.025 0.04140786
0 0.31132812 0.43426501 0.01328125 0.01552795
0 0.45351562 0.43012422 0.01484375 0.01552795
0 0.64179687 0.41925465 0.01171875 0.01035196
0 0.428125 0.42546583 0.021875 0.03519668
0 0.29648437 0.41666666 0.01640625 0.02380952
0 0.38125 0.39078674 0.0078125 0.01138716
0 0.35703125 0.36387163 0.0171875 0.02380952
0 0.33515625 0.34109730 0.0125 0.01345755
0 0.5078125 0.33488612 0.0125 0.01552795
0 0.4890625 0.32246376 0.0171875 0.02380952
0 0.64609375 0.31780538 0.0171875 0.02277432
0 0.4125 0.30279503 0.021875 0.02587991
0 0.35234375 0.27846790 0.0078125 0.02484472
0 0.48710937 0.27018633 0.01171875 0.01449275
0 0.43828125 0.26501035 0.0125 0.01449275
0 0.41679687 0.25569358 0.01015625 0.01242236
0 0.5765625 0.24378881 0.0125 0.01552795
0 0.3703125 0.24844720 0.0359375 0.04140786
0 0.57578125 0.22774327 0.021875 0.01863354
0 0.62421875 0.21894409 0.0109375 0.01138716
0 0.61757812 0.20496894 0.01640625 0.01449275
0 0.38085937 0.19202898 0.01328125 0.01759834
0 0.48945312 0.17132505 0.02109375 0.02795031
0 0.55742187 0.15269151 0.01171875 0.01345755
0 0.43203125 0.15062111 0.0171875 0.02380952
0 0.46640625 0.14544513 0.015625 0.02173913
0 0.40585937 0.13561076 0.01328125 0.01242236
0 0.52460937 0.13457556 0.01640625 0.02691511
0 0.575 0.11749482 0.0109375 0.01138716
0 0.5421875 0.10196687 0.0171875 0.02380952
0 0.53203125 0.08488612 0.009375 0.01656314
0 0.48398437 0.08126293 0.01015625 0.01345755
0 0.3796875 0.07971014 0.009375 0.01242236
0 0.51679687 0.07608695 0.00859375 0.01138716
0 0.3796875 0.03571428 0.0171875 0.01966873
0 0.65664062 0.01656314 0.00859375 0.02898550
0 0.68320312 0.00621118 0.01484375 0.01242236
0 0.5171875 0.00621118 0.0109375 0.01242236