0 0.35546875 0.85144927 0.046875 0.06314699
0 0.64023437 0.84109730 0.03203125 0.04865424
0 0.31640625 0.80693581 0.015625 0.01966873
0 0.47773437 0.80072463 0.01171875 0.01966873
0 0.37539062 0.79192546 0.01640625 0.03933747
0 0.4578125 0.75207039 0.015625 0.01966873
0 0.61367187 0.73395445 0.01796875 0.01656314
0 0.55625 0.72826086 0.0125 0.02380952
0 0.58789062 0.71739130 0.01640625 0.02484472
0 0.64453125 0.65683229 0.01875 0.02173913
0 0.58984375 0.65631469 0.0203125 0.04140786
0 0.56914062 0.46997929 0.02890625 0.02898550
0 0.4578125 0.43788819 0.0171875 0.01449275
0 0.59335937 0.44047619 0.02421875 0.02380952
0 0.38125 0.39699792 0.0140625 0.01759834
0 0.3765625 0.34523809 0.01875 0.01345755
0 0.57304687 0.31728778 0.02421875 0.02173913
0 0.5390625 0.32091097 0.0171875 0.03105590
0 0.37617187 0.28985507 0.01640625 0.02484472
0 0.4046875 0.13198757 0.015625 0.02380952
0 0.63203125 0.06314699 0.0125 0.02070393