0 0.57734375 0.95600414 0.0203125 0.01552795
0 0.59570312 0.92028985 0.00703125 0.02484472
0 0.29726562 0.88871635 0.01171875 0.01345755
0 0.39453125 0.88095238 0.0109375 0.01449275
0 0.61054687 0.87474120 0.01328125 0.01449275
0 0.44023437 0.87577639 0.01328125 0.01863354
0 0.4 0.85300207 0.0109375 0.01242236
0 0.5359375 0.84109730 0.0203125 0.01345755
0 0.67617187 0.83747412 0.01171875 0.01656314
0 0.46953125 0.83436853 0.009375 0.01863354
0 0.440625 0.81469979 0.0125 0.01656314
0 0.62226562 0.80952380 0.01484375 0.01863354
0 0.6359375 0.79968944 0.0109375 0.01552795
0 0.46914062 0.77795031 0.01015625 0.01345755
0 0.29414062 0.77795031 0.01171875 0.01966873
0 0.49101562 0.77225672 0.01015625 0.01242236
0 0.34179687 0.76604554 0.00859375 0.01656314
0 0.38515625 0.76086956 0.009375 0.01242236
0 0.31015625 0.75569358 0.009375 0.01449275
0 0.54453125 0.74378881 0.00625 0.01138716
0 0.34882812 0.73240165 0.01015625 0.01345755
0 0.66914062 0.72463768 0.01171875 0.01656314
0 0.578125 0.70859213 0.0171875 0.01552795
0 0.33398437 0.70703933 0.00859375 0.02898550
0 0.36953125 0.69616977 0.01875 0.03209109
0 0.60039062 0.69202898 0.02578125 0.02795031
0 0.54570312 0.68426501 0.00703125 0.02277432
0 0.30273437 0.67494824 0.01640625 0.02484472
0 0.57382812 0.66563146 0.01328125 0.01656314
0 0.38789062 0.66511387 0.01171875 0.01552795
0 0.67382812 0.66252587 0.01328125 0.01242236
0 0.66054687 0.66200828 0.00703125 0.02173913
0 0.58242187 0.65527950 0.01171875 0.02277432
0 0.4375 0.63819875 0.0140625 0.01138716
0 0.61328125 0.63250517 0.025 0.01656314
0 0.29609375 0.62577639 0.0125 0.01345755
0 0.6515625 0.61283643 0.0109375 0.01449275
0 0.47617187 0.61076604 0.01953125 0.01863354
0 0.4078125 0.60817805 0.0109375 0.01552795
0 0.49726562 0.60403726 0.01015625 0.01552795
0 0.61992187 0.59057971 0.01171875 0.01345755
0 0.4984375 0.55641821 0.0125 0.01759834
0 0.47265625 0.52691511 0.009375 0.01449275
0 0.39648437 0.52484472 0.01171875 0.01449275
0 0.54765625 0.52743271 0.01875 0.02380952
0 0.51484375 0.50931677 0.0140625 0.01863354
0 0.39453125 0.47722567 0.0109375 0.01242236
0 0.57421875 0.46842650 0.0078125 0.02795031
0 0.45195312 0.45289855 0.01015625 0.01345755
0 0.64609375 0.44875776 0.0125 0.01552795
0 0.62695312 0.43633540 0.01015625 0.01345755
0 0.640625 0.43167701 0.009375 0.01656314
0 0.40898437 0.41045548 0.01171875 0.01138716
0 0.37421875 0.41252587 0.025 0.01759834
0 0.66953125 0.41925465 0.0265625 0.03312629
0 0.60390625 0.40683229 0.0140625 0.01242236
0 0.64257812 0.40838509 0.01328125 0.02380952
0 0.52265625 0.39958592 0.0109375 0.01656314
0 0.56445312 0.39285714 0.01484375 0.01138716
0 0.54023437 0.37629399 0.01328125 0.01345755
0 0.37148437 0.37111801 0.01484375 0.01345755
0 0.58632812 0.37008281 0.01640625 0.01345755
0 0.63632812 0.36594202 0.01484375 0.01759834
0 0.565625 0.36438923 0.009375 0.01449275
0 0.528125 0.35559006 0.0171875 0.02380952
0 0.44296875 0.34316770 0.0109375 0.01552795
0 0.58125 0.31780538 0.0109375 0.01449275
0 0.48554687 0.31625258 0.01953125 0.01966873
0 0.59570312 0.30900621 0.01015625 0.01345755
0 0.41640625 0.28881987 0.0109375 0.01242236
0 0.578125 0.28985507 0.015625 0.01656314
0 0.3515625 0.28312629 0.015625 0.01966873
0 0.50039062 0.27277432 0.01171875 0.01759834
0 0.55195312 0.22929606 0.01015625 0.01345755
0 0.38085937 0.22360248 0.01015625 0.01863354
0 0.52421875 0.20238095 0.0125 0.01552795
0 0.65039062 0.20186335 0.00859375 0.02277432
0 0.51210937 0.19513457 0.01796875 0.02173913
0 0.5546875 0.18995859 0.0109375 0.01552795
0 0.53359375 0.18374741 0.0125 0.01552795
0 0.33164062 0.18426501 0.01015625 0.01863354
0 0.61679687 0.17857142 0.01484375 0.02173913
0 0.5671875 0.16097308 0.0078125 0.02173913
0 0.55 0.15165631 0.009375 0.01345755
0 0.51132812 0.13819875 0.02265625 0.03002070
0 0.41679687 0.11180124 0.01015625 0.01656314
0 0.53828125 0.10559006 0.0125 0.01242236
0 0.64414062 0.11387163 0.02109375 0.03726708
0 0.54335937 0.08747412 0.01328125 0.01966873
0 0.44375 0.08747412 0.0140625 0.02173913
0 0.31367187 0.02277432 0.02109375 0.01035196
0 0.58046875 0.00414078 0.009375 0.00828157