0 0.6546875 0.88302277 0.0203125 0.02277432
0 0.315625 0.86594202 0.0109375 0.02587991
0 0.43984375 0.85817805 0.0171875 0.02070393
0 0.44179687 0.75103519 0.01640625 0.02173913
0 0.39140625 0.73964803 0.01875 0.02173913
0 0.60742187 0.71687370 0.01640625 0.02380952
0 0.64414062 0.69358178 0.01796875 0.02070393
0 0.55820312 0.67650103 0.02734375 0.04244306
0 0.64570312 0.64803312 0.01953125 0.02691511
0 0.65351562 0.56366459 0.03046875 0.02173913
0 0.35234375 0.55124223 0.01875 0.01966873
0 0.56914062 0.46997929 0.02890625 0.02898550
0 0.39609375 0.45755693 0.015625 0.02484472
0 0.59648437 0.45755693 0.01171875 0.02691511
0 0.32617187 0.43840579 0.01484375 0.03002070
0 0.5390625 0.33540372 0.0171875 0.01242236
0 0.3984375 0.33488612 0.009375 0.02380952
0 0.609375 0.29658385 0.01875 0.01552795
0 0.49023437 0.25569358 0.02265625 0.02070393
0 0.58828125 0.24120082 0.0140625 0.02070393
0 0.53984375 0.18788819 0.0171875 0.02173913
0 0.43554687 0.15890269 0.02109375 0.02173913
0 0.42070312 0.12474120 0.01328125 0.02587991