0 0.31796875 0.81832298 0.0203125 0.02380952
0 0.44179687 0.81366459 0.01640625 0.02070393
0 0.35585937 0.75776397 0.02265625 0.02070393
0 0.56953125 0.73291925 0.0171875 0.02277432
0 0.57890625 0.60300207 0.0203125 0.02795031
0 0.653125 0.57453416 0.0328125 0.01863354
0 0.44453125 0.52691511 0.021875 0.01449275
0 0.59453125 0.53674948 0.021875 0.03830227
0 0.33632812 0.48136645 0.03359375 0.04761904
0 0.4578125 0.43788819 0.0171875 0.01449275
0 0.30859375 0.43633540 0.0203125 0.03209109
0 0.47929687 0.31625258 0.01953125 0.01966873
0 0.51328125 0.31832298 0.0171875 0.02587991
0 0.5765625 0.25931677 0.01875 0.02380952
0 0.38203125 0.07919254 0.0140625 0.05072463