0 0.5625 0.96635610 0.0109375 0.02380952
0 0.60546875 0.95496894 0.009375 0.01759834
0 0.62148437 0.94875776 0.01796875 0.01759834
0 0.44335937 0.94254658 0.01484375 0.01552795
0 0.39609375 0.94202898 0.0171875 0.01449275
0 0.33007812 0.93685300 0.01640625 0.01656314
0 0.50898437 0.94202898 0.01328125 0.02898550
0 0.478125 0.91252587 0.0109375 0.02173913
0 0.44882812 0.90062111 0.01171875 0.01656314
0 0.51875 0.88612836 0.0125 0.01449275
0 0.36875 0.87370600 0.009375 0.02277432
0 0.33828125 0.85869565 0.0109375 0.01552795
0 0.63085937 0.85300207 0.00859375 0.01035196
0 0.40039062 0.85093167 0.01171875 0.01242236
0 0.50703125 0.84006211 0.009375 0.01966873
0 0.35625 0.83436853 0.0109375 0.01449275
0 0.33984375 0.80331262 0.0109375 0.01242236
0 0.39648437 0.79865424 0.01015625 0.01552795
0 0.56484375 0.79244306 0.009375 0.01345755
0 0.66523437 0.78933747 0.01171875 0.01552795
0 0.58085937 0.78726708 0.00859375 0.01138716
0 0.43789062 0.78467908 0.01171875 0.01449275
0 0.546875 0.78830227 0.0171875 0.02380952
0 0.4203125 0.77329192 0.0109375 0.01242236
0 0.68320312 0.76915113 0.01171875 0.01656314
0 0.34882812 0.76656314 0.00859375 0.01138716
0 0.58320312 0.75103519 0.01328125 0.01552795
0 0.30585937 0.75155279 0.01328125 0.01863354
0 0.63359375 0.74430641 0.015625 0.01035196
0 0.49453125 0.73395445 0.0109375 0.01035196
0 0.48125 0.72153209 0.0109375 0.01449275
0 0.49296875 0.70341614 0.009375 0.01759834
0 0.42226562 0.70548654 0.02734375 0.02173913
0 0.51523437 0.68685300 0.02265625 0.03209109
0 0.63242187 0.67546583 0.01015625 0.01759834
0 0.44453125 0.66770186 0.0171875 0.03105590
0 0.33476562 0.65734989 0.01171875 0.01035196
0 0.29414062 0.65010351 0.01171875 0.01656314
0 0.4546875 0.64130434 0.0078125 0.00931677
0 0.32382812 0.64233954 0.01328125 0.01759834
0 0.59960937 0.64026915 0.02578125 0.02587991
0 0.5734375 0.62836438 0.0078125 0.01449275
0 0.4203125 0.61801242 0.028125 0.02277432
0 0.3375 0.59886128 0.0265625 0.03830227
0 0.60234375 0.58281573 0.009375 0.01449275
0 0.475 0.57556935 0.0109375 0.01449275
0 0.6296875 0.55641821 0.0109375 0.01345755
0 0.68359375 0.55590062 0.0109375 0.01449275
0 0.37539062 0.54710144 0.01015625 0.01138716
0 0.4765625 0.54606625 0.021875 0.02795031
0 0.44921875 0.53364389 0.0109375 0.01552795
0 0.40078125 0.52432712 0.015625 0.02380952
0 0.34609375 0.49482401 0.0125 0.01449275
0 0.55976562 0.48913043 0.00859375 0.01138716
0 0.59921875 0.49327122 0.0171875 0.02795031
0 0.52851562 0.47981366 0.00859375 0.01345755
0 0.50039062 0.48033126 0.01171875 0.01656314
0 0.303125 0.46376811 0.0109375 0.01242236
0 0.575 0.42339544 0.0125 0.01863354
0 0.64921875 0.40372670 0.0125 0.01449275
0 0.4953125 0.37784679 0.0125 0.01656314
0 0.44765625 0.37525879 0.0125 0.01138716
0 0.65234375 0.35559006 0.0140625 0.02380952
0 0.48046875 0.34420289 0.015625 0.01345755
0 0.646875 0.32971014 0.015625 0.01345755
0 0.590625 0.32763975 0.0171875 0.02380952
0 0.49609375 0.30020703 0.0078125 0.01449275
0 0.59453125 0.29140786 0.0109375 0.01138716
0 0.39296875 0.28623188 0.0234375 0.02173913
0 0.49960937 0.28157349 0.01171875 0.01656314
0 0.4203125 0.27173913 0.0125 0.01759834
0 0.60546875 0.24275362 0.009375 0.01345755
0 0.41171875 0.23447204 0.0171875 0.02380952
0 0.50195312 0.22929606 0.01171875 0.01552795
0 0.47421875 0.23343685 0.0171875 0.03416149
0 0.540625 0.17960662 0.0109375 0.01345755
0 0.42929687 0.18995859 0.01953125 0.05279503
0 0.45078125 0.17028985 0.0171875 0.02380952
0 0.59921875 0.07091097 0.0078125 0.01552795
0 0.3859375 0.05693581 0.009375 0.01449275
0 0.33945312 0.05434782 0.01484375 0.01138716
0 0.5140625 0.05538302 0.0171875 0.02380952
0 0.559375 0.03105590 0.0265625 0.02691511
0 0.31953125 0.02639751 0.015625 0.02380952
0 0.5859375 0.01397515 0.0171875 0.02380952