0 0.35234375 0.99482401 0.0078125 0.01035196
0 0.66054687 0.84937888 0.01640625 0.02587991
0 0.49921875 0.83333333 0.0171875 0.01656314
0 0.63789062 0.76397515 0.00859375 0.01242236
0 0.496875 0.76293995 0.0125 0.01656314
0 0.58242187 0.67753623 0.01640625 0.01759834
0 0.51679687 0.65527950 0.01328125 0.02277432
0 0.6546875 0.63405797 0.01875 0.02795031
0 0.66054687 0.59420289 0.01328125 0.01242236
0 0.45117187 0.41459627 0.01015625 0.01966873
0 0.67265625 0.38871635 0.0140625 0.00931677
0 0.4125 0.33799171 0.015625 0.02380952
0 0.6265625 0.31521739 0.0171875 0.02173913
0 0.45390625 0.29244306 0.025 0.03416149
0 0.64335937 0.16459627 0.01171875 0.02691511