0 0.50273437 0.99482401 0.00703125 0.01035196
0 0.38320312 0.98447204 0.01484375 0.01449275
0 0.52890625 0.96997929 0.0125 0.01242236
0 0.61992187 0.95910973 0.01171875 0.02587991
0 0.37226562 0.95186335 0.01015625 0.01759834
0 0.67851562 0.94099378 0.01640625 0.01656314
0 0.67109375 0.91252587 0.0171875 0.02380952
0 0.51601562 0.88871635 0.00703125 0.02173913
0 0.31640625 0.88354037 0.009375 0.01345755
0 0.58867187 0.86335403 0.01171875 0.01449275
0 0.51289062 0.84265010 0.01015625 0.01242236
0 0.45625 0.84316770 0.0171875 0.01966873
0 0.60234375 0.82763975 0.0125 0.01966873
0 0.63671875 0.82453416 0.0109375 0.01552795
0 0.58359375 0.81677018 0.009375 0.01449275
0 0.52421875 0.81418219 0.0171875 0.02380952
0 0.41796875 0.79606625 0.0109375 0.01863354
0 0.29453125 0.79192546 0.0125 0.02277432
0 0.2953125 0.77173913 0.0140625 0.01138716
0 0.36523437 0.76242236 0.01328125 0.01552795
0 0.47890625 0.74792960 0.0125 0.01552795
0 0.41210937 0.73809523 0.01171875 0.01449275
0 0.3015625 0.73136645 0.0109375 0.00931677
0 0.43554687 0.72204968 0.01015625 0.01138716
0 0.41484375 0.71583850 0.015625 0.02173913
0 0.66484375 0.69668737 0.021875 0.01656314
0 0.59335937 0.69979296 0.01953125 0.03519668
0 0.52382812 0.68426501 0.02109375 0.02484472
0 0.45429687 0.66149068 0.01640625 0.01656314
0 0.65039062 0.63561076 0.01171875 0.01449275
0 0.62148437 0.62008281 0.01640625 0.02070393
0 0.48671875 0.60766045 0.0109375 0.01863354
0 0.43515625 0.60507246 0.0171875 0.02587991
0 0.59609375 0.58850931 0.0109375 0.01552795
0 0.2921875 0.58385093 0.0078125 0.01449275
0 0.6640625 0.58333333 0.0140625 0.01966873
0 0.42578125 0.58074534 0.0125 0.01449275
0 0.384375 0.55900621 0.0125 0.01656314
0 0.30703125 0.55745341 0.0125 0.01345755
0 0.34960937 0.54917184 0.01015625 0.01345755
0 0.67265625 0.54761904 0.0125 0.01656314
0 0.51953125 0.52070393 0.0109375 0.01449275
0 0.50195312 0.52018633 0.01015625 0.01552795
0 0.6296875 0.51345755 0.015625 0.02070393
0 0.6484375 0.49689440 0.0109375 0.01863354
0 0.571875 0.48291925 0.01875 0.01345755
0 0.63789062 0.48033126 0.00703125 0.01242236
0 0.36992187 0.47619047 0.01015625 0.01449275
0 0.44648437 0.47153209 0.01328125 0.01345755
0 0.66445312 0.43426501 0.01015625 0.01552795
0 0.3125 0.43426501 0.009375 0.01552795
0 0.64414062 0.43167701 0.01953125 0.02070393
0 0.34375 0.42598343 0.0171875 0.01966873
0 0.38085937 0.39596273 0.01015625 0.01345755
0 0.553125 0.38561076 0.0125 0.01759834
0 0.43125 0.38561076 0.0171875 0.02380952
0 0.553125 0.35248447 0.0171875 0.02380952
0 0.59921875 0.35144927 0.0171875 0.02380952
0 0.35429687 0.34316770 0.01015625 0.01345755
0 0.33515625 0.31521739 0.0109375 0.03209109
0 0.49921875 0.30641821 0.0125 0.01656314
0 0.62578125 0.30486542 0.0171875 0.01552795
0 0.36679687 0.30331262 0.01015625 0.01242236
0 0.56132812 0.29554865 0.01953125 0.01759834
0 0.36484375 0.27277432 0.0171875 0.02380952
0 0.3359375 0.25414078 0.0109375 0.01345755
0 0.54648437 0.25258799 0.01328125 0.01656314
0 0.50234375 0.24534161 0.0109375 0.01242236
0 0.34765625 0.23964803 0.0171875 0.02380952
0 0.37578125 0.23447204 0.0171875 0.02380952
0 0.33203125 0.23136645 0.0125 0.02380952
0 0.53710937 0.21894409 0.01484375 0.01345755
0 0.40078125 0.21480331 0.0125 0.01552795
0 0.55820312 0.20962732 0.00859375 0.01759834
0 0.46054687 0.21118012 0.01953125 0.03105590
0 0.509375 0.19461697 0.0109375 0.01656314
0 0.39023437 0.19461697 0.01640625 0.02898550
0 0.53007812 0.17908902 0.00703125 0.01863354
0 0.40625 0.15217391 0.015625 0.01656314
0 0.43515625 0.14078674 0.025 0.03312629
0 0.33242187 0.11645962 0.01171875 0.01759834
0 0.54140625 0.12111801 0.009375 0.03105590
0 0.40429687 0.10455486 0.01015625 0.01242236
0 0.63515625 0.09834368 0.009375 0.01242236
0 0.49257812 0.09265010 0.01171875 0.01552795
0 0.6203125 0.08488612 0.0109375 0.02484472
0 0.56601562 0.07815734 0.01171875 0.01345755
0 0.478125 0.05124223 0.0125 0.01345755
0 0.359375 0.02691511 0.009375 0.01035196