0 0.66367187 0.97722567 0.00859375 0.02070393
0 0.58867187 0.95393374 0.01640625 0.03416149
0 0.47578125 0.93840579 0.0171875 0.02380952
0 0.3796875 0.92443064 0.0125 0.01656314
0 0.44804687 0.90734989 0.00859375 0.01345755
0 0.61640625 0.90942028 0.0171875 0.02380952
0 0.63203125 0.89078674 0.0125 0.01552795
0 0.54023437 0.88975155 0.01328125 0.01552795
0 0.50898437 0.89078674 0.01328125 0.01759834
0 0.32421875 0.87681159 0.009375 0.01242236
0 0.34335937 0.86956521 0.01796875 0.02691511
0 0.30351562 0.86387163 0.00859375 0.01759834
0 0.64726562 0.85921325 0.01328125 0.01863354
0 0.53867187 0.84575569 0.01171875 0.01242236
0 0.61289062 0.84782608 0.01328125 0.02898550
0 0.60507812 0.83333333 0.00859375 0.01863354
0 0.3515625 0.83022774 0.009375 0.01242236
0 0.54570312 0.82505175 0.01171875 0.01656314
0 0.32617187 0.82246376 0.01171875 0.01345755
0 0.66367187 0.82505175 0.00703125 0.02691511
0 0.39921875 0.82298136 0.0078125 0.02277432
0 0.50078125 0.81107660 0.015625 0.02380952
0 0.30976562 0.80641821 0.01171875 0.02070393
0 0.37265625 0.79347826 0.009375 0.01345755
0 0.63085937 0.78209109 0.01171875 0.01759834
0 0.6484375 0.77950310 0.0109375 0.01656314
0 0.409375 0.77795031 0.0109375 0.01345755
0 0.59726562 0.77536231 0.01015625 0.01656314
0 0.49648437 0.76501035 0.01328125 0.01242236
0 0.4109375 0.76035196 0.0125 0.00931677
0 0.36953125 0.74430641 0.0109375 0.01656314
0 0.60273437 0.72049689 0.01953125 0.02277432
0 0.43554687 0.72101449 0.00703125 0.03209109
0 0.66796875 0.71118012 0.0125 0.01656314
0 0.47265625 0.70186335 0.0140625 0.01035196
0 0.61328125 0.69979296 0.009375 0.01449275
0 0.3765625 0.69720496 0.0109375 0.01966873
0 0.353125 0.69151138 0.0125 0.01035196
0 0.44179687 0.63871635 0.01171875 0.01449275
0 0.35 0.63716356 0.0078125 0.01552795
0 0.66367187 0.62111801 0.01484375 0.01656314
0 0.621875 0.59472049 0.009375 0.01345755
0 0.46445312 0.57763975 0.01171875 0.01449275
0 0.46015625 0.54917184 0.0109375 0.01138716
0 0.5140625 0.54813664 0.0171875 0.01966873
0 0.41445312 0.52898550 0.01171875 0.03105590
0 0.47539062 0.51604554 0.01015625 0.01138716
0 0.39726562 0.51242236 0.01015625 0.01449275
0 0.63203125 0.50258799 0.0125 0.01552795
0 0.54882812 0.49223602 0.01015625 0.01138716
0 0.38125 0.49534161 0.0109375 0.01759834
0 0.64960937 0.48861283 0.01328125 0.01656314
0 0.30195312 0.48550724 0.01015625 0.01656314
0 0.36328125 0.47567287 0.009375 0.01345755
0 0.43046875 0.48136645 0.0203125 0.02898550
0 0.4703125 0.47722567 0.0265625 0.02484472
0 0.50625 0.46946169 0.0171875 0.02380952
0 0.321875 0.46066252 0.0171875 0.02277432
0 0.38828125 0.43530020 0.0109375 0.01552795
0 0.41054687 0.43633540 0.01484375 0.01966873
0 0.46875 0.42132505 0.009375 0.01656314
0 0.43359375 0.38043478 0.0140625 0.02795031
0 0.5875 0.37318840 0.0171875 0.02380952
0 0.46171875 0.34886128 0.009375 0.01656314
0 0.3765625 0.34316770 0.0109375 0.01552795
0 0.50742187 0.34368530 0.01015625 0.01863354
0 0.63203125 0.33747412 0.0140625 0.01863354
0 0.51054687 0.30797101 0.01171875 0.01345755
0 0.35195312 0.30848861 0.01015625 0.01449275
0 0.56054687 0.29658385 0.01328125 0.01552795
0 0.365625 0.28674948 0.0140625 0.01449275
0 0.64804687 0.27898550 0.01171875 0.01552795
0 0.4546875 0.27795031 0.0078125 0.01552795
0 0.43671875 0.25672877 0.0125 0.01449275
0 0.4828125 0.26242236 0.01875 0.03209109
0 0.375 0.25103519 0.0109375 0.01552795
0 0.46679687 0.21532091 0.01328125 0.01242236
0 0.57578125 0.20289855 0.0109375 0.01242236
0 0.465625 0.17080745 0.0109375 0.02484472
0 0.40898437 0.14855072 0.01015625 0.01345755
0 0.55742187 0.14337474 0.01328125 0.01345755
0 0.51210937 0.14026915 0.01484375 0.00931677
0 0.49570312 0.13819875 0.01015625 0.01552795
0 0.4390625 0.11594202 0.0125 0.01863354
0 0.54960937 0.10455486 0.01328125 0.01656314
0 0.33828125 0.10351966 0.0125 0.01449275
0 0.34257812 0.07505175 0.01640625 0.02587991
0 0.58164062 0.04244306 0.01640625 0.03726708
0 0.69414062 0.00362318 0.00859375 0.00724637
0 0.3859375 0.00776397 0.0140625 0.01552795