0 0.47070312 0.98913043 0.01171875 0.01552795
0 0.61953125 0.96325051 0.0171875 0.02380952
0 0.43164062 0.95341614 0.01171875 0.01863354
0 0.6921875 0.93115942 0.0171875 0.02380952
0 0.37265625 0.91977225 0.0171875 0.02380952
0 0.303125 0.91304347 0.009375 0.01863354
0 0.68164062 0.90993788 0.01953125 0.02070393
0 0.659375 0.90320910 0.0109375 0.01552795
0 0.53867187 0.90269151 0.01328125 0.01449275
0 0.29257812 0.89285714 0.00859375 0.01759834
0 0.346875 0.88250517 0.0109375 0.01759834
0 0.38046875 0.86904761 0.0109375 0.01552795
0 0.4078125 0.85766045 0.0140625 0.00931677
0 0.565625 0.85093167 0.0140625 0.01863354
0 0.33632812 0.84730848 0.00859375 0.01552795
0 0.53125 0.82039337 0.0125 0.01552795
0 0.37695312 0.80538302 0.01484375 0.01449275
0 0.47148437 0.80383022 0.01171875 0.01345755
0 0.56679687 0.80900621 0.01953125 0.03623188
0 0.49257812 0.79399585 0.02421875 0.02070393
0 0.62460937 0.78985507 0.01015625 0.01449275
0 0.6078125 0.79244306 0.0171875 0.02380952
0 0.4375 0.78726708 0.0171875 0.02380952
0 0.56796875 0.74792960 0.0109375 0.02380952
0 0.421875 0.73757763 0.0125 0.01759834
0 0.63320312 0.73602484 0.01171875 0.01656314
0 0.5453125 0.71842650 0.0078125 0.01035196
0 0.63125 0.70445134 0.0171875 0.02380952
0 0.4421875 0.69927536 0.0171875 0.02380952
0 0.39453125 0.69668737 0.0203125 0.03105590
0 0.42304687 0.67908902 0.00703125 0.01035196
0 0.58046875 0.67857142 0.0171875 0.02380952
0 0.65703125 0.66511387 0.0171875 0.02380952
0 0.50429687 0.62215320 0.02265625 0.02070393
0 0.315625 0.62163561 0.0125 0.02380952
0 0.49179687 0.59886128 0.01328125 0.01552795
0 0.65585937 0.59782608 0.00859375 0.01552795
0 0.6671875 0.59213250 0.0140625 0.01863354
0 0.46210937 0.58643892 0.01328125 0.01759834
0 0.48515625 0.56469979 0.0109375 0.01759834
0 0.39414062 0.56418219 0.01484375 0.01656314
0 0.42265625 0.56004140 0.009375 0.01035196
0 0.67304687 0.55175983 0.01171875 0.01242236
0 0.53085937 0.53157349 0.01328125 0.01552795
0 0.5859375 0.53364389 0.015625 0.03209109
0 0.37421875 0.52691511 0.015625 0.02070393
0 0.35703125 0.51759834 0.009375 0.01449275
0 0.375 0.50051759 0.0171875 0.01552795
0 0.50195312 0.49482401 0.01484375 0.01242236
0 0.68515625 0.48498964 0.009375 0.01759834
0 0.47070312 0.48395445 0.01015625 0.01552795
0 0.46015625 0.46739130 0.009375 0.01345755
0 0.684375 0.45548654 0.0109375 0.01656314
0 0.38398437 0.44772256 0.01015625 0.01552795
0 0.5640625 0.43219461 0.009375 0.01138716
0 0.58515625 0.43064182 0.015625 0.03105590
0 0.68242187 0.42028985 0.01015625 0.01449275
0 0.640625 0.42028985 0.0109375 0.01449275
0 0.30039062 0.42184265 0.01171875 0.01759834
0 0.60390625 0.40786749 0.0109375 0.01242236
0 0.32421875 0.40631469 0.0171875 0.02380952
0 0.54609375 0.39803312 0.009375 0.01759834
0 0.48085937 0.37267080 0.02109375 0.02691511
0 0.41835937 0.34057971 0.01015625 0.01449275
0 0.37539062 0.31728778 0.01015625 0.01138716
0 0.47460937 0.32763975 0.01796875 0.04037267
0 0.559375 0.30279503 0.0125 0.01552795
0 0.58476562 0.30072463 0.01171875 0.02795031
0 0.39765625 0.28985507 0.0078125 0.02484472
0 0.43554687 0.28209109 0.01171875 0.01552795
0 0.35742187 0.26759834 0.01328125 0.01759834
0 0.475 0.26708074 0.0125 0.01863354
0 0.45859375 0.21169772 0.025 0.01138716
0 0.5796875 0.17391304 0.0140625 0.01863354
0 0.35429687 0.17184265 0.01171875 0.01863354
0 0.57421875 0.13664596 0.009375 0.01449275
0 0.6046875 0.12991718 0.01875 0.01552795
0 0.5859375 0.12888198 0.0109375 0.01345755
0 0.35976562 0.12681159 0.00859375 0.01759834
0 0.3390625 0.11335403 0.021875 0.01552795
0 0.4671875 0.09523809 0.009375 0.01656314
0 0.52773437 0.06211180 0.00703125 0.01656314
0 0.4515625 0.05331262 0.0171875 0.02380952
0 0.6046875 0.02536231 0.0078125 0.01138716
0 0.6484375 0.01190476 0.0171875 0.02380952