0 0.54140625 0.98964803 0.0109375 0.02070393
0 0.5390625 0.95910973 0.0171875 0.02380952
0 0.6421875 0.95496894 0.0171875 0.02380952
0 0.35585937 0.94358178 0.01328125 0.01759834
0 0.63984375 0.91925465 0.0140625 0.01035196
0 0.4625 0.91149068 0.0171875 0.02380952
0 0.36757812 0.90372670 0.01171875 0.01863354
0 0.50625 0.88198757 0.0125 0.01242236
0 0.35390625 0.87215320 0.0171875 0.02380952
0 0.46757812 0.86645962 0.01328125 0.02277432
0 0.38007812 0.85714285 0.01015625 0.01863354
0 0.659375 0.85300207 0.0125 0.01449275
0 0.36523437 0.84834368 0.01171875 0.01552795
0 0.48632812 0.84213250 0.01015625 0.01345755
0 0.54765625 0.80900621 0.009375 0.01345755
0 0.66289062 0.80590062 0.01015625 0.01345755
0 0.34179687 0.79037267 0.01015625 0.01138716
0 0.35273437 0.78933747 0.01015625 0.01138716
0 0.63671875 0.78830227 0.0125 0.01552795
0 0.46835937 0.77898550 0.01171875 0.01552795
0 0.57890625 0.76863354 0.0125 0.01759834
0 0.43632812 0.76035196 0.01640625 0.02795031
0 0.46640625 0.74792960 0.0171875 0.02380952
0 0.41210937 0.73861283 0.02265625 0.01552795
0 0.47773437 0.73240165 0.01015625 0.01345755
0 0.64179687 0.72049689 0.00703125 0.01242236
0 0.6109375 0.70910973 0.0109375 0.01449275
0 0.5890625 0.70548654 0.0125 0.01345755
0 0.33164062 0.68115942 0.01640625 0.01449275
0 0.33710937 0.66252587 0.01328125 0.01035196
0 0.3875 0.66097308 0.0234375 0.00931677
0 0.6359375 0.66563146 0.009375 0.02484472
0 0.66992187 0.65734989 0.01328125 0.01035196
0 0.603125 0.65269151 0.0125 0.01138716
0 0.68476562 0.64492753 0.01015625 0.01656314
0 0.33398437 0.63664596 0.01484375 0.01449275
0 0.503125 0.62991718 0.0171875 0.02380952
0 0.45742187 0.62318840 0.01328125 0.01449275
0 0.41484375 0.61490683 0.0109375 0.02070393
0 0.57617187 0.60817805 0.01171875 0.01345755
0 0.61523437 0.60300207 0.01796875 0.01759834
0 0.64179687 0.59265010 0.01171875 0.01345755
0 0.36953125 0.59523809 0.0140625 0.01863354
0 0.44414062 0.59057971 0.01484375 0.01345755
0 0.3890625 0.58333333 0.0125 0.01966873
0 0.47773437 0.58488612 0.01796875 0.02898550
0 0.43632812 0.55952380 0.01171875 0.01552795
0 0.48710937 0.56055900 0.01015625 0.01966873
0 0.29375 0.55952380 0.0109375 0.02380952
0 0.63984375 0.54089026 0.0125 0.01552795
0 0.62617187 0.53674948 0.00859375 0.01138716
0 0.30664062 0.52846790 0.01328125 0.01759834
0 0.4046875 0.52173913 0.0109375 0.01449275
0 0.3859375 0.51811594 0.0125 0.01759834
0 0.42304687 0.51449275 0.01015625 0.01242236
0 0.43945312 0.49896480 0.01328125 0.01242236
0 0.55742187 0.49068322 0.01328125 0.01656314
0 0.40859375 0.49120082 0.0171875 0.02380952
0 0.4421875 0.47981366 0.0109375 0.01552795
0 0.58320312 0.48498964 0.02109375 0.03209109
0 0.5109375 0.44616977 0.0078125 0.01449275
0 0.43203125 0.45082815 0.0171875 0.02380952
0 0.45703125 0.42391304 0.01875 0.02173913
0 0.40625 0.42339544 0.021875 0.02484472
0 0.34570312 0.40217391 0.01484375 0.03002070
0 0.45039062 0.38354037 0.01015625 0.01138716
0 0.29765625 0.38612836 0.0109375 0.01863354
0 0.39375 0.38146997 0.021875 0.01138716
0 0.57578125 0.37991718 0.0171875 0.02070393
0 0.48046875 0.37215320 0.0171875 0.02380952
0 0.59765625 0.36283643 0.0078125 0.01759834
0 0.3796875 0.34420289 0.0109375 0.01345755
0 0.53710937 0.34161490 0.01015625 0.01242236
0 0.43203125 0.33281573 0.0125 0.01552795
0 0.48476562 0.28933747 0.01171875 0.01345755
0 0.59882812 0.28157349 0.01171875 0.02277432
0 0.43398437 0.26552795 0.01796875 0.02795031
0 0.48867187 0.24016563 0.01015625 0.01242236
0 0.64023437 0.22981366 0.01328125 0.02070393
0 0.55664062 0.20548654 0.01015625 0.01552795
0 0.43984375 0.20393374 0.0078125 0.02070393
0 0.6015625 0.20082815 0.0125 0.01656314
0 0.34648437 0.19772256 0.01953125 0.02484472
0 0.41835937 0.13250517 0.01171875 0.01656314
0 0.54179687 0.12422360 0.01171875 0.01656314
0 0.64765625 0.11645962 0.0140625 0.02380952
0 0.51757812 0.08954451 0.01328125 0.01966873
0 0.4875 0.07919254 0.0171875 0.02380952
0 0.43125 0.06469979 0.0109375 0.01552795
0 0.39765625 0.04037267 0.0140625 0.01242236
0 0.46210937 0.03364389 0.01015625 0.02380952
0 0.31289062 0.00621118 0.01484375 0.01242236