0 0.42929687 0.89026915 0.01484375 0.01449275
0 0.45820312 0.89130434 0.02109375 0.02484472
0 0.31640625 0.80693581 0.015625 0.01966873
0 0.49921875 0.80124223 0.0234375 0.02070393
0 0.64296875 0.77743271 0.0140625 0.01863354
0 0.6203125 0.77225672 0.021875 0.02277432
0 0.35898437 0.73395445 0.01484375 0.01449275
0 0.44453125 0.54399585 0.0234375 0.01552795
0 0.59453125 0.53674948 0.021875 0.03830227
0 0.33359375 0.49327122 0.021875 0.02380952
0 0.45742187 0.45238095 0.01640625 0.03105590
0 0.65546875 0.39233954 0.0234375 0.02898550
0 0.52773437 0.29296066 0.01640625 0.01863354
0 0.48476562 0.27484472 0.03046875 0.02173913
0 0.38359375 0.09420289 0.0109375 0.02070393
0 0.63203125 0.06314699 0.0125 0.02070393