0 0.59492187 0.88871635 0.02734375 0.02795031
0 0.453125 0.85559006 0.021875 0.01552795
0 0.5890625 0.66718426 0.01875 0.01966873
0 0.65351562 0.56366459 0.03046875 0.02173913
0 0.5140625 0.54917184 0.0453125 0.02587991
0 0.44453125 0.54399585 0.0234375 0.01552795
0 0.36601562 0.53571428 0.02734375 0.01759834
0 0.465625 0.48550724 0.0171875 0.03105590
0 0.31953125 0.47929606 0.0140625 0.02484472
0 0.3890625 0.45755693 0.0140625 0.02484472
0 0.56914062 0.42546583 0.02890625 0.02898550
0 0.61171875 0.40734989 0.034375 0.04244306
0 0.4078125 0.39544513 0.0234375 0.02277432
0 0.325 0.38819875 0.0203125 0.02691511
0 0.5328125 0.30693581 0.0203125 0.01552795
0 0.37539062 0.32298136 0.01640625 0.04761904
0 0.609375 0.29658385 0.01875 0.01552795
0 0.49023437 0.25569358 0.02265625 0.02070393
0 0.5453125 0.06884057 0.015625 0.01966873