0 0.54570312 0.93219461 0.00859375 0.01552795
0 0.51914062 0.92339544 0.02265625 0.01863354
0 0.2890625 0.92236024 0.009375 0.02070393
0 0.65351562 0.91045548 0.01015625 0.01345755
0 0.465625 0.91666666 0.0125 0.02587991
0 0.54179687 0.89751552 0.01640625 0.01863354
0 0.50703125 0.87525879 0.0171875 0.02380952
0 0.4703125 0.86697722 0.0109375 0.01345755
0 0.37070312 0.85973084 0.00703125 0.01345755
0 0.5734375 0.84937888 0.0125 0.01552795
0 0.315625 0.80745341 0.0109375 0.01449275
0 0.3765625 0.80175983 0.0125 0.01552795
0 0.3515625 0.80279503 0.0171875 0.02380952
0 0.63320312 0.77225672 0.01171875 0.01656314
0 0.36757812 0.77691511 0.01953125 0.02795031
0 0.57773437 0.76708074 0.01015625 0.01242236
0 0.40390625 0.74585921 0.0109375 0.01345755
0 0.4390625 0.74223602 0.0109375 0.01449275
0 0.35117187 0.73343685 0.01171875 0.01552795
0 0.58828125 0.73188405 0.0125 0.01656314
0 0.64492187 0.71273291 0.01484375 0.01759834
0 0.67890625 0.70703933 0.0171875 0.02277432
0 0.4078125 0.69409937 0.009375 0.01345755
0 0.54804687 0.68322981 0.01171875 0.01656314
0 0.6296875 0.68167701 0.0171875 0.02380952
0 0.59726562 0.67132505 0.01171875 0.02380952
0 0.57929687 0.65786749 0.01640625 0.01759834
0 0.34257812 0.63768115 0.02265625 0.01242236
0 0.46679687 0.63561076 0.01015625 0.01035196
0 0.5859375 0.62939958 0.0125 0.01035196
0 0.5578125 0.61594202 0.009375 0.01035196
0 0.36367187 0.60300207 0.01640625 0.01552795
0 0.46054687 0.60351966 0.00859375 0.01863354
0 0.60273437 0.59730848 0.01484375 0.01863354
0 0.440625 0.58747412 0.0140625 0.00931677
0 0.34921875 0.58540372 0.015625 0.01759834
0 0.46953125 0.58126293 0.0078125 0.03209109
0 0.32617187 0.56935817 0.01484375 0.01656314
0 0.62929687 0.57194616 0.02890625 0.02795031
0 0.53085937 0.55279503 0.00859375 0.01863354
0 0.5921875 0.52950310 0.0140625 0.01552795
0 0.68554687 0.52587991 0.01328125 0.01449275
0 0.4921875 0.50724637 0.0140625 0.01863354
0 0.4125 0.49068322 0.0140625 0.01035196
0 0.46875 0.49637681 0.01875 0.02380952
0 0.31171875 0.49585921 0.0078125 0.02277432
0 0.53632812 0.48964803 0.01015625 0.01449275
0 0.51328125 0.48602484 0.015625 0.00931677
0 0.4390625 0.48447204 0.0203125 0.02070393
0 0.31757812 0.47049689 0.02265625 0.02587991
0 0.66914062 0.46014492 0.01640625 0.00931677
0 0.4484375 0.46428571 0.0171875 0.02380952
0 0.64882812 0.45496894 0.01015625 0.01138716
0 0.33554687 0.44927536 0.01328125 0.01035196
0 0.42773437 0.44824016 0.01171875 0.01449275
0 0.47460937 0.44979296 0.00703125 0.01966873
0 0.5953125 0.43995859 0.0125 0.01449275
0 0.496875 0.44358178 0.0171875 0.02587991
0 0.31015625 0.44254658 0.01875 0.02795031
0 0.56523437 0.41925465 0.00859375 0.01242236
0 0.36445312 0.40320910 0.00859375 0.01345755
0 0.46757812 0.37784679 0.01484375 0.01242236
0 0.60742187 0.37888198 0.01796875 0.01656314
0 0.36367187 0.37267080 0.01015625 0.01656314
0 0.5046875 0.38146997 0.025 0.03830227
0 0.40976562 0.36542443 0.01171875 0.01242236
0 0.44335937 0.34834368 0.02421875 0.02380952
0 0.4890625 0.32919254 0.021875 0.04140786
0 0.46367187 0.31469979 0.01328125 0.02070393
0 0.48125 0.28830227 0.0078125 0.01345755
0 0.48867187 0.26759834 0.01953125 0.02380952
0 0.63164062 0.25672877 0.01953125 0.02070393
0 0.5828125 0.24120082 0.0125 0.01656314
0 0.528125 0.23498964 0.0109375 0.01242236
0 0.61445312 0.23084886 0.00859375 0.01035196
0 0.64804687 0.22308488 0.01171875 0.01345755
0 0.45859375 0.19668737 0.0125 0.01242236
0 0.50820312 0.18322981 0.01484375 0.01035196
0 0.48789062 0.15631469 0.01015625 0.01242236
0 0.38671875 0.14182194 0.015625 0.01242236
0 0.46484375 0.11076604 0.0125 0.01656314
0 0.60585937 0.10817805 0.01171875 0.01552795
0 0.48359375 0.10559006 0.0140625 0.01863354
0 0.54492187 0.09937888 0.00859375 0.02277432
0 0.6140625 0.09213250 0.01875 0.01656314
0 0.51484375 0.06262939 0.0140625 0.01966873
0 0.49023437 0.04917184 0.01328125 0.01759834
0 0.70039062 0.01966873 0.01015625 0.01242236