0 0.4828125 0.99378881 0.0078125 0.01242236
0 0.67265625 0.97153209 0.0171875 0.02380952
0 0.44414062 0.94461697 0.01015625 0.01138716
0 0.64609375 0.89078674 0.0125 0.01138716
0 0.41992187 0.88095238 0.00546875 0.00828157
0 0.54257812 0.88043478 0.01171875 0.01138716
0 0.65820312 0.87370600 0.00859375 0.01242236
0 0.43828125 0.85817805 0.0140625 0.02070393
0 0.53984375 0.85248447 0.0171875 0.02380952
0 0.3109375 0.85248447 0.0171875 0.02380952
0 0.39335937 0.84161490 0.01015625 0.01656314
0 0.45507812 0.83592132 0.01015625 0.01345755
0 0.49335937 0.83178053 0.01015625 0.01552795
0 0.67070312 0.82971014 0.00859375 0.02173913
0 0.65351562 0.81159420 0.01171875 0.01242236
0 0.47109375 0.81469979 0.0125 0.02070393
0 0.53984375 0.81314699 0.0171875 0.02380952
0 0.4359375 0.80279503 0.0171875 0.02380952
0 0.66289062 0.79761904 0.00859375 0.01966873
0 0.33554687 0.78364389 0.01171875 0.01656314
0 0.646875 0.77846790 0.0171875 0.02070393
0 0.4203125 0.77070393 0.0171875 0.02380952
0 0.33554687 0.76501035 0.01328125 0.01449275
0 0.44765625 0.74585921 0.015625 0.01759834
0 0.34921875 0.74689440 0.0171875 0.02380952
0 0.6109375 0.73757763 0.0078125 0.01552795
0 0.60703125 0.71376811 0.0109375 0.01759834
0 0.43242187 0.71066252 0.01015625 0.01966873
0 0.56289062 0.69824016 0.01015625 0.01552795
0 0.55195312 0.69254658 0.00859375 0.02484472
0 0.38398437 0.69099378 0.01328125 0.02173913
0 0.596875 0.68788819 0.015625 0.02795031
0 0.58398437 0.65786749 0.01171875 0.01966873
0 0.51796875 0.65010351 0.0234375 0.01863354
0 0.2984375 0.64544513 0.0171875 0.02380952
0 0.65507812 0.63612836 0.02578125 0.01759834
0 0.41484375 0.60714285 0.015625 0.01552795
0 0.43945312 0.60559006 0.01484375 0.01863354
0 0.37773437 0.60300207 0.01015625 0.02173913
0 0.63789062 0.59834368 0.01796875 0.02277432
0 0.65429687 0.56832298 0.01171875 0.02277432
0 0.46601562 0.56004140 0.01171875 0.01656314
0 0.66875 0.55900621 0.0140625 0.01656314
0 0.678125 0.53726708 0.0078125 0.02484472
0 0.36679687 0.52898550 0.01015625 0.01242236
0 0.453125 0.52122153 0.0171875 0.02380952
0 0.5140625 0.49068322 0.009375 0.01242236
0 0.55898437 0.49275362 0.01640625 0.01863354
0 0.63789062 0.48291925 0.02578125 0.03209109
0 0.63984375 0.45496894 0.0109375 0.01345755
0 0.3421875 0.43219461 0.0109375 0.01345755
0 0.65859375 0.42908902 0.0140625 0.01759834
0 0.43554687 0.42080745 0.01015625 0.01966873
0 0.29726562 0.41252587 0.01484375 0.01552795
0 0.33671875 0.40734989 0.0109375 0.01345755
0 0.63007812 0.39182194 0.01640625 0.01552795
0 0.53945312 0.38095238 0.00859375 0.01242236
0 0.5 0.37991718 0.0125 0.01035196
0 0.45351562 0.37732919 0.00859375 0.01138716
0 0.5234375 0.36749482 0.0109375 0.01656314
0 0.4640625 0.36749482 0.0265625 0.03105590
0 0.40546875 0.35973084 0.0171875 0.02380952
0 0.54453125 0.34627329 0.009375 0.01552795
0 0.58867187 0.34834368 0.01640625 0.03209109
0 0.34335937 0.33695652 0.01171875 0.01345755
0 0.41914062 0.33074534 0.01015625 0.01138716
0 0.38671875 0.32142857 0.0109375 0.01759834
0 0.47304687 0.31677018 0.01015625 0.01242236
0 0.37109375 0.30797101 0.0125 0.01345755
0 0.50078125 0.29865424 0.009375 0.01552795
0 0.39765625 0.29347826 0.0171875 0.02380952
0 0.49257812 0.28364389 0.01015625 0.01242236
0 0.47148437 0.28726708 0.01640625 0.01966873
0 0.39960937 0.26604554 0.01171875 0.01656314
0 0.3875 0.26397515 0.009375 0.02070393
0 0.575 0.25569358 0.0109375 0.01035196
0 0.64375 0.25 0.0125 0.01552795
0 0.50429687 0.23913043 0.01328125 0.01449275
0 0.38984375 0.23964803 0.0171875 0.02380952
0 0.43632812 0.23964803 0.01796875 0.03209109
0 0.45898437 0.21325051 0.01328125 0.01449275
0 0.3578125 0.21066252 0.01875 0.01345755
0 0.64804687 0.20238095 0.01015625 0.01345755
0 0.40976562 0.19616977 0.01171875 0.01552795
0 0.63359375 0.19254658 0.0078125 0.01449275
0 0.40117187 0.18581780 0.00859375 0.01138716
0 0.459375 0.12215320 0.0140625 0.02484472
0 0.37929687 0.10766045 0.01328125 0.01449275
0 0.575 0.09679089 0.0125 0.03209109
0 0.60429687 0.06107660 0.00859375 0.01035196
0 0.36132812 0.05693581 0.00859375 0.01242236
0 0.65429687 0.02380952 0.00859375 0.01035196
0 0.54648437 0.00828157 0.01484375 0.01035196