0 0.61328125 0.99327122 0.015625 0.01345755
0 0.36679687 0.99120082 0.00859375 0.01759834
0 0.69023437 0.98084886 0.01015625 0.01966873
0 0.43789062 0.93426501 0.02421875 0.00931677
0 0.41015625 0.92028985 0.028125 0.03726708
0 0.53671875 0.89389233 0.009375 0.01138716
0 0.67539062 0.89078674 0.01171875 0.01345755
0 0.34609375 0.88871635 0.0125 0.01552795
0 0.68710937 0.88923395 0.00859375 0.02070393
0 0.41523437 0.87888198 0.01015625 0.01863354
0 0.37734375 0.88198757 0.01875 0.03105590
0 0.64179687 0.86645962 0.01484375 0.01656314
0 0.29960937 0.86542443 0.01015625 0.01449275
0 0.68007812 0.84937888 0.01953125 0.01966873
0 0.3140625 0.84679089 0.009375 0.01863354
0 0.39023437 0.81625258 0.01484375 0.01966873
0 0.509375 0.81004140 0.0125 0.01345755
0 0.6171875 0.81314699 0.0171875 0.02380952
0 0.35546875 0.79761904 0.0109375 0.03002070
0 0.63671875 0.78726708 0.0125 0.02173913
0 0.32578125 0.73550724 0.0078125 0.02380952
0 0.57734375 0.73447204 0.0171875 0.02380952
0 0.68164062 0.70186335 0.00859375 0.01035196
0 0.64023437 0.70393374 0.01171875 0.01449275
0 0.50625 0.69513457 0.0171875 0.02380952
0 0.61601562 0.68788819 0.01171875 0.01966873
0 0.60898437 0.64337474 0.01484375 0.01552795
0 0.29765625 0.64648033 0.0171875 0.02380952
0 0.6375 0.63198757 0.0125 0.01552795
0 0.34609375 0.63509316 0.0171875 0.02380952
0 0.41679687 0.63146997 0.01015625 0.02070393
0 0.36875 0.63302277 0.0171875 0.02380952
0 0.4703125 0.60507246 0.0140625 0.01759834
0 0.384375 0.60714285 0.0171875 0.02380952
0 0.365625 0.59989648 0.0171875 0.02380952
0 0.6640625 0.58488612 0.0109375 0.01449275
0 0.38945312 0.55848861 0.01015625 0.01138716
0 0.31953125 0.55745341 0.0171875 0.02380952
0 0.4296875 0.54399585 0.0109375 0.01345755
0 0.37617187 0.54089026 0.00859375 0.01345755
0 0.55546875 0.52380952 0.0078125 0.02898550
0 0.41796875 0.50569358 0.0125 0.03209109
0 0.50390625 0.49689440 0.0125 0.01656314
0 0.35429687 0.49223602 0.01015625 0.01138716
0 0.66796875 0.48913043 0.0171875 0.02380952
0 0.51054687 0.48084886 0.00859375 0.01345755
0 0.4171875 0.47670807 0.0140625 0.01552795
0 0.57070312 0.47929606 0.03046875 0.03105590
0 0.32578125 0.46739130 0.0109375 0.01552795
0 0.3421875 0.47360248 0.0109375 0.03002070
0 0.39375 0.46273291 0.009375 0.01449275
0 0.40859375 0.45134575 0.0078125 0.01656314
0 0.33085937 0.44306418 0.00859375 0.01242236
0 0.63515625 0.44358178 0.0125 0.02173913
0 0.5984375 0.43478260 0.009375 0.01242236
0 0.55585937 0.42494824 0.02421875 0.01138716
0 0.49609375 0.41563146 0.0109375 0.01552795
0 0.3171875 0.40890269 0.0140625 0.02070393
0 0.57460937 0.40113871 0.01171875 0.01552795
0 0.34570312 0.40113871 0.00859375 0.02380952
0 0.51523437 0.38612836 0.02265625 0.01863354
0 0.39453125 0.38250517 0.0140625 0.01759834
0 0.32539062 0.38871635 0.01953125 0.03002070
0 0.565625 0.35248447 0.0171875 0.02173913
0 0.49335937 0.34679089 0.01015625 0.01449275
0 0.60078125 0.27536231 0.0109375 0.01242236
0 0.4046875 0.26656314 0.009375 0.01966873
0 0.50195312 0.25776397 0.02421875 0.03312629
0 0.60117187 0.23757763 0.01015625 0.00931677
0 0.60625 0.21532091 0.0125 0.01449275
0 0.57070312 0.22204968 0.01484375 0.02795031
0 0.44140625 0.20703933 0.0125 0.01449275
0 0.3765625 0.20134575 0.0109375 0.01966873
0 0.50703125 0.16304347 0.0078125 0.01552795
0 0.47890625 0.14855072 0.0171875 0.02795031
0 0.60625 0.15217391 0.0203125 0.03726708
0 0.63515625 0.13198757 0.0078125 0.02380952
0 0.53710937 0.11490683 0.01015625 0.01863354
0 0.51640625 0.11801242 0.009375 0.02484472
0 0.44335937 0.09782608 0.01640625 0.01966873
0 0.60585937 0.09523809 0.01171875 0.01656314
0 0.57851562 0.07660455 0.01953125 0.02277432
0 0.484375 0.06521739 0.0109375 0.01449275
0 0.69648437 0.04140786 0.01796875 0.01035196
0 0.5484375 0.04089026 0.0171875 0.02380952
0 0.50117187 0.01190476 0.01015625 0.01345755
0 0.415625 0.00828157 0.0140625 0.01656314