0 0.62109375 0.79554865 0.0203125 0.02795031
0 0.3171875 0.75258799 0.0203125 0.03726708
0 0.57070312 0.73654244 0.05234375 0.09420289
0 0.6265625 0.69358178 0.01875 0.02277432
0 0.35234375 0.55124223 0.01875 0.01966873
0 0.38789062 0.53416149 0.02890625 0.04761904
0 0.49960937 0.49171842 0.03203125 0.02484472
0 0.43164062 0.45341614 0.01640625 0.03105590
0 0.56914062 0.42546583 0.02890625 0.02898550
0 0.640625 0.38768115 0.0125 0.02587991
0 0.58359375 0.33902691 0.0203125 0.01966873
0 0.3953125 0.33488612 0.015625 0.02380952
0 0.62421875 0.28726708 0.021875 0.02795031
0 0.55546875 0.25465838 0.0203125 0.02898550
0 0.4390625 0.15631469 0.028125 0.02691511
0 0.346875 0.11231884 0.0203125 0.02587991
0 0.63945312 0.06935817 0.01171875 0.01863354