0 0.42695312 0.83954451 0.01171875 0.02277432
0 0.31796875 0.83747412 0.021875 0.02691511
0 0.40546875 0.82608695 0.0203125 0.02484472
0 0.47929687 0.79865424 0.01171875 0.01966873
0 0.503125 0.75 0.01875 0.01345755
0 0.34570312 0.65320910 0.02265625 0.02898550
0 0.5640625 0.60455486 0.0140625 0.01656314
0 0.61523437 0.57971014 0.01796875 0.01863354
0 0.32578125 0.55641821 0.0140625 0.02380952
0 0.68320312 0.55848861 0.01796875 0.03002070
0 0.45742187 0.51242236 0.03359375 0.03105590
0 0.57773437 0.40579710 0.02421875 0.02484472
0 0.5390625 0.38923395 0.0140625 0.02070393
0 0.32578125 0.38871635 0.01875 0.02795031
0 0.56132812 0.33178053 0.01953125 0.02380952
0 0.61523437 0.32505175 0.01796875 0.01863354
0 0.4828125 0.28002070 0.01875 0.02795031
0 0.55234375 0.24327122 0.0125 0.01656314
0 0.634375 0.21790890 0.0171875 0.01966873
0 0.5984375 0.20134575 0.015625 0.02173913
0 0.54921875 0.19202898 0.0140625 0.01552795
0 0.56054687 0.12370600 0.01953125 0.03002070
0 0.6109375 0.01138716 0.015625 0.02277432
0 0.3171875 0.00724637 0.00625 0.01449275