0 0.6203125 0.96428571 0.0171875 0.02380952
0 0.67460937 0.96532091 0.02734375 0.03002070
0 0.5 0.93478260 0.01875 0.02070393
0 0.6265625 0.92080745 0.0109375 0.00931677
0 0.6875 0.92080745 0.0171875 0.02380952
0 0.6484375 0.91614906 0.0125 0.01863354
0 0.57773437 0.90734989 0.00859375 0.01345755
0 0.47851562 0.90683229 0.01328125 0.02277432
0 0.4484375 0.89958592 0.009375 0.01449275
0 0.56445312 0.89855072 0.01171875 0.02070393
0 0.64960937 0.88975155 0.00859375 0.00931677
0 0.29414062 0.88043478 0.01171875 0.01138716
0 0.38984375 0.87784679 0.0125 0.02277432
0 0.6703125 0.86956521 0.0109375 0.01242236
0 0.4109375 0.87318840 0.0171875 0.02380952
0 0.62617187 0.86180124 0.01328125 0.02380952
0 0.48984375 0.83229813 0.0140625 0.01863354
0 0.54609375 0.82712215 0.0140625 0.01242236
0 0.32851562 0.83281573 0.00859375 0.03002070
0 0.63789062 0.80020703 0.00703125 0.01242236
0 0.31523437 0.79813664 0.01484375 0.02484472
0 0.67617187 0.78881987 0.01640625 0.02484472
0 0.609375 0.78519668 0.0078125 0.01759834
0 0.36914062 0.77018633 0.01171875 0.01449275
0 0.3125 0.75931677 0.009375 0.01552795
0 0.66640625 0.74689440 0.0171875 0.02380952
0 0.34921875 0.73498964 0.009375 0.01863354
0 0.44921875 0.72826086 0.0109375 0.01345755
0 0.5671875 0.72670807 0.0109375 0.01449275
0 0.56171875 0.71273291 0.0125 0.01138716
0 0.61015625 0.69202898 0.009375 0.01138716
0 0.64414062 0.68374741 0.01640625 0.01759834
0 0.2921875 0.67908902 0.0078125 0.01035196
0 0.44882812 0.67184265 0.01796875 0.01863354
0 0.56679687 0.66511387 0.00859375 0.01345755
0 0.48984375 0.63095238 0.009375 0.01345755
0 0.58320312 0.61904761 0.01171875 0.01242236
0 0.38164062 0.62215320 0.00859375 0.02484472
0 0.64921875 0.56573498 0.0234375 0.02795031
0 0.46875 0.57039337 0.0109375 0.03726708
0 0.34179687 0.51293995 0.00859375 0.01552795
0 0.47109375 0.52070393 0.0234375 0.03933747
0 0.390625 0.50724637 0.015625 0.02070393
0 0.68242187 0.50465838 0.01328125 0.01759834
0 0.60234375 0.49534161 0.0109375 0.01345755
0 0.45351562 0.49637681 0.01171875 0.01759834
0 0.37539062 0.49016563 0.00703125 0.01759834
0 0.315625 0.49120082 0.0109375 0.01966873
0 0.42734375 0.46739130 0.0109375 0.01345755
0 0.56757812 0.46583850 0.01640625 0.02691511
0 0.37226562 0.45445134 0.01484375 0.02070393
0 0.37109375 0.42701863 0.0109375 0.01552795
0 0.30664062 0.42546583 0.01015625 0.01242236
0 0.67734375 0.41718426 0.0109375 0.01449275
0 0.38085937 0.41149068 0.01328125 0.01759834
0 0.4640625 0.40993788 0.0125 0.02070393
0 0.43164062 0.40734989 0.01640625 0.01759834
0 0.40585937 0.39389233 0.01328125 0.01345755
0 0.496875 0.37267080 0.0125 0.02484472
0 0.36992187 0.34679089 0.00859375 0.01242236
0 0.41601562 0.34679089 0.01015625 0.01449275
0 0.47773437 0.33643892 0.01328125 0.01242236
0 0.34023437 0.31832298 0.01640625 0.01759834
0 0.434375 0.31004140 0.0171875 0.02380952
0 0.47421875 0.29917184 0.0078125 0.01449275
0 0.63632812 0.27743271 0.00859375 0.01035196
0 0.50351562 0.27432712 0.01328125 0.01242236
0 0.5234375 0.27277432 0.009375 0.01345755
0 0.64101562 0.23809523 0.01015625 0.01035196
0 0.33398437 0.21894409 0.01640625 0.01138716
0 0.36992187 0.22256728 0.01484375 0.02070393
0 0.60742187 0.20496894 0.02734375 0.01449275
0 0.64492187 0.20289855 0.01484375 0.01863354
0 0.43320312 0.19875776 0.00859375 0.02070393
0 0.3359375 0.19047619 0.01875 0.01656314
0 0.62929687 0.16718426 0.03515625 0.02173913
0 0.4578125 0.16925465 0.0171875 0.03416149
0 0.37109375 0.15113871 0.0140625 0.02898550
0 0.42226562 0.13612836 0.01171875 0.01138716
0 0.56679687 0.12163561 0.01171875 0.01552795
0 0.40742187 0.06573498 0.02421875 0.02173913
0 0.6109375 0.06004140 0.0109375 0.01449275
0 0.475 0.02639751 0.0203125 0.01138716
0 0.6921875 0.02277432 0.0171875 0.01242236