0 0.4859375 0.96376811 0.01875 0.02070393
0 0.61835937 0.96325051 0.01015625 0.02380952
0 0.33125 0.94772256 0.0109375 0.01759834
0 0.63085937 0.94461697 0.01953125 0.02173913
0 0.46601562 0.93271221 0.01640625 0.02070393
0 0.69140625 0.92960662 0.0078125 0.02277432
0 0.659375 0.91252587 0.0171875 0.02380952
0 0.59804687 0.88768115 0.01015625 0.01345755
0 0.67460937 0.88043478 0.01328125 0.02173913
0 0.340625 0.87525879 0.0171875 0.02380952
0 0.3796875 0.87370600 0.0171875 0.02691511
0 0.5234375 0.86231884 0.0125 0.01863354
0 0.48242187 0.85041407 0.01015625 0.00931677
0 0.44414062 0.83022774 0.02734375 0.02070393
0 0.3015625 0.82712215 0.0140625 0.01656314
0 0.41328125 0.82194616 0.009375 0.01242236
0 0.66640625 0.82349896 0.0109375 0.02173913
0 0.47421875 0.81728778 0.0140625 0.01966873
0 0.5734375 0.81521739 0.0171875 0.02380952
0 0.35507812 0.81366459 0.01328125 0.02070393
0 0.68398437 0.79865424 0.01328125 0.01759834
0 0.33984375 0.79968944 0.021875 0.02380952
0 0.35625 0.77587991 0.0109375 0.01345755
0 0.57265625 0.76604554 0.0109375 0.01449275
0 0.59101562 0.76138716 0.02265625 0.03209109
0 0.38945312 0.72463768 0.01328125 0.01656314
0 0.33515625 0.69409937 0.0171875 0.02380952
0 0.31953125 0.66821946 0.0109375 0.01345755
0 0.5046875 0.66770186 0.015625 0.01656314
0 0.44101562 0.64648033 0.01015625 0.01552795
0 0.39765625 0.64492753 0.0109375 0.01449275
0 0.59804687 0.59834368 0.00859375 0.02484472
0 0.29335937 0.58229813 0.00859375 0.01345755
0 0.31289062 0.58333333 0.00703125 0.02795031
0 0.29882812 0.55227743 0.02109375 0.01345755
0 0.59609375 0.54399585 0.009375 0.01345755
0 0.47226562 0.52795031 0.01328125 0.01242236
0 0.4515625 0.52173913 0.0125 0.02484472
0 0.490625 0.52070393 0.015625 0.02484472
0 0.52382812 0.50828157 0.01171875 0.01656314
0 0.29804687 0.50569358 0.01015625 0.01345755
0 0.55039062 0.49068322 0.00859375 0.01656314
0 0.43828125 0.48706004 0.0109375 0.01345755
0 0.684375 0.47877846 0.0125 0.01552795
0 0.39609375 0.46066252 0.0125 0.01656314
0 0.628125 0.45703933 0.0125 0.01759834
0 0.57617187 0.46687370 0.03203125 0.04140786
0 0.3375 0.45134575 0.0109375 0.01656314
0 0.47148437 0.44565217 0.01171875 0.01552795
0 0.59296875 0.40942028 0.009375 0.01552795
0 0.37578125 0.39906832 0.0125 0.01345755
0 0.63671875 0.39855072 0.01875 0.01863354
0 0.5234375 0.40993788 0.03125 0.04140786
0 0.63007812 0.35455486 0.01328125 0.01345755
0 0.3359375 0.35351966 0.009375 0.01345755
0 0.38867187 0.34057971 0.01171875 0.01656314
0 0.6421875 0.33592132 0.0171875 0.02380952
0 0.58789062 0.32919254 0.00703125 0.01035196
0 0.36875 0.29451345 0.0171875 0.02380952
0 0.48984375 0.27329192 0.009375 0.01242236
0 0.371875 0.27018633 0.0140625 0.01242236
0 0.55703125 0.26552795 0.01875 0.01759834
0 0.46796875 0.25724637 0.0109375 0.01552795
0 0.34882812 0.25362318 0.01171875 0.01656314
0 0.515625 0.22826086 0.0109375 0.01759834
0 0.640625 0.22049689 0.0125 0.01242236
0 0.621875 0.21946169 0.009375 0.01449275
0 0.56914062 0.21635610 0.01328125 0.01656314
0 0.43164062 0.21169772 0.02109375 0.02380952
0 0.40273437 0.19824016 0.01328125 0.01138716
0 0.62109375 0.18530020 0.0125 0.01656314
0 0.4921875 0.18478260 0.0171875 0.02380952
0 0.41445312 0.17494824 0.01171875 0.01656314
0 0.53710937 0.16770186 0.01171875 0.01449275
0 0.60195312 0.14078674 0.01484375 0.01449275
0 0.39453125 0.12008281 0.0140625 0.01656314
0 0.62578125 0.10610766 0.0171875 0.02380952
0 0.54921875 0.08747412 0.0078125 0.02587991
0 0.48945312 0.07349896 0.01328125 0.01656314
0 0.33671875 0.07298136 0.0171875 0.02380952
0 0.5234375 0.05952380 0.009375 0.01759834
0 0.5875 0.06159420 0.0171875 0.02380952
0 0.42695312 0.05227743 0.01171875 0.01759834
0 0.56289062 0.03571428 0.01484375 0.01345755
0 0.665625 0.03674948 0.0171875 0.02173913
0 0.39023437 0.02225672 0.01953125 0.01966873
0 0.35078125 0.01345755 0.0109375 0.02277432