0 0.63398437 0.85351966 0.01953125 0.02380952
0 0.47578125 0.81884057 0.0171875 0.02070393
0 0.40976562 0.83385093 0.01640625 0.06107660
0 0.65 0.78571428 0.0171875 0.01449275
0 0.3171875 0.75258799 0.0203125 0.03726708
0 0.6578125 0.74223602 0.015625 0.02484472
0 0.40976562 0.74171842 0.01640625 0.04037267
0 0.64453125 0.66873706 0.01875 0.04554865
0 0.57773437 0.54347826 0.02421875 0.01449275
0 0.32695312 0.51863354 0.02109375 0.02484472
0 0.5515625 0.50207039 0.0234375 0.03312629
0 0.57460937 0.47308488 0.01796875 0.02277432
0 0.3078125 0.47360248 0.01875 0.04451345
0 0.45742187 0.45238095 0.01640625 0.03105590
0 0.4078125 0.39544513 0.0234375 0.02277432
0 0.57460937 0.35351966 0.02734375 0.02587991
0 0.5390625 0.33540372 0.0171875 0.01242236
0 0.51328125 0.33540372 0.0171875 0.01242236
0 0.6265625 0.29399585 0.0265625 0.04968944
0 0.49765625 0.26552795 0.0375 0.04037267
0 0.55507812 0.19151138 0.01640625 0.02277432
0 0.41210937 0.12422360 0.03046875 0.04140786