0 0.5046875 0.89026915 0.0265625 0.02484472
0 0.41953125 0.88198757 0.0171875 0.03105590
0 0.4578125 0.75207039 0.015625 0.01966873
0 0.37929687 0.74275362 0.01796875 0.01552795
0 0.40429687 0.51449275 0.01484375 0.02484472
0 0.415625 0.45755693 0.015625 0.02484472
0 0.56914062 0.42546583 0.02890625 0.02898550
0 0.45429687 0.39130434 0.01640625 0.01863354
0 0.61992187 0.30538302 0.01328125 0.02691511
0 0.42070312 0.12474120 0.01328125 0.02587991
0 0.63476562 0.09523809 0.01171875 0.02070393
0 0.38242187 0.06728778 0.01328125 0.02277432