0 0.39648437 0.89285714 0.01953125 0.00931677
0 0.67617187 0.82556935 0.01171875 0.01552795
0 0.63710937 0.74741200 0.02578125 0.02898550
0 0.42734375 0.71739130 0.0109375 0.01242236
0 0.58125 0.71066252 0.009375 0.01552795
0 0.39296875 0.63923395 0.0171875 0.02173913
0 0.40859375 0.48188405 0.0140625 0.02587991
0 0.31875 0.42960662 0.0234375 0.02898550
0 0.42734375 0.39596273 0.021875 0.02587991
0 0.62773437 0.26035196 0.02109375 0.02795031
0 0.471875 0.19824016 0.0234375 0.02795031
0 0.61015625 0.14337474 0.0234375 0.02795031
0 0.34492187 0.10973084 0.01640625 0.02070393