0 0.475 0.99534161 0.009375 0.00931677
0 0.38554687 0.99016563 0.01640625 0.01345755
0 0.39414062 0.95186335 0.00703125 0.02173913
0 0.63671875 0.94565217 0.0171875 0.01966873
0 0.31210937 0.93426501 0.02109375 0.02587991
0 0.56015625 0.92287784 0.0171875 0.02380952
0 0.50585937 0.91407867 0.01796875 0.01242236
0 0.41171875 0.91045548 0.009375 0.01345755
0 0.64570312 0.89026915 0.00859375 0.01242236
0 0.44375 0.88975155 0.0109375 0.01552795
0 0.5125 0.87422360 0.0109375 0.01345755
0 0.48164062 0.88146997 0.01328125 0.02795031
0 0.61875 0.86024844 0.0140625 0.02277432
0 0.54375 0.85351966 0.0109375 0.02587991
0 0.51640625 0.83488612 0.009375 0.01552795
0 0.42304687 0.81159420 0.01015625 0.01863354
0 0.6125 0.80227743 0.0171875 0.01863354
0 0.3453125 0.80434782 0.0234375 0.02277432
0 0.5078125 0.78985507 0.0125 0.01656314
0 0.428125 0.78519668 0.0171875 0.02380952
0 0.3453125 0.77329192 0.0203125 0.03312629
0 0.6546875 0.76190476 0.0140625 0.01242236
0 0.59140625 0.75879917 0.0109375 0.01656314
0 0.421875 0.75414078 0.009375 0.01138716
0 0.634375 0.75103519 0.015625 0.01759834
0 0.31875 0.74585921 0.0171875 0.02380952
0 0.34023437 0.74016563 0.01484375 0.01656314
0 0.60859375 0.73291925 0.009375 0.01449275
0 0.51445312 0.72774327 0.03359375 0.02898550
0 0.46210937 0.72567287 0.00859375 0.02484472
0 0.5578125 0.71739130 0.009375 0.01242236
0 0.64335937 0.69720496 0.00703125 0.01345755
0 0.31289062 0.69047619 0.02109375 0.02691511
0 0.52851562 0.68944099 0.01171875 0.02691511
0 0.32070312 0.65890269 0.01171875 0.01345755
0 0.359375 0.64648033 0.0109375 0.01552795
0 0.45078125 0.64596273 0.0125 0.01863354
0 0.6171875 0.62888198 0.0171875 0.02380952
0 0.50898437 0.62163561 0.01171875 0.01552795
0 0.41835937 0.61542443 0.01328125 0.01138716
0 0.33125 0.61490683 0.009375 0.01863354
0 0.49453125 0.58385093 0.0109375 0.01449275
0 0.44453125 0.54503105 0.015625 0.01966873
0 0.52734375 0.53933747 0.0125 0.01242236
0 0.5046875 0.51863354 0.0140625 0.01656314
0 0.40117187 0.50879917 0.00859375 0.00931677
0 0.42070312 0.51138716 0.01484375 0.01863354
0 0.48710937 0.49482401 0.01015625 0.01242236
0 0.47382812 0.49792960 0.00859375 0.02277432
0 0.49257812 0.47515527 0.01328125 0.01242236
0 0.35546875 0.47619047 0.0140625 0.01449275
0 0.55039062 0.47412008 0.01171875 0.01242236
0 0.43046875 0.46221532 0.0125 0.01552795
0 0.66132812 0.44513457 0.01171875 0.01656314
0 0.5421875 0.44875776 0.0171875 0.02380952
0 0.64179687 0.43788819 0.01328125 0.01242236
0 0.59492187 0.42184265 0.02109375 0.02173913
0 0.33867187 0.40683229 0.01015625 0.01449275
0 0.53046875 0.38975155 0.0078125 0.01345755
0 0.640625 0.38405797 0.009375 0.01449275
0 0.60859375 0.37525879 0.0171875 0.02380952
0 0.54414062 0.36904761 0.01484375 0.01759834
0 0.35859375 0.34420289 0.0265625 0.02587991
0 0.53984375 0.32867494 0.0171875 0.02380952
0 0.4625 0.32401656 0.0109375 0.02070393
0 0.38710937 0.32039337 0.01015625 0.01345755
0 0.56367187 0.31366459 0.01328125 0.01656314
0 0.48515625 0.29813664 0.0078125 0.01656314
0 0.5234375 0.29451345 0.009375 0.01759834
0 0.51015625 0.26708074 0.0109375 0.01449275
0 0.63515625 0.25155279 0.0125 0.01863354
0 0.60703125 0.21480331 0.0109375 0.01552795
0 0.64140625 0.20445134 0.0078125 0.01345755
0 0.3921875 0.20910973 0.0078125 0.02898550
0 0.56015625 0.18374741 0.0234375 0.02380952
0 0.38710937 0.17546583 0.01484375 0.00931677
0 0.43945312 0.17028985 0.01171875 0.03623188
0 0.33085937 0.14855072 0.00859375 0.01552795
0 0.41601562 0.13664596 0.02109375 0.02898550
0 0.45429687 0.12111801 0.01171875 0.01656314
0 0.34921875 0.11801242 0.021875 0.01656314
0 0.57265625 0.11542443 0.0171875 0.02380952
0 0.39375 0.11128364 0.0140625 0.01759834
0 0.48125 0.09886128 0.015625 0.02173913
0 0.57539062 0.08074534 0.01015625 0.01863354
0 0.42695312 0.07712215 0.01640625 0.01345755
0 0.37421875 0.07194616 0.009375 0.01138716
0 0.51757812 0.06418219 0.01953125 0.02277432
0 0.61523437 0.01915113 0.01015625 0.01759834
0 0.32617187 0.00879917 0.01484375 0.01759834