0 0.39140625 0.89130434 0.015625 0.01863354
0 0.3546875 0.89492753 0.0203125 0.03002070
0 0.37695312 0.88095238 0.01328125 0.02691511
0 0.59726562 0.85869565 0.01171875 0.01345755
0 0.34296875 0.82971014 0.0125 0.01966873
0 0.54414062 0.83126293 0.02578125 0.02898550
0 0.34179687 0.78053830 0.01484375 0.01863354
0 0.50429687 0.77484472 0.01015625 0.01759834
0 0.29375 0.74741200 0.0109375 0.01656314
0 0.46015625 0.73654244 0.0140625 0.01966873
0 0.39375 0.70703933 0.0078125 0.02277432
0 0.5875 0.69461697 0.0203125 0.02691511
0 0.52695312 0.55279503 0.01484375 0.02070393
0 0.50859375 0.54761904 0.015625 0.02277432
0 0.30273437 0.53416149 0.00546875 0.02484472
0 0.48164062 0.53105590 0.01953125 0.02691511
0 0.4546875 0.52536231 0.0171875 0.01966873
0 0.30273437 0.48084886 0.01171875 0.01759834
0 0.496875 0.37318840 0.0125 0.01759834
0 0.39960937 0.37732919 0.02578125 0.02795031
0 0.41367187 0.33281573 0.01484375 0.01345755
0 0.64648437 0.32349896 0.01484375 0.01759834
0 0.50234375 0.20393374 0.00625 0.01242236
0 0.3640625 0.10559006 0.0140625 0.01863354