0 0.39375 0.87681159 0.0171875 0.02070393
0 0.40976562 0.74171842 0.01640625 0.04037267
0 0.59804687 0.71583850 0.01484375 0.01552795
0 0.5890625 0.66718426 0.01875 0.01966873
0 0.55859375 0.63198757 0.0265625 0.03623188
0 0.51132812 0.59472049 0.02265625 0.01759834
0 0.47148437 0.55848861 0.01171875 0.03209109
0 0.41757812 0.53002070 0.01328125 0.02898550
0 0.40625 0.45755693 0.0171875 0.02484472
0 0.60195312 0.40062111 0.02578125 0.04968944
0 0.640625 0.38768115 0.0125 0.02587991
0 0.63359375 0.35093167 0.01875 0.01863354
0 0.61757812 0.32815734 0.01640625 0.02484472
0 0.3953125 0.29037267 0.015625 0.02380952
0 0.58828125 0.24120082 0.0140625 0.02070393
0 0.60507812 0.23188405 0.01640625 0.02484472
0 0.62109375 0.22670807 0.0140625 0.02070393
0 0.50429687 0.22360248 0.01328125 0.02691511
0 0.63203125 0.06314699 0.0125 0.02070393