0 0.61367187 0.88457556 0.02578125 0.03416149
0 0.453125 0.85559006 0.021875 0.01552795
0 0.40976562 0.81418219 0.01640625 0.02173913
0 0.33359375 0.78571428 0.015625 0.04968944
0 0.65820312 0.76811594 0.01640625 0.02070393
0 0.44179687 0.75103519 0.01640625 0.02173913
0 0.57773437 0.52898550 0.02421875 0.01449275
0 0.44453125 0.52691511 0.021875 0.01449275
0 0.465625 0.48550724 0.0171875 0.03105590
0 0.59960937 0.38923395 0.02109375 0.02691511
0 0.53945312 0.34937888 0.01796875 0.03209109
0 0.49375 0.32815734 0.0140625 0.02070393
0 0.59179687 0.28623188 0.01640625 0.02587991
0 0.359375 0.07919254 0.0140625 0.05072463