0 0.54921875 0.99585921 0.0140625 0.00828157
0 0.359375 0.98498964 0.015625 0.02380952
0 0.51992187 0.97619047 0.00859375 0.01863354
0 0.68554687 0.95289855 0.01015625 0.01759834
0 0.32890625 0.93892339 0.0078125 0.02277432
0 0.30546875 0.93426501 0.0171875 0.02380952
0 0.7 0.92598343 0.0109375 0.00931677
0 0.678125 0.90838509 0.0171875 0.02380952
0 0.3625 0.88768115 0.025 0.01138716
0 0.3953125 0.87939958 0.0234375 0.02587991
0 0.5046875 0.86335403 0.0109375 0.01863354
0 0.68125 0.85559006 0.0109375 0.01759834
0 0.53359375 0.84161490 0.0125 0.01242236
0 0.36367187 0.82453416 0.01328125 0.01552795
0 0.5875 0.81469979 0.009375 0.01656314
0 0.6546875 0.81625258 0.0171875 0.02380952
0 0.41328125 0.81004140 0.009375 0.01345755
0 0.30742187 0.80175983 0.02109375 0.01966873
0 0.64726562 0.78674948 0.01484375 0.01035196
0 0.56289062 0.78778467 0.01015625 0.01242236
0 0.50390625 0.78933747 0.0171875 0.02380952
0 0.54335937 0.78364389 0.01484375 0.01863354
0 0.5953125 0.77018633 0.0125 0.01242236
0 0.35390625 0.76501035 0.0109375 0.01242236
0 0.39570312 0.74585921 0.01328125 0.00931677
0 0.66835937 0.74327122 0.01171875 0.01863354
0 0.41015625 0.73757763 0.0109375 0.01345755
0 0.54570312 0.73240165 0.00859375 0.01138716
0 0.54804687 0.71273291 0.01171875 0.01552795
0 0.409375 0.70703933 0.021875 0.01242236
0 0.3875 0.70082815 0.0125 0.01449275
0 0.596875 0.67494824 0.0125 0.01449275
0 0.66796875 0.67028985 0.0125 0.01552795
0 0.37265625 0.66821946 0.0171875 0.02380952
0 0.4921875 0.66200828 0.0171875 0.02380952
0 0.43984375 0.64855072 0.0171875 0.02380952
0 0.35234375 0.63302277 0.015625 0.01345755
0 0.3515625 0.61697722 0.0109375 0.01449275
0 0.37734375 0.59006211 0.0171875 0.01449275
0 0.50546875 0.58592132 0.009375 0.01242236
0 0.45742187 0.58592132 0.01015625 0.03105590
0 0.29375 0.57660455 0.009375 0.01242236
0 0.31367187 0.57453416 0.02109375 0.01656314
0 0.50117187 0.56625258 0.01015625 0.01449275
0 0.625 0.56469979 0.0078125 0.01759834
0 0.45351562 0.56004140 0.01796875 0.01449275
0 0.30507812 0.55745341 0.01953125 0.02173913
0 0.39804687 0.53157349 0.01015625 0.01138716
0 0.603125 0.53519668 0.0171875 0.02691511
0 0.36679687 0.53002070 0.01484375 0.01656314
0 0.67890625 0.52795031 0.009375 0.01656314
0 0.52226562 0.52122153 0.01171875 0.01345755
0 0.65078125 0.52432712 0.0171875 0.02380952
0 0.43007812 0.51863354 0.01015625 0.01656314
0 0.47929687 0.51552795 0.01484375 0.01449275
0 0.49609375 0.51966873 0.015625 0.02484472
0 0.41132812 0.51604554 0.00859375 0.02173913
0 0.3984375 0.50828157 0.015625 0.01656314
0 0.58789062 0.49327122 0.01328125 0.01138716
0 0.44023437 0.47412008 0.01015625 0.01242236
0 0.57460937 0.46376811 0.01015625 0.01449275
0 0.29335937 0.46118012 0.00859375 0.01138716
0 0.51796875 0.44099378 0.009375 0.01656314
0 0.58710937 0.43892339 0.01953125 0.03105590
0 0.66015625 0.42236024 0.0125 0.01863354
0 0.41835937 0.41407867 0.00703125 0.01449275
0 0.35039062 0.40734989 0.01015625 0.01345755
0 0.425 0.38198757 0.0140625 0.02484472
0 0.49726562 0.36438923 0.01171875 0.01449275
0 0.45390625 0.35403726 0.0140625 0.02277432
0 0.53984375 0.34472049 0.0109375 0.02277432
0 0.51953125 0.31832298 0.01875 0.01138716
0 0.4140625 0.31935817 0.0203125 0.02173913
0 0.41328125 0.27795031 0.0109375 0.01552795
0 0.38242187 0.26552795 0.01484375 0.01345755
0 0.35703125 0.25879917 0.009375 0.02277432
0 0.59960937 0.23964803 0.01171875 0.01552795
0 0.4578125 0.23447204 0.0109375 0.01345755
0 0.37578125 0.22877846 0.0125 0.01035196
0 0.43515625 0.21790890 0.0078125 0.01345755
0 0.41171875 0.21739130 0.0109375 0.01656314
0 0.4671875 0.16252587 0.0125 0.01035196
0 0.59023437 0.15631469 0.01171875 0.01656314
0 0.63164062 0.14699792 0.01484375 0.01242236
0 0.5671875 0.14751552 0.0171875 0.02380952
0 0.36210937 0.09627329 0.02578125 0.01449275
0 0.47890625 0.09109730 0.0234375 0.01449275
0 0.60859375 0.09368530 0.01875 0.02795031
0 0.56054687 0.09265010 0.02578125 0.02587991
0 0.35664062 0.08126293 0.01015625 0.01345755
0 0.33671875 0.02173913 0.0109375 0.01656314
0 0.28710937 0.02122153 0.01640625 0.02380952
0 0.32773437 0.00569358 0.01953125 0.01138716