0 0.51210937 0.99378881 0.01015625 0.01242236
0 0.61132812 0.97049689 0.01484375 0.02173913
0 0.67382812 0.95910973 0.02109375 0.02795031
0 0.57265625 0.90217391 0.0171875 0.02380952
0 0.61132812 0.89596273 0.01015625 0.01345755
0 0.48007812 0.89337474 0.00703125 0.01242236
0 0.34609375 0.88302277 0.009375 0.01656314
0 0.55117187 0.87784679 0.01953125 0.02898550
0 0.5109375 0.86490683 0.0109375 0.01552795
0 0.67070312 0.85351966 0.00859375 0.01138716
0 0.46523437 0.84679089 0.01328125 0.01656314
0 0.509375 0.82919254 0.009375 0.01035196
0 0.56328125 0.82763975 0.0125 0.01345755
0 0.59375 0.82971014 0.0109375 0.02173913
0 0.51015625 0.80020703 0.0140625 0.01242236
0 0.49296875 0.78674948 0.009375 0.01242236
0 0.65976562 0.78312629 0.01015625 0.01345755
0 0.47226562 0.77432712 0.00703125 0.02277432
0 0.65117187 0.76293995 0.01328125 0.01863354
0 0.56367187 0.76345755 0.02109375 0.02173913
0 0.36796875 0.74016563 0.0171875 0.01656314
0 0.56679687 0.73654244 0.01484375 0.01138716
0 0.45976562 0.73447204 0.01171875 0.01552795
0 0.41757812 0.73706004 0.01796875 0.02070393
0 0.6875 0.72308488 0.0078125 0.01759834
0 0.39296875 0.72619047 0.0171875 0.02380952
0 0.57695312 0.71739130 0.01015625 0.01449275
0 0.59140625 0.71118012 0.009375 0.01449275
0 0.45429687 0.69668737 0.01015625 0.01242236
0 0.603125 0.69409937 0.009375 0.01345755
0 0.30703125 0.68892339 0.0171875 0.02380952
0 0.44648437 0.66356107 0.01328125 0.01863354
0 0.59570312 0.65942028 0.02109375 0.02277432
0 0.67304687 0.66097308 0.01796875 0.03416149
0 0.65078125 0.65269151 0.0171875 0.02380952
0 0.5484375 0.63716356 0.009375 0.01345755
0 0.62734375 0.62577639 0.0109375 0.01759834
0 0.38125 0.62525879 0.009375 0.01656314
0 0.5625 0.61490683 0.009375 0.01656314
0 0.67539062 0.61076604 0.01796875 0.01449275
0 0.590625 0.59161490 0.0125 0.01345755
0 0.40664062 0.59834368 0.02109375 0.03105590
0 0.515625 0.55952380 0.0171875 0.02380952
0 0.49804687 0.54296066 0.01015625 0.03416149
0 0.5390625 0.52587991 0.015625 0.01863354
0 0.471875 0.52277432 0.015625 0.02070393
0 0.55195312 0.51345755 0.01015625 0.01449275
0 0.36875 0.50983436 0.0078125 0.01966873
0 0.36640625 0.47412008 0.0109375 0.01449275
0 0.4140625 0.47049689 0.0171875 0.02380952
0 0.38359375 0.45652173 0.009375 0.01242236
0 0.35039062 0.45393374 0.02109375 0.03002070
0 0.45859375 0.42857142 0.0109375 0.01035196
0 0.64414062 0.40579710 0.01484375 0.01242236
0 0.40117187 0.40372670 0.01171875 0.01656314
0 0.48632812 0.34886128 0.01328125 0.01863354
0 0.55820312 0.33799171 0.01171875 0.02173913
0 0.51445312 0.31832298 0.00859375 0.01345755
0 0.40234375 0.31314699 0.01875 0.01759834
0 0.50273437 0.30900621 0.01953125 0.02587991
0 0.37148437 0.30952380 0.02265625 0.02691511
0 0.48515625 0.30486542 0.0140625 0.02173913
0 0.44570312 0.28260869 0.01328125 0.01656314
0 0.353125 0.26345755 0.0078125 0.01552795
0 0.6203125 0.22774327 0.0109375 0.01035196
0 0.64375 0.19358178 0.009375 0.02070393
0 0.4546875 0.19513457 0.0171875 0.02380952
0 0.50234375 0.18478260 0.0125 0.01552795
0 0.58632812 0.16718426 0.03046875 0.02380952
0 0.35351562 0.15942028 0.01484375 0.01242236
0 0.61484375 0.15217391 0.015625 0.01656314
0 0.38320312 0.13509316 0.01953125 0.02587991
0 0.5125 0.10351966 0.0171875 0.02070393
0 0.48398437 0.08385093 0.02109375 0.01449275
0 0.53203125 0.08695652 0.028125 0.02484472
0 0.55859375 0.07815734 0.0234375 0.02173913
0 0.59960937 0.06935817 0.01015625 0.01449275
0 0.5375 0.06832298 0.009375 0.01242236
0 0.46601562 0.06055900 0.01484375 0.01552795
0 0.34921875 0.04917184 0.0171875 0.02173913
0 0.5609375 0.03364389 0.0171875 0.02380952
0 0.52304687 0.03364389 0.00859375 0.02587991
0 0.38867187 0.01863354 0.00859375 0.01035196
0 0.49296875 0.01708074 0.0171875 0.02380952
0 0.584375 0.01604554 0.0171875 0.02380952
0 0.42695312 0.00672877 0.01484375 0.01345755