0 0.49101562 0.98964803 0.01484375 0.01035196
0 0.57109375 0.95962732 0.0140625 0.01656314
0 0.62890625 0.91666666 0.0140625 0.01966873
0 0.47265625 0.88871635 0.0171875 0.02380952
0 0.5 0.87060041 0.0078125 0.01449275
0 0.44453125 0.86024844 0.0171875 0.01242236
0 0.5546875 0.86076604 0.0171875 0.02380952
0 0.36523437 0.85869565 0.01953125 0.02587991
0 0.66640625 0.84109730 0.0171875 0.02380952
0 0.63476562 0.82453416 0.01015625 0.01552795
0 0.36289062 0.82919254 0.00703125 0.02691511
0 0.43828125 0.81728778 0.0109375 0.01552795
0 0.553125 0.81159420 0.0125 0.01242236
0 0.58242187 0.77846790 0.01015625 0.01242236
0 0.64101562 0.77484472 0.00859375 0.01138716
0 0.3078125 0.75983436 0.0109375 0.01449275
0 0.55117187 0.75931677 0.01328125 0.01552795
0 0.62734375 0.73654244 0.0140625 0.01966873
0 0.6734375 0.73343685 0.0171875 0.02380952
0 0.6453125 0.71790890 0.0125 0.01345755
0 0.3421875 0.71687370 0.0125 0.01759834
0 0.59609375 0.70600414 0.0109375 0.01449275
0 0.30195312 0.68530020 0.01640625 0.01656314
0 0.49296875 0.67443064 0.0109375 0.01345755
0 0.60234375 0.67339544 0.0171875 0.02380952
0 0.62578125 0.63457556 0.009375 0.01449275
0 0.49296875 0.63509316 0.0171875 0.02380952
0 0.57382812 0.62836438 0.01953125 0.02277432
0 0.51210937 0.61076604 0.02421875 0.02277432
0 0.32460937 0.60610766 0.01328125 0.01966873
0 0.34609375 0.56780538 0.0171875 0.02380952
0 0.42890625 0.55745341 0.0171875 0.02380952
0 0.4328125 0.52173913 0.0109375 0.01656314
0 0.31757812 0.52225672 0.01953125 0.02587991
0 0.66992187 0.49430641 0.01171875 0.02173913
0 0.29492187 0.48861283 0.01171875 0.01449275
0 0.325 0.48343685 0.009375 0.01242236
0 0.52929687 0.47981366 0.01015625 0.01552795
0 0.58984375 0.47049689 0.0125 0.01345755
0 0.54648437 0.46687370 0.01640625 0.01035196
0 0.3359375 0.45548654 0.0171875 0.02277432
0 0.41640625 0.44927536 0.009375 0.01242236
0 0.45078125 0.44824016 0.0125 0.01449275
0 0.4328125 0.44720496 0.0125 0.01656314
0 0.55859375 0.44720496 0.0140625 0.01863354
0 0.50703125 0.42805383 0.0109375 0.01552795
0 0.43515625 0.42184265 0.0140625 0.01552795
0 0.509375 0.40890269 0.0125 0.01863354
0 0.40117187 0.37836438 0.01171875 0.01138716
0 0.34453125 0.37939958 0.0140625 0.01552795
0 0.31796875 0.37318840 0.0140625 0.01552795
0 0.59453125 0.36387163 0.009375 0.01345755
0 0.33984375 0.35869565 0.0125 0.01966873
0 0.51445312 0.34109730 0.01953125 0.02173913
0 0.58398437 0.32971014 0.01015625 0.01345755
0 0.5234375 0.31884057 0.021875 0.02070393
0 0.38671875 0.31521739 0.0109375 0.01345755
0 0.47929687 0.32349896 0.02890625 0.03416149
0 0.42773437 0.29503105 0.01015625 0.01242236
0 0.49179687 0.28881987 0.01015625 0.01449275
0 0.52578125 0.29037267 0.0109375 0.01966873
0 0.63476562 0.27846790 0.00859375 0.01242236
0 0.64804687 0.27173913 0.01015625 0.01552795
0 0.50898437 0.26966873 0.01171875 0.01345755
0 0.60742187 0.27846790 0.01953125 0.03726708
0 0.44140625 0.26190476 0.009375 0.01242236
0 0.4625 0.25517598 0.0203125 0.01345755
0 0.64179687 0.25051759 0.01015625 0.01449275
0 0.34570312 0.25207039 0.01640625 0.01966873
0 0.58984375 0.23809523 0.009375 0.01449275
0 0.47421875 0.19979296 0.0125 0.01449275
0 0.62265625 0.17805383 0.0125 0.01656314
0 0.46484375 0.17236024 0.0234375 0.02380952
0 0.40234375 0.15993788 0.0171875 0.02380952
0 0.54023437 0.13509316 0.01171875 0.01552795
0 0.59140625 0.12784679 0.0109375 0.01138716
0 0.47890625 0.12681159 0.0171875 0.02380952
0 0.61054687 0.10766045 0.01015625 0.01863354
0 0.35039062 0.10714285 0.02109375 0.02380952
0 0.5359375 0.09627329 0.01875 0.02484472
0 0.41796875 0.07039337 0.009375 0.02070393
0 0.63046875 0.05952380 0.0109375 0.01345755
0 0.57265625 0.06521739 0.0171875 0.02484472
0 0.45546875 0.02536231 0.0171875 0.02380952
0 0.38867187 0.01345755 0.01328125 0.01656314