0 0.46054687 0.89855072 0.01484375 0.01656314
0 0.32304687 0.87991718 0.01328125 0.02070393
0 0.4296875 0.82246376 0.0078125 0.02380952
0 0.30585937 0.81677018 0.01640625 0.02070393
0 0.43867187 0.72826086 0.01171875 0.01345755
0 0.62617187 0.70755693 0.01171875 0.01552795
0 0.50195312 0.66097308 0.01484375 0.01345755
0 0.55507812 0.61180124 0.01796875 0.01863354
0 0.4921875 0.48602484 0.0109375 0.01552795
0 0.6296875 0.48809523 0.0140625 0.03002070
0 0.4671875 0.38975155 0.01875 0.02380952
0 0.596875 0.31107660 0.015625 0.01966873
0 0.53359375 0.22101449 0.0140625 0.02173913
0 0.59882812 0.22153209 0.01796875 0.03105590
0 0.51601562 0.18530020 0.01328125 0.01863354
0 0.58984375 0.10973084 0.0140625 0.01863354
0 0.38710937 0.00621118 0.02265625 0.01242236