0 0.36171875 0.98706004 0.0171875 0.02380952
0 0.5109375 0.98291925 0.0078125 0.02173913
0 0.59296875 0.95134575 0.0125 0.01656314
0 0.53359375 0.95186335 0.0078125 0.02380952
0 0.3765625 0.95082815 0.0203125 0.02587991
0 0.51875 0.94616977 0.0140625 0.01863354
0 0.58203125 0.93530020 0.025 0.00931677
0 0.66835937 0.93530020 0.01796875 0.01138716
0 0.36054687 0.90942028 0.01171875 0.01966873
0 0.49335937 0.89389233 0.01640625 0.01966873
0 0.43515625 0.88768115 0.0109375 0.01345755
0 0.6109375 0.88509316 0.009375 0.01656314
0 0.321875 0.88509316 0.0125 0.01656314
0 0.40039062 0.88043478 0.01328125 0.01552795
0 0.3734375 0.87732919 0.0125 0.01759834
0 0.36367187 0.85610766 0.01015625 0.01449275
0 0.36445312 0.83799171 0.01171875 0.01552795
0 0.47695312 0.82712215 0.00859375 0.01449275
0 0.4640625 0.82039337 0.0109375 0.01345755
0 0.40664062 0.82194616 0.01328125 0.01656314
0 0.62617187 0.82867494 0.02578125 0.03416149
0 0.43554687 0.81884057 0.02578125 0.02070393
0 0.3484375 0.80227743 0.0140625 0.02070393
0 0.63398437 0.78364389 0.02265625 0.03105590
0 0.41796875 0.76293995 0.009375 0.01242236
0 0.45429687 0.74896480 0.01015625 0.01552795
0 0.56484375 0.74792960 0.009375 0.01552795
0 0.48632812 0.72515527 0.01328125 0.01966873
0 0.68007812 0.71221532 0.00703125 0.01656314
0 0.3 0.68995859 0.015625 0.01345755
0 0.60898437 0.68995859 0.02421875 0.01759834
0 0.39609375 0.68633540 0.0125 0.01656314
0 0.3046875 0.66821946 0.0171875 0.02380952
0 0.43789062 0.66045548 0.01328125 0.01449275
0 0.51835937 0.65476190 0.01328125 0.01138716
0 0.47890625 0.65683229 0.0171875 0.02380952
0 0.45351562 0.64958592 0.01640625 0.01345755
0 0.67617187 0.64803312 0.01015625 0.01863354
0 0.3390625 0.64078674 0.0109375 0.01449275
0 0.61757812 0.63561076 0.01328125 0.01242236
0 0.37734375 0.62784679 0.0140625 0.01966873
0 0.39492187 0.58540372 0.01953125 0.02173913
0 0.64804687 0.56728778 0.01328125 0.02277432
0 0.49882812 0.55383022 0.01328125 0.01656314
0 0.30820312 0.56262939 0.01640625 0.03416149
0 0.62578125 0.54296066 0.0078125 0.01138716
0 0.45703125 0.54296066 0.0125 0.01552795
0 0.43359375 0.53157349 0.009375 0.01345755
0 0.47734375 0.53778467 0.021875 0.03623188
0 0.49453125 0.51138716 0.015625 0.01863354
0 0.54648437 0.50724637 0.01484375 0.02484472
0 0.56953125 0.48706004 0.0125 0.01345755
0 0.47734375 0.49068322 0.0078125 0.02484472
0 0.39609375 0.47619047 0.01875 0.01242236
0 0.60703125 0.47360248 0.015625 0.02173913
0 0.31796875 0.46946169 0.0171875 0.02380952
0 0.6734375 0.46325051 0.0078125 0.02380952
0 0.51757812 0.44668737 0.01328125 0.01552795
0 0.57890625 0.44565217 0.0125 0.01966873
0 0.39648437 0.42494824 0.02421875 0.01138716
0 0.328125 0.42028985 0.009375 0.01863354
0 0.45585937 0.39751552 0.02109375 0.02898550
0 0.43671875 0.38716356 0.0125 0.01242236
0 0.4984375 0.37163561 0.0109375 0.01242236
0 0.58476562 0.36387163 0.01328125 0.01759834
0 0.63125 0.35093167 0.0125 0.01242236
0 0.546875 0.34161490 0.028125 0.02691511
0 0.40546875 0.31107660 0.0171875 0.02380952
0 0.33203125 0.28985507 0.0125 0.03519668
0 0.48710937 0.27743271 0.01328125 0.02898550
0 0.3515625 0.24792960 0.0203125 0.02795031
0 0.57265625 0.22256728 0.0125 0.02691511
0 0.52929687 0.20445134 0.01484375 0.01552795
0 0.35429687 0.16511387 0.01328125 0.00931677
0 0.64335937 0.14855072 0.00859375 0.01345755
0 0.62109375 0.12991718 0.0109375 0.01345755
0 0.36601562 0.12163561 0.01328125 0.01759834
0 0.40585937 0.11180124 0.00859375 0.01242236
0 0.5234375 0.10507246 0.0078125 0.00931677
0 0.57734375 0.08178053 0.0140625 0.01863354
0 0.4 0.05745341 0.0171875 0.02380952
0 0.69492187 0.01759834 0.00859375 0.02070393
0 0.57070312 0.00414078 0.02578125 0.00828157
0 0.40507812 0.00362318 0.01171875 0.00724637