0 0.3609375 0.92132505 0.00625 0.01656314
0 0.59023437 0.86956521 0.01171875 0.01449275
0 0.45820312 0.82971014 0.01171875 0.01759834
0 0.44570312 0.65838509 0.01484375 0.02070393
0 0.59609375 0.50362318 0.0140625 0.03002070
0 0.63242187 0.49896480 0.02109375 0.02277432
0 0.67929687 0.49171842 0.01484375 0.01035196
0 0.36953125 0.48033126 0.0234375 0.02277432
0 0.65742187 0.44151138 0.01328125 0.01966873
0 0.62265625 0.27432712 0.01875 0.02277432
0 0.428125 0.26708074 0.0140625 0.01449275
0 0.36875 0.16925465 0.015625 0.02380952
0 0.51171875 0.02898550 0.0140625 0.01863354