0 0.64296875 0.87163561 0.021875 0.01449275
0 0.3234375 0.86490683 0.0109375 0.02173913
0 0.36679687 0.86231884 0.02421875 0.02691511
0 0.6 0.81987577 0.0265625 0.02484472
0 0.65820312 0.76811594 0.01640625 0.02070393
0 0.35898437 0.73395445 0.01484375 0.01449275
0 0.61367187 0.73395445 0.01796875 0.01656314
0 0.40976562 0.74171842 0.01640625 0.04037267
0 0.47148437 0.55848861 0.01171875 0.03209109
0 0.58671875 0.52070393 0.0421875 0.07039337
0 0.3890625 0.45755693 0.0140625 0.02484472
0 0.45742187 0.45238095 0.01640625 0.03105590
0 0.43164062 0.42339544 0.01640625 0.03105590
0 0.38125 0.39906832 0.0140625 0.02173913
0 0.6390625 0.36283643 0.01875 0.01759834
0 0.38046875 0.35455486 0.01875 0.02173913
0 0.628125 0.30538302 0.0296875 0.06418219
0 0.5765625 0.25931677 0.01875 0.02380952
0 0.48554687 0.26552795 0.07734375 0.04037267
0 0.51171875 0.15631469 0.028125 0.02691511
0 0.57304687 0.12474120 0.01171875 0.02173913
0 0.5984375 0.06469979 0.0125 0.02173913