0 0.35859375 0.99016563 0.0171875 0.01966873
0 0.5890625 0.97463768 0.0171875 0.01759834
0 0.54101562 0.94824016 0.01484375 0.01449275
0 0.33945312 0.95186335 0.00859375 0.02795031
0 0.68125 0.93374741 0.01875 0.01035196
0 0.4671875 0.90579710 0.0125 0.01449275
0 0.35273437 0.90372670 0.01171875 0.01656314
0 0.6640625 0.89182194 0.009375 0.02795031
0 0.52226562 0.88664596 0.01015625 0.01759834
0 0.61914062 0.87474120 0.01328125 0.01242236
0 0.48867187 0.86904761 0.00859375 0.02380952
0 0.5625 0.86335403 0.0109375 0.01656314
0 0.63398437 0.85248447 0.01171875 0.01345755
0 0.3015625 0.85300207 0.0125 0.01656314
0 0.59296875 0.85093167 0.0140625 0.01863354
0 0.53710937 0.83902691 0.01015625 0.01138716
0 0.33867187 0.82039337 0.02109375 0.01138716
0 0.58398437 0.81884057 0.01015625 0.01449275
0 0.60039062 0.81573498 0.01171875 0.01242236
0 0.41875 0.81418219 0.0171875 0.02380952
0 0.625 0.80020703 0.0125 0.01242236
0 0.35429687 0.79296066 0.01328125 0.01449275
0 0.3984375 0.78623188 0.0171875 0.02380952
0 0.61875 0.77484472 0.0125 0.01759834
0 0.665625 0.77380952 0.0171875 0.02380952
0 0.43828125 0.76759834 0.0203125 0.01138716
0 0.49960937 0.76604554 0.01328125 0.01656314
0 0.5859375 0.75207039 0.0265625 0.01759834
0 0.65820312 0.72774327 0.01328125 0.02277432
0 0.57578125 0.71532091 0.0109375 0.01242236
0 0.475 0.71273291 0.0171875 0.01138716
0 0.45859375 0.69616977 0.0140625 0.01138716
0 0.58867187 0.69668737 0.00859375 0.01449275
0 0.61601562 0.68633540 0.01796875 0.01656314
0 0.50742187 0.68167701 0.00859375 0.01138716
0 0.37421875 0.67857142 0.0171875 0.02380952
0 0.61484375 0.65890269 0.0171875 0.02380952
0 0.67851562 0.64699792 0.01328125 0.01863354
0 0.5859375 0.65527950 0.021875 0.03726708
0 0.46875 0.64026915 0.0171875 0.02380952
0 0.4421875 0.62939958 0.0203125 0.01242236
0 0.62421875 0.62525879 0.015625 0.02070393
0 0.39765625 0.61645962 0.0109375 0.01345755
0 0.6703125 0.60973084 0.0109375 0.01035196
0 0.61367187 0.60766045 0.00859375 0.01449275
0 0.346875 0.61076604 0.0171875 0.03105590
0 0.4234375 0.60507246 0.0171875 0.02380952
0 0.45625 0.59627329 0.015625 0.01863354
0 0.31992187 0.55900621 0.01171875 0.01656314
0 0.52851562 0.54192546 0.01015625 0.01345755
0 0.5625 0.52795031 0.0140625 0.02277432
0 0.5203125 0.51501035 0.009375 0.01345755
0 0.40273437 0.51604554 0.01484375 0.01966873
0 0.29335937 0.51138716 0.01015625 0.01242236
0 0.48671875 0.47670807 0.0109375 0.01345755
0 0.36601562 0.46635610 0.01484375 0.01345755
0 0.534375 0.46376811 0.0109375 0.01449275
0 0.56875 0.45910973 0.0171875 0.02380952
0 0.65195312 0.44927536 0.01640625 0.02691511
0 0.678125 0.44461697 0.01875 0.02587991
0 0.43632812 0.43840579 0.01171875 0.01552795
0 0.49140625 0.41200828 0.0109375 0.01656314
0 0.36171875 0.40113871 0.0109375 0.01552795
0 0.67382812 0.38612836 0.02265625 0.01035196
0 0.65585937 0.38198757 0.01171875 0.01242236
0 0.64726562 0.36387163 0.01015625 0.01345755
0 0.48242187 0.36335403 0.01171875 0.01656314
0 0.63554687 0.36076604 0.01171875 0.01345755
0 0.55742187 0.35869565 0.01328125 0.01552795
0 0.33867187 0.35869565 0.01171875 0.01966873
0 0.53476562 0.35196687 0.01015625 0.01242236
0 0.49492187 0.33126293 0.01484375 0.01656314
0 0.54960937 0.28778467 0.00859375 0.02277432
0 0.62109375 0.27846790 0.0109375 0.03312629
0 0.49296875 0.25362318 0.009375 0.01242236
0 0.64296875 0.22308488 0.0171875 0.02380952
0 0.353125 0.21687370 0.0171875 0.02173913
0 0.37226562 0.21118012 0.01328125 0.01656314
0 0.58203125 0.19565217 0.009375 0.01449275
0 0.55546875 0.19409937 0.0171875 0.02380952
0 0.63828125 0.16614906 0.0125 0.01552795
0 0.515625 0.16821946 0.0171875 0.02380952
0 0.484375 0.15993788 0.0125 0.01966873
0 0.540625 0.12888198 0.0140625 0.02173913
0 0.35625 0.12111801 0.0171875 0.03312629
0 0.37265625 0.09368530 0.0140625 0.01759834
0 0.64140625 0.08850931 0.0171875 0.02380952
0 0.41445312 0.07763975 0.01015625 0.01242236
0 0.43046875 0.06987577 0.0171875 0.01759834
0 0.35546875 0.06625258 0.0078125 0.01035196
0 0.62265625 0.06418219 0.009375 0.01242236