0 0.33320312 0.96118012 0.00703125 0.01552795
0 0.68242187 0.96325051 0.01796875 0.02173913
0 0.63984375 0.96428571 0.009375 0.03209109
0 0.48476562 0.95082815 0.01328125 0.03209109
0 0.54648437 0.94047619 0.01015625 0.02587991
0 0.35859375 0.92184265 0.0171875 0.02380952
0 0.41835937 0.91407867 0.01953125 0.01656314
0 0.34257812 0.89544513 0.01640625 0.01242236
0 0.36523437 0.88923395 0.01328125 0.01863354
0 0.31601562 0.87111801 0.00859375 0.01138716
0 0.35234375 0.87111801 0.0109375 0.01552795
0 0.33789062 0.87318840 0.01015625 0.02173913
0 0.59296875 0.87008281 0.0140625 0.01759834
0 0.68125 0.86749482 0.0125 0.01449275
0 0.4296875 0.84730848 0.0171875 0.02380952
0 0.30820312 0.83126293 0.01015625 0.01242236
0 0.64492187 0.82660455 0.01015625 0.01345755
0 0.35664062 0.82505175 0.00859375 0.02898550
0 0.47148437 0.81521739 0.01796875 0.02380952
0 0.63710937 0.80538302 0.02578125 0.01863354
0 0.61523437 0.80331262 0.01171875 0.01449275
0 0.490625 0.79399585 0.009375 0.01035196
0 0.47617187 0.76242236 0.00859375 0.01759834
0 0.61171875 0.76293995 0.0125 0.03312629
0 0.3359375 0.75310559 0.015625 0.01345755
0 0.46835937 0.72619047 0.01171875 0.01345755
0 0.66328125 0.72567287 0.0078125 0.02898550
0 0.61679687 0.70652173 0.01796875 0.02587991
0 0.30078125 0.69979296 0.0140625 0.01863354
0 0.40039062 0.68167701 0.00859375 0.01345755
0 0.66796875 0.65942028 0.009375 0.02484472
0 0.32226562 0.65062111 0.01171875 0.01552795
0 0.68476562 0.65165631 0.01328125 0.02380952
0 0.52851562 0.64751552 0.01171875 0.02173913
0 0.59335937 0.64130434 0.01015625 0.01345755
0 0.56484375 0.63664596 0.009375 0.01656314
0 0.41523437 0.62163561 0.01171875 0.01966873
0 0.6640625 0.61956521 0.0171875 0.02380952
0 0.37421875 0.61438923 0.0265625 0.02380952
0 0.58710937 0.60351966 0.01796875 0.03312629
0 0.66640625 0.59213250 0.0078125 0.01863354
0 0.63554687 0.58954451 0.01484375 0.01552795
0 0.47773437 0.57246376 0.01328125 0.02070393
0 0.5 0.56780538 0.0171875 0.02380952
0 0.32773437 0.55434782 0.01015625 0.01552795
0 0.42578125 0.55124223 0.0109375 0.01552795
0 0.46054687 0.55383022 0.01171875 0.02277432
0 0.52460937 0.54917184 0.01328125 0.01759834
0 0.5640625 0.54244306 0.0109375 0.01449275
0 0.33710937 0.51345755 0.01328125 0.01656314
0 0.36484375 0.49585921 0.0078125 0.01656314
0 0.30429687 0.49430641 0.01015625 0.01759834
0 0.42734375 0.49223602 0.0140625 0.01552795
0 0.68554687 0.47567287 0.01328125 0.02380952
0 0.45820312 0.45962732 0.01171875 0.01863354
0 0.628125 0.44720496 0.009375 0.01242236
0 0.4234375 0.42339544 0.0171875 0.02070393
0 0.56367187 0.41563146 0.01015625 0.01552795
0 0.30078125 0.38405797 0.0109375 0.01656314
0 0.5453125 0.37836438 0.0109375 0.01345755
0 0.328125 0.35714285 0.021875 0.01863354
0 0.52539062 0.32919254 0.00859375 0.01863354
0 0.47851562 0.28364389 0.01484375 0.01863354
0 0.53828125 0.28467908 0.0171875 0.03726708
0 0.59921875 0.27225672 0.0109375 0.01449275
0 0.43320312 0.26293995 0.01171875 0.01656314
0 0.42070312 0.26966873 0.03828125 0.03002070
0 0.575 0.24275362 0.009375 0.01138716
0 0.5984375 0.22153209 0.0125 0.01449275
0 0.53867187 0.18530020 0.01015625 0.01449275
0 0.5765625 0.17908902 0.0078125 0.01863354
0 0.47851562 0.16149068 0.01171875 0.01656314
0 0.60859375 0.15942028 0.0125 0.01449275
0 0.36484375 0.15631469 0.0109375 0.02691511
0 0.46367187 0.14906832 0.01171875 0.01656314
0 0.51367187 0.15217391 0.01484375 0.03312629
0 0.3765625 0.14233954 0.0109375 0.01759834
0 0.5875 0.13612836 0.009375 0.01138716
0 0.56992187 0.12939958 0.01015625 0.01242236
0 0.37070312 0.10300207 0.01328125 0.01345755
0 0.56015625 0.10610766 0.0171875 0.02380952
0 0.49492187 0.09575569 0.01796875 0.01552795
0 0.6078125 0.08229813 0.0125 0.01138716
0 0.51679687 0.07815734 0.01640625 0.01966873
0 0.3859375 0.05124223 0.0171875 0.02380952
0 0.4921875 0.03105590 0.028125 0.01242236