0 0.29648437 0.94927536 0.01328125 0.01449275
0 0.4703125 0.93840579 0.0171875 0.02380952
0 0.4421875 0.93219461 0.0078125 0.01759834
0 0.56015625 0.93115942 0.0171875 0.02380952
0 0.31601562 0.91666666 0.01015625 0.01552795
0 0.48867187 0.91252587 0.01015625 0.01345755
0 0.59101562 0.89648033 0.01015625 0.01449275
0 0.39414062 0.87681159 0.01015625 0.01242236
0 0.50976562 0.86180124 0.01015625 0.01552795
0 0.39921875 0.85662525 0.0125 0.01345755
0 0.33789062 0.85817805 0.01171875 0.01863354
0 0.5375 0.85093167 0.0109375 0.01449275
0 0.4796875 0.84989648 0.0078125 0.01242236
0 0.57929687 0.83850931 0.01171875 0.01449275
0 0.67382812 0.82919254 0.01328125 0.01242236
0 0.63476562 0.82039337 0.01015625 0.01138716
0 0.30625 0.81418219 0.0109375 0.01552795
0 0.64882812 0.81314699 0.01640625 0.02380952
0 0.634375 0.80279503 0.009375 0.01345755
0 0.68476562 0.79917184 0.01328125 0.01035196
0 0.50585937 0.80175983 0.01796875 0.01966873
0 0.34296875 0.80900621 0.025 0.03623188
0 0.65234375 0.77225672 0.0203125 0.02484472
0 0.34570312 0.76811594 0.01484375 0.01656314
0 0.58945312 0.75828157 0.00859375 0.01345755
0 0.50351562 0.74637681 0.01796875 0.02277432
0 0.56171875 0.73861283 0.0109375 0.01138716
0 0.61015625 0.73757763 0.0109375 0.01345755
0 0.33554687 0.70962732 0.01484375 0.01966873
0 0.59648437 0.69513457 0.01171875 0.01966873
0 0.52265625 0.69254658 0.0078125 0.01449275
0 0.56875 0.67339544 0.009375 0.01138716
0 0.59257812 0.65165631 0.01171875 0.01345755
0 0.61875 0.64648033 0.0171875 0.02380952
0 0.47890625 0.63095238 0.0140625 0.01759834
0 0.671875 0.63095238 0.0171875 0.02380952
0 0.54882812 0.62370600 0.01171875 0.01138716
0 0.50273437 0.60714285 0.01171875 0.01345755
0 0.38203125 0.60455486 0.009375 0.01242236
0 0.66054687 0.59834368 0.02109375 0.02070393
0 0.56015625 0.59006211 0.0109375 0.02277432
0 0.47695312 0.58074534 0.01015625 0.01242236
0 0.52695312 0.57556935 0.01484375 0.01656314
0 0.30195312 0.57712215 0.02265625 0.02380952
0 0.49726562 0.56418219 0.01171875 0.01449275
0 0.34609375 0.56780538 0.021875 0.02173913
0 0.60117187 0.53778467 0.01328125 0.01759834
0 0.6796875 0.53571428 0.009375 0.01552795
0 0.49648437 0.52277432 0.01015625 0.01242236
0 0.60859375 0.51397515 0.009375 0.01759834
0 0.68789062 0.49948240 0.00859375 0.01759834
0 0.51132812 0.49120082 0.01171875 0.01552795
0 0.33671875 0.48809523 0.0109375 0.01552795
0 0.4640625 0.44875776 0.0171875 0.02380952
0 0.5734375 0.42494824 0.009375 0.01138716
0 0.39140625 0.43115942 0.0171875 0.02380952
0 0.59140625 0.42805383 0.0171875 0.02380952
0 0.40390625 0.41407867 0.01875 0.01035196
0 0.52773437 0.40372670 0.01015625 0.02277432
0 0.34492187 0.39596273 0.01171875 0.01552795
0 0.47695312 0.38768115 0.01171875 0.01345755
0 0.64101562 0.37836438 0.01328125 0.02380952
0 0.5359375 0.34265010 0.0125 0.01863354
0 0.51484375 0.33850931 0.009375 0.01449275
0 0.41289062 0.33695652 0.00703125 0.01345755
0 0.3578125 0.32194616 0.0109375 0.01656314
0 0.53828125 0.31625258 0.009375 0.01138716
0 0.41875 0.31935817 0.009375 0.01966873
0 0.3328125 0.32039337 0.009375 0.02173913
0 0.59492187 0.30900621 0.02421875 0.02173913
0 0.56835937 0.30486542 0.01796875 0.01966873
0 0.6359375 0.28726708 0.0109375 0.01759834
0 0.48671875 0.28519668 0.0234375 0.03002070
0 0.53359375 0.27484472 0.015625 0.02380952
0 0.46484375 0.25362318 0.009375 0.01449275
0 0.42851562 0.21480331 0.01015625 0.01345755
0 0.55273437 0.21118012 0.01015625 0.01656314
0 0.53320312 0.20910973 0.00859375 0.01449275
0 0.64140625 0.19616977 0.009375 0.01345755
0 0.521875 0.19720496 0.009375 0.02173913
0 0.35859375 0.18995859 0.0078125 0.01966873
0 0.40820312 0.17857142 0.01171875 0.01759834
0 0.64765625 0.16563146 0.0140625 0.01863354
0 0.56328125 0.14440993 0.009375 0.01345755
0 0.48398437 0.12577639 0.01484375 0.01345755
0 0.37890625 0.12163561 0.0140625 0.01966873
0 0.47773437 0.10093167 0.01171875 0.01345755
0 0.6109375 0.09834368 0.0109375 0.01242236
0 0.36015625 0.06625258 0.0109375 0.01656314
0 0.41601562 0.00310559 0.01796875 0.00621118