0 0.43085937 0.99327122 0.01015625 0.01345755
0 0.38789062 0.99171842 0.01015625 0.01242236
0 0.4046875 0.98395445 0.0203125 0.00931677
0 0.38515625 0.95445134 0.0078125 0.01242236
0 0.35078125 0.95496894 0.015625 0.02587991
0 0.60546875 0.93426501 0.0234375 0.02380952
0 0.446875 0.91821946 0.0125 0.01242236
0 0.4734375 0.91511387 0.0078125 0.01656314
0 0.66796875 0.90734989 0.0109375 0.01966873
0 0.37578125 0.87629399 0.0171875 0.02380952
0 0.48515625 0.87215320 0.015625 0.02173913
0 0.5359375 0.86853002 0.0234375 0.02484472
0 0.43867187 0.86076604 0.00859375 0.01552795
0 0.6875 0.85300207 0.0078125 0.01242236
0 0.31875 0.85248447 0.0125 0.01759834
0 0.3375 0.84161490 0.009375 0.01242236
0 0.51328125 0.83074534 0.009375 0.01552795
0 0.6421875 0.82763975 0.015625 0.01345755
0 0.3515625 0.82556935 0.021875 0.01345755
0 0.53789062 0.80952380 0.01328125 0.01242236
0 0.490625 0.80486542 0.0109375 0.01345755
0 0.61367187 0.80331262 0.01484375 0.01449275
0 0.4390625 0.79140786 0.0078125 0.01552795
0 0.35429687 0.78933747 0.01640625 0.01138716
0 0.53164062 0.77018633 0.01796875 0.01242236
0 0.62070312 0.76759834 0.01015625 0.01345755
0 0.43164062 0.75465838 0.00859375 0.01449275
0 0.38398437 0.73964803 0.00859375 0.01552795
0 0.36484375 0.73757763 0.0109375 0.01138716
0 0.46015625 0.72412008 0.0203125 0.01966873
0 0.31132812 0.71894409 0.01484375 0.01345755
0 0.31796875 0.68685300 0.0125 0.01759834
0 0.34570312 0.68219461 0.01328125 0.01242236
0 0.29375 0.66614906 0.0109375 0.01345755
0 0.5125 0.65062111 0.0125 0.01759834
0 0.38203125 0.65269151 0.0171875 0.02380952
0 0.67890625 0.64337474 0.0125 0.01759834
0 0.31757812 0.63405797 0.00703125 0.01759834
0 0.61875 0.63095238 0.0203125 0.01759834
0 0.525 0.62681159 0.0125 0.01759834
0 0.42578125 0.62577639 0.015625 0.01759834
0 0.56953125 0.61749482 0.0109375 0.01345755
0 0.3265625 0.61335403 0.009375 0.01345755
0 0.3984375 0.60921325 0.0125 0.01552795
0 0.6734375 0.59161490 0.0140625 0.01759834
0 0.60664062 0.58126293 0.01015625 0.01966873
0 0.41523437 0.57919254 0.01328125 0.01552795
0 0.45820312 0.57556935 0.01015625 0.01449275
0 0.50625 0.57039337 0.009375 0.01242236
0 0.41445312 0.56004140 0.01015625 0.01656314
0 0.56640625 0.55279503 0.0171875 0.01863354
0 0.31679687 0.54658385 0.01015625 0.01656314
0 0.68554687 0.54347826 0.01328125 0.01656314
0 0.58554687 0.51863354 0.01328125 0.01863354
0 0.40429687 0.50828157 0.00859375 0.01863354
0 0.47851562 0.50465838 0.01015625 0.01966873
0 0.44414062 0.49741200 0.01796875 0.01345755
0 0.51210937 0.48861283 0.01171875 0.01242236
0 0.41640625 0.48343685 0.0140625 0.01863354
0 0.325 0.47981366 0.0125 0.01759834
0 0.59179687 0.46997929 0.01171875 0.01449275
0 0.67734375 0.43167701 0.0140625 0.01656314
0 0.40351562 0.42132505 0.01171875 0.01656314
0 0.61992187 0.41511387 0.00703125 0.01242236
0 0.39023437 0.40527950 0.01171875 0.01552795
0 0.30859375 0.39958592 0.009375 0.01242236
0 0.64765625 0.39648033 0.0125 0.01656314
0 0.35234375 0.38923395 0.0125 0.01035196
0 0.48984375 0.38975155 0.0140625 0.01759834
0 0.44101562 0.38354037 0.01953125 0.02173913
0 0.50820312 0.37836438 0.01171875 0.01552795
0 0.50898437 0.33540372 0.01015625 0.01863354
0 0.60078125 0.33126293 0.0109375 0.01242236
0 0.6203125 0.32039337 0.0140625 0.01966873
0 0.59335937 0.31418219 0.01171875 0.01552795
0 0.56640625 0.31004140 0.009375 0.01345755
0 0.63984375 0.30848861 0.0078125 0.01449275
0 0.54101562 0.31159420 0.01640625 0.02070393
0 0.5234375 0.29503105 0.0109375 0.01449275
0 0.59492187 0.28105590 0.01640625 0.01552795
0 0.44921875 0.26345755 0.0140625 0.01552795
0 0.46679687 0.24741200 0.01171875 0.01242236
0 0.50742187 0.24896480 0.01484375 0.02173913
0 0.62265625 0.21376811 0.009375 0.01138716
0 0.56289062 0.15734989 0.01015625 0.01035196
0 0.50351562 0.15217391 0.00859375 0.01449275
0 0.45 0.12836438 0.0078125 0.01656314
0 0.621875 0.11335403 0.0078125 0.01138716
0 0.409375 0.10973084 0.009375 0.01035196
0 0.53398437 0.10093167 0.01171875 0.01759834
0 0.59414062 0.09523809 0.01171875 0.01863354
0 0.5171875 0.08488612 0.0125 0.01656314
0 0.37226562 0.05900621 0.01171875 0.01656314
0 0.57695312 0.04968944 0.00859375 0.02277432