0 0.53398437 0.99378881 0.00703125 0.01242236
0 0.4234375 0.99016563 0.0109375 0.01759834
0 0.30703125 0.98136645 0.0171875 0.01863354
0 0.64453125 0.96221532 0.0171875 0.02380952
0 0.31875 0.92701863 0.0171875 0.02380952
0 0.51171875 0.91770186 0.0171875 0.02380952
0 0.6828125 0.91563146 0.0171875 0.02380952
0 0.3890625 0.88975155 0.0109375 0.01345755
0 0.553125 0.88871635 0.0109375 0.01552795
0 0.60078125 0.87991718 0.0125 0.01449275
0 0.3078125 0.87681159 0.0171875 0.01449275
0 0.5828125 0.84782608 0.0078125 0.01863354
0 0.34023437 0.83022774 0.01171875 0.01863354
0 0.40976562 0.82194616 0.01484375 0.01863354
0 0.47304687 0.81780538 0.00859375 0.01242236
0 0.50625 0.80175983 0.009375 0.01345755
0 0.32421875 0.80175983 0.0171875 0.01759834
0 0.3890625 0.80279503 0.0171875 0.02380952
0 0.2953125 0.78674948 0.0109375 0.01449275
0 0.32148437 0.78519668 0.00703125 0.01345755
0 0.34765625 0.77536231 0.0109375 0.01656314
0 0.37148437 0.76449275 0.01484375 0.02795031
0 0.64492187 0.76242236 0.02421875 0.03209109
0 0.609375 0.73602484 0.009375 0.01449275
0 0.55703125 0.72774327 0.0125 0.01242236
0 0.42304687 0.72256728 0.01484375 0.02277432
0 0.59414062 0.71066252 0.01328125 0.01345755
0 0.546875 0.70962732 0.0109375 0.02380952
0 0.32421875 0.70445134 0.0140625 0.02173913
0 0.67148437 0.66511387 0.01328125 0.01138716
0 0.61835937 0.65424430 0.02421875 0.02691511
0 0.3953125 0.64699792 0.0109375 0.02070393
0 0.43203125 0.62732919 0.009375 0.01242236
0 0.52851562 0.61490683 0.01171875 0.02070393
0 0.39882812 0.61387163 0.02265625 0.01863354
0 0.36484375 0.61904761 0.009375 0.03105590
0 0.47382812 0.59420289 0.00859375 0.01449275
0 0.35898437 0.59057971 0.01015625 0.01552795
0 0.66171875 0.57505175 0.0078125 0.01345755
0 0.3125 0.57971014 0.0078125 0.02484472
0 0.3484375 0.56935817 0.009375 0.01035196
0 0.6640625 0.55641821 0.009375 0.01138716
0 0.35820312 0.55331262 0.01171875 0.02173913
0 0.6015625 0.53933747 0.0109375 0.01242236
0 0.39570312 0.52950310 0.01015625 0.01552795
0 0.4875 0.52795031 0.0078125 0.01656314
0 0.41796875 0.52536231 0.0171875 0.03002070
0 0.38085937 0.51604554 0.00859375 0.01759834
0 0.55546875 0.5 0.0125 0.01242236
0 0.44179687 0.49275362 0.01640625 0.01035196
0 0.31757812 0.47204968 0.01015625 0.01449275
0 0.59492187 0.46635610 0.00703125 0.00931677
0 0.37578125 0.46842650 0.0140625 0.01345755
0 0.3421875 0.46066252 0.0125 0.01656314
0 0.56328125 0.46221532 0.0171875 0.02380952
0 0.53789062 0.45600414 0.01015625 0.01345755
0 0.30351562 0.45341614 0.01328125 0.01863354
0 0.5203125 0.45186335 0.0171875 0.02380952
0 0.60546875 0.44875776 0.0171875 0.02380952
0 0.48320312 0.43374741 0.01484375 0.01863354
0 0.34960937 0.41511387 0.01171875 0.01242236
0 0.40859375 0.41045548 0.0171875 0.01138716
0 0.37539062 0.41045548 0.01796875 0.01759834
0 0.60820312 0.40527950 0.00859375 0.01345755
0 0.57421875 0.40062111 0.015625 0.01449275
0 0.65625 0.37215320 0.0140625 0.01759834
0 0.33945312 0.36231884 0.00859375 0.01449275
0 0.39179687 0.35921325 0.01015625 0.01242236
0 0.56445312 0.35817805 0.01015625 0.01656314
0 0.528125 0.35093167 0.0234375 0.01242236
0 0.61875 0.34109730 0.0125 0.01759834
0 0.59257812 0.33488612 0.01015625 0.01759834
0 0.6421875 0.33022774 0.0140625 0.03105590
0 0.38554687 0.31004140 0.00859375 0.03209109
0 0.51679687 0.28726708 0.01015625 0.01345755
0 0.3703125 0.28830227 0.0109375 0.01966873
0 0.59765625 0.28364389 0.0125 0.01863354
0 0.49257812 0.25931677 0.00859375 0.01345755
0 0.36484375 0.25258799 0.0109375 0.01656314
0 0.446875 0.23757763 0.0171875 0.02380952
0 0.48710937 0.21273291 0.01484375 0.00931677
0 0.52890625 0.21118012 0.015625 0.01242236
0 0.346875 0.20910973 0.0125 0.01449275
0 0.55195312 0.18737060 0.01015625 0.01242236
0 0.44453125 0.17857142 0.0125 0.01138716
0 0.490625 0.17236024 0.0109375 0.01345755
0 0.4203125 0.17494824 0.0078125 0.02070393
0 0.35351562 0.14648033 0.01328125 0.01552795
0 0.6328125 0.14648033 0.0171875 0.02380952
0 0.60273437 0.14544513 0.01796875 0.02173913
0 0.58320312 0.13716356 0.01953125 0.02380952
0 0.48398437 0.09161490 0.00859375 0.01552795
0 0.48125 0.07401656 0.0171875 0.01552795
0 0.434375 0.04192546 0.0171875 0.02173913
0 0.65117187 0.02950310 0.01015625 0.01138716
0 0.29140625 0.00879917 0.0109375 0.01138716