0 0.54609375 0.96739130 0.0171875 0.02380952
0 0.68828125 0.96014492 0.015625 0.01138716
0 0.52109375 0.97049689 0.01875 0.03209109
0 0.30390625 0.96532091 0.009375 0.02380952
0 0.50117187 0.93944099 0.01171875 0.02587991
0 0.3921875 0.93115942 0.0140625 0.01138716
0 0.36757812 0.92753623 0.02109375 0.02484472
0 0.559375 0.92650103 0.01875 0.02691511
0 0.64726562 0.91614906 0.00859375 0.02070393
0 0.31640625 0.90476190 0.015625 0.02277432
0 0.66679687 0.89233954 0.01484375 0.02277432
0 0.33203125 0.86697722 0.025 0.01966873
0 0.44414062 0.86335403 0.01640625 0.02070393
0 0.53359375 0.85921325 0.0140625 0.01656314
0 0.5109375 0.85093167 0.0125 0.01242236
0 0.37304687 0.85973084 0.00859375 0.03416149
0 0.58632812 0.83643892 0.01171875 0.01656314
0 0.65351562 0.83385093 0.00859375 0.01966873
0 0.35039062 0.82971014 0.01171875 0.01552795
0 0.4265625 0.81987577 0.0109375 0.01449275
0 0.34257812 0.81055900 0.01796875 0.01449275
0 0.63671875 0.80124223 0.009375 0.01449275
0 0.57929687 0.79503105 0.00859375 0.01242236
0 0.38164062 0.79503105 0.01328125 0.01449275
0 0.58164062 0.75569358 0.01171875 0.01035196
0 0.37265625 0.74689440 0.0171875 0.02380952
0 0.52773437 0.74223602 0.01328125 0.01863354
0 0.59570312 0.73706004 0.02109375 0.03312629
0 0.45390625 0.70289855 0.0109375 0.01656314
0 0.60585937 0.69772256 0.01328125 0.02484472
0 0.584375 0.68737060 0.009375 0.01242236
0 0.51679687 0.68167701 0.01328125 0.01345755
0 0.315625 0.67132505 0.0171875 0.02380952
0 0.35078125 0.63612836 0.0203125 0.02380952
0 0.59960937 0.62681159 0.01328125 0.01759834
0 0.34101562 0.61645962 0.01328125 0.01966873
0 0.48164062 0.59420289 0.00859375 0.01242236
0 0.44101562 0.58022774 0.01171875 0.01759834
0 0.3203125 0.56055900 0.0109375 0.01759834
0 0.5296875 0.55434782 0.0109375 0.01552795
0 0.6703125 0.53260869 0.0171875 0.02380952
0 0.5265625 0.52380952 0.0078125 0.01035196
0 0.378125 0.52018633 0.0171875 0.02380952
0 0.41054687 0.51863354 0.01640625 0.02484472
0 0.315625 0.51501035 0.0140625 0.01759834
0 0.59921875 0.50672877 0.0109375 0.01759834
0 0.4109375 0.49223602 0.0140625 0.01552795
0 0.50273437 0.47463768 0.01796875 0.02380952
0 0.43125 0.45962732 0.0078125 0.01035196
0 0.5734375 0.43322981 0.0125 0.01552795
0 0.5234375 0.42494824 0.0140625 0.03416149
0 0.55859375 0.41459627 0.0078125 0.01552795
0 0.6265625 0.40320910 0.025 0.03209109
0 0.53828125 0.38975155 0.0171875 0.02380952
0 0.41875 0.36645962 0.0125 0.01863354
0 0.46328125 0.35766045 0.0125 0.01966873
0 0.33320312 0.34057971 0.01640625 0.02691511
0 0.64453125 0.33333333 0.009375 0.02484472
0 0.6203125 0.32349896 0.0171875 0.01966873
0 0.35742187 0.32246376 0.01171875 0.01759834
0 0.5078125 0.31262939 0.0140625 0.03105590
0 0.61835937 0.28312629 0.03671875 0.02795031
0 0.58398437 0.26759834 0.00859375 0.01138716
0 0.478125 0.26811594 0.009375 0.01449275
0 0.57148437 0.25310559 0.01484375 0.01966873
0 0.39492187 0.25672877 0.02265625 0.02898550
0 0.47226562 0.23706004 0.02109375 0.01449275
0 0.50742187 0.23084886 0.01171875 0.01449275
0 0.57890625 0.22722567 0.0171875 0.02380952
0 0.52460937 0.22981366 0.01953125 0.03105590
0 0.56914062 0.20600414 0.00859375 0.01035196
0 0.38320312 0.21014492 0.01171875 0.01863354
0 0.40664062 0.20548654 0.01015625 0.01552795
0 0.63984375 0.16718426 0.009375 0.01759834
0 0.5125 0.14855072 0.0125 0.01345755
0 0.425 0.14233954 0.0109375 0.01552795
0 0.5 0.08126293 0.0171875 0.02380952
0 0.34179687 0.06366459 0.01171875 0.01552795
0 0.3703125 0.05434782 0.0109375 0.01345755
0 0.28789062 0.03209109 0.01796875 0.02484472
0 0.46445312 0.02277432 0.01015625 0.01242236
0 0.33359375 0.02432712 0.0171875 0.01759834
0 0.54882812 0.02484472 0.01171875 0.02484472
0 0.42539062 0.01190476 0.00859375 0.02173913