0 0.50507812 0.95445134 0.01015625 0.01035196
0 0.3203125 0.95859213 0.015625 0.02898550
0 0.59296875 0.90838509 0.009375 0.01345755
0 0.6078125 0.89440993 0.009375 0.01242236
0 0.646875 0.89596273 0.0140625 0.02173913
0 0.59257812 0.89026915 0.01015625 0.01449275
0 0.57695312 0.89596273 0.01328125 0.02587991
0 0.39765625 0.88923395 0.0109375 0.01449275
0 0.34375 0.85817805 0.0109375 0.01449275
0 0.57382812 0.85714285 0.01171875 0.01656314
0 0.46679687 0.85248447 0.01015625 0.01345755
0 0.41210937 0.85196687 0.02578125 0.03726708
0 0.34609375 0.81418219 0.0125 0.01966873
0 0.4078125 0.79761904 0.0171875 0.02380952
0 0.45390625 0.78260869 0.0109375 0.01449275
0 0.49101562 0.78002070 0.01171875 0.01552795
0 0.33671875 0.77536231 0.015625 0.01035196
0 0.5109375 0.77484472 0.0109375 0.01345755
0 0.60507812 0.77432712 0.01171875 0.01449275
0 0.546875 0.77691511 0.009375 0.01966873
0 0.34492187 0.74637681 0.00703125 0.01242236
0 0.5296875 0.74016563 0.009375 0.01863354
0 0.29804687 0.73498964 0.01171875 0.01242236
0 0.6375 0.74689440 0.0375 0.04451345
0 0.39882812 0.73084886 0.01328125 0.01449275
0 0.42109375 0.71583850 0.015625 0.00931677
0 0.56875 0.69772256 0.0234375 0.02070393
0 0.39609375 0.69824016 0.0171875 0.02380952
0 0.43984375 0.66821946 0.0171875 0.02380952
0 0.46015625 0.64958592 0.0296875 0.03209109
0 0.41875 0.63405797 0.0125 0.01759834
0 0.67382812 0.61231884 0.01015625 0.01345755
0 0.565625 0.60714285 0.0109375 0.01552795
0 0.64882812 0.57039337 0.01015625 0.01242236
0 0.33398437 0.55227743 0.01328125 0.01345755
0 0.46523437 0.55072463 0.01328125 0.01863354
0 0.38007812 0.55279503 0.00859375 0.03105590
0 0.55664062 0.53002070 0.00859375 0.01242236
0 0.57539062 0.52691511 0.01953125 0.01449275
0 0.49726562 0.51552795 0.01484375 0.01449275
0 0.55273437 0.49637681 0.00859375 0.01345755
0 0.45898437 0.49120082 0.01015625 0.01759834
0 0.525 0.47670807 0.009375 0.01552795
0 0.578125 0.48136645 0.0234375 0.03726708
0 0.50273437 0.47774327 0.01953125 0.03416149
0 0.40976562 0.46946169 0.00703125 0.02173913
0 0.44335937 0.45289855 0.01328125 0.01552795
0 0.51601562 0.44565217 0.01171875 0.02173913
0 0.3625 0.43426501 0.0109375 0.01345755
0 0.32109375 0.41977225 0.0125 0.01138716
0 0.4640625 0.42287784 0.0171875 0.02380952
0 0.60507812 0.41356107 0.01328125 0.01345755
0 0.36601562 0.41252587 0.01328125 0.01552795
0 0.38125 0.39544513 0.009375 0.01242236
0 0.61601562 0.39389233 0.01328125 0.01552795
0 0.63828125 0.38768115 0.0125 0.02173913
0 0.32070312 0.37163561 0.01171875 0.01449275
0 0.64453125 0.36645962 0.015625 0.01242236
0 0.43710937 0.35144927 0.01640625 0.01138716
0 0.334375 0.34886128 0.0109375 0.01242236
0 0.5515625 0.32763975 0.0171875 0.02380952
0 0.51132812 0.32298136 0.01171875 0.01449275
0 0.38359375 0.32039337 0.0109375 0.01759834
0 0.584375 0.31418219 0.009375 0.01138716
0 0.51796875 0.31004140 0.009375 0.01138716
0 0.5078125 0.28830227 0.0078125 0.01345755
0 0.33867187 0.27795031 0.01171875 0.01345755
0 0.61679687 0.27639751 0.01171875 0.01863354
0 0.50117187 0.25155279 0.01015625 0.01656314
0 0.35507812 0.25 0.01015625 0.02795031
0 0.39296875 0.22877846 0.0125 0.01242236
0 0.60546875 0.21014492 0.0109375 0.01656314
0 0.5375 0.19875776 0.009375 0.01242236
0 0.36289062 0.19720496 0.01640625 0.01138716
0 0.64648437 0.19306418 0.00859375 0.01345755
0 0.56210937 0.18995859 0.00859375 0.01138716
0 0.49335937 0.17857142 0.01171875 0.01759834
0 0.41953125 0.17650103 0.0265625 0.01759834
0 0.45664062 0.15838509 0.01171875 0.01449275
0 0.51367187 0.15527950 0.01015625 0.01656314
0 0.37070312 0.13768115 0.01015625 0.01242236
0 0.41210937 0.12939958 0.01953125 0.01035196
0 0.465625 0.13302277 0.0171875 0.02380952
0 0.33984375 0.11749482 0.0171875 0.01345755
0 0.45390625 0.09213250 0.0171875 0.02070393
0 0.5 0.07453416 0.0203125 0.01863354
0 0.5796875 0.06159420 0.0171875 0.02380952
0 0.6015625 0.05072463 0.015625 0.01863354
0 0.68984375 0.03726708 0.0171875 0.02070393
0 0.375 0.01915113 0.0171875 0.02380952
0 0.31796875 0.01293995 0.0125 0.01966873