0 0.609375 0.98861283 0.0171875 0.02277432
0 0.2984375 0.97981366 0.0171875 0.02173913
0 0.48359375 0.97049689 0.0171875 0.02380952
0 0.28554687 0.96014492 0.01171875 0.01552795
0 0.56445312 0.94306418 0.01640625 0.02070393
0 0.43710937 0.93012422 0.01328125 0.01759834
0 0.58945312 0.92546583 0.01328125 0.01449275
0 0.62148437 0.90372670 0.01640625 0.01035196
0 0.65273437 0.90320910 0.00859375 0.01966873
0 0.56445312 0.89026915 0.00859375 0.01656314
0 0.515625 0.88768115 0.009375 0.01345755
0 0.6140625 0.87836438 0.0109375 0.01138716
0 0.31445312 0.87784679 0.01015625 0.01035196
0 0.67421875 0.87629399 0.009375 0.01138716
0 0.4265625 0.85144927 0.009375 0.01345755
0 0.32070312 0.85300207 0.01015625 0.01863354
0 0.440625 0.83643892 0.0109375 0.01242236
0 0.60195312 0.83488612 0.01796875 0.01759834
0 0.47617187 0.81935817 0.01171875 0.01552795
0 0.3875 0.80538302 0.0109375 0.01449275
0 0.6 0.80072463 0.0171875 0.00931677
0 0.37929687 0.76501035 0.00859375 0.01656314
0 0.67851562 0.75258799 0.01171875 0.01449275
0 0.35078125 0.74637681 0.009375 0.01242236
0 0.47929687 0.74430641 0.01640625 0.01863354
0 0.63867187 0.72153209 0.00859375 0.01656314
0 0.36796875 0.71376811 0.0171875 0.02380952
0 0.3203125 0.71376811 0.0171875 0.02380952
0 0.56914062 0.70134575 0.01328125 0.01966873
0 0.34140625 0.70186335 0.01875 0.02070393
0 0.46445312 0.69047619 0.03046875 0.01863354
0 0.39765625 0.68892339 0.0171875 0.01759834
0 0.30078125 0.68737060 0.0125 0.01656314
0 0.51132812 0.67080745 0.00703125 0.01035196
0 0.44882812 0.66097308 0.01484375 0.01552795
0 0.29414062 0.63457556 0.00703125 0.02484472
0 0.4265625 0.62111801 0.0140625 0.01449275
0 0.48867187 0.61283643 0.02890625 0.01863354
0 0.34921875 0.60403726 0.0171875 0.02380952
0 0.41835937 0.59213250 0.01328125 0.01656314
0 0.66640625 0.58592132 0.009375 0.01242236
0 0.60742187 0.57712215 0.01015625 0.01138716
0 0.46289062 0.56469979 0.01328125 0.01552795
0 0.47851562 0.56366459 0.01171875 0.01759834
0 0.334375 0.56055900 0.0171875 0.02380952
0 0.5421875 0.55848861 0.0171875 0.02173913
0 0.66953125 0.56004140 0.01875 0.02691511
0 0.45390625 0.54503105 0.0125 0.01345755
0 0.6078125 0.53364389 0.0125 0.01552795
0 0.684375 0.51138716 0.015625 0.01242236
0 0.59765625 0.50103519 0.015625 0.01656314
0 0.66523437 0.49741200 0.01328125 0.01138716
0 0.44101562 0.48809523 0.01015625 0.01345755
0 0.35585937 0.48291925 0.01328125 0.01552795
0 0.52460937 0.48291925 0.00859375 0.01759834
0 0.50742187 0.48240165 0.01328125 0.01656314
0 0.58671875 0.47981366 0.0125 0.01552795
0 0.30625 0.46376811 0.0109375 0.01449275
0 0.37929687 0.45910973 0.01171875 0.00931677
0 0.52695312 0.45238095 0.02578125 0.04554865
0 0.58984375 0.43115942 0.0171875 0.02380952
0 0.3109375 0.42598343 0.0078125 0.01345755
0 0.56289062 0.41821946 0.01328125 0.01449275
0 0.36210937 0.41097308 0.03359375 0.03519668
0 0.45859375 0.37836438 0.009375 0.01138716
0 0.40898437 0.36749482 0.01015625 0.01242236
0 0.54296875 0.36387163 0.0125 0.01552795
0 0.37460937 0.35973084 0.00859375 0.01138716
0 0.334375 0.34627329 0.0125 0.01552795
0 0.51328125 0.31884057 0.0078125 0.01035196
0 0.41210937 0.31314699 0.01171875 0.01345755
0 0.54257812 0.31004140 0.01015625 0.01759834
0 0.44335937 0.30693581 0.00859375 0.01345755
0 0.34804687 0.30124223 0.01171875 0.01449275
0 0.62851562 0.29606625 0.01171875 0.01449275
0 0.56015625 0.29192546 0.0109375 0.01035196
0 0.39453125 0.28985507 0.015625 0.01035196
0 0.63710937 0.28053830 0.01015625 0.01035196
0 0.44375 0.23240165 0.0171875 0.02380952
0 0.55 0.22101449 0.0171875 0.02380952
0 0.42382812 0.18581780 0.01171875 0.01552795
0 0.41289062 0.14648033 0.02265625 0.01552795
0 0.48515625 0.10973084 0.0125 0.01863354
0 0.57304687 0.08333333 0.01328125 0.01759834
0 0.471875 0.07505175 0.0171875 0.02380952
0 0.4078125 0.06832298 0.021875 0.01656314
0 0.4265625 0.06262939 0.0109375 0.01345755
0 0.34804687 0.06314699 0.01484375 0.01863354
0 0.47421875 0.04606625 0.0171875 0.02380952
0 0.50703125 0.02639751 0.0125 0.01759834
0 0.47617187 0.00879917 0.01640625 0.01759834