0 0.5828125 0.98033126 0.0234375 0.03105590
0 0.4859375 0.85921325 0.0109375 0.01656314
0 0.38398437 0.77691511 0.00703125 0.01552795
0 0.321875 0.76501035 0.0140625 0.01449275
0 0.48671875 0.72567287 0.0078125 0.01035196
0 0.40820312 0.72826086 0.01796875 0.01966873
0 0.67421875 0.73136645 0.021875 0.02795031
0 0.34453125 0.68633540 0.0203125 0.02070393
0 0.30429687 0.66407867 0.01796875 0.02380952
0 0.46601562 0.65683229 0.01796875 0.01759834
0 0.39921875 0.61956521 0.0203125 0.02795031
0 0.36367187 0.59109730 0.01171875 0.01449275
0 0.4625 0.46583850 0.0171875 0.02277432
0 0.35976562 0.45238095 0.01328125 0.01656314
0 0.40742187 0.44513457 0.01171875 0.01035196
0 0.47890625 0.42287784 0.028125 0.03416149
0 0.34023437 0.39492753 0.01015625 0.02380952
0 0.509375 0.38664596 0.0203125 0.02380952
0 0.38867187 0.34472049 0.01640625 0.03105590
0 0.4 0.32039337 0.0140625 0.01966873
0 0.34335937 0.31832298 0.01328125 0.01759834
0 0.63085937 0.25310559 0.01171875 0.01759834
0 0.51210937 0.15579710 0.00546875 0.02795031
0 0.54296875 0.15062111 0.0203125 0.02380952
0 0.41015625 0.13664596 0.015625 0.02277432