0 0.3765625 0.96583850 0.015625 0.01449275
0 0.49375 0.96946169 0.0171875 0.02380952
0 0.31953125 0.96221532 0.0125 0.01138716
0 0.5796875 0.96221532 0.015625 0.01966873
0 0.49492187 0.94927536 0.01484375 0.01035196
0 0.365625 0.93685300 0.0171875 0.02484472
0 0.62226562 0.92701863 0.00859375 0.01345755
0 0.44335937 0.91770186 0.02421875 0.01138716
0 0.38125 0.92028985 0.009375 0.02277432
0 0.32109375 0.91097308 0.015625 0.01449275
0 0.34960937 0.90269151 0.01484375 0.01035196
0 0.5953125 0.90786749 0.0234375 0.02277432
0 0.67382812 0.87215320 0.01640625 0.02173913
0 0.53085937 0.86904761 0.01171875 0.01759834
0 0.40742187 0.86387163 0.02890625 0.02795031
0 0.36640625 0.84109730 0.0171875 0.02380952
0 0.63632812 0.82505175 0.01015625 0.01242236
0 0.45664062 0.81573498 0.01328125 0.01863354
0 0.35664062 0.81107660 0.01328125 0.02380952
0 0.6453125 0.80383022 0.0125 0.01138716
0 0.62265625 0.80797101 0.0203125 0.02587991
0 0.48789062 0.77639751 0.01171875 0.01242236
0 0.66171875 0.76915113 0.0109375 0.01656314
0 0.371875 0.73757763 0.009375 0.01345755
0 0.42109375 0.73395445 0.009375 0.01242236
0 0.44765625 0.73602484 0.0140625 0.02277432
0 0.56015625 0.71273291 0.0078125 0.00931677
0 0.59648437 0.70859213 0.01171875 0.01552795
0 0.34101562 0.70859213 0.02109375 0.01552795
0 0.6375 0.71169772 0.0109375 0.02587991
0 0.5640625 0.69979296 0.009375 0.01242236
0 0.58164062 0.69151138 0.00859375 0.01242236
0 0.4921875 0.67546583 0.0125 0.01345755
0 0.58867187 0.65683229 0.01796875 0.01966873
0 0.63515625 0.65010351 0.015625 0.01863354
0 0.59570312 0.62939958 0.01171875 0.01242236
0 0.49570312 0.62681159 0.00703125 0.01966873
0 0.32265625 0.62474120 0.009375 0.02795031
0 0.50742187 0.61335403 0.01328125 0.01552795
0 0.496875 0.58229813 0.0171875 0.02380952
0 0.68671875 0.57298136 0.0109375 0.01552795
0 0.38867187 0.54451345 0.01015625 0.01242236
0 0.60976562 0.54399585 0.01015625 0.01552795
0 0.65859375 0.52018633 0.00625 0.00931677
0 0.36640625 0.52018633 0.0109375 0.01552795
0 0.54179687 0.51915113 0.01328125 0.01552795
0 0.45273437 0.50310559 0.01171875 0.01449275
0 0.59453125 0.49896480 0.0109375 0.01242236
0 0.59648437 0.46480331 0.01171875 0.01242236
0 0.43789062 0.46118012 0.01015625 0.01552795
0 0.45351562 0.46066252 0.01171875 0.01656314
0 0.67265625 0.45031055 0.01875 0.03312629
0 0.48945312 0.44254658 0.01328125 0.01966873
0 0.31953125 0.43788819 0.0109375 0.01449275
0 0.59609375 0.43478260 0.0140625 0.01656314
0 0.35273437 0.43167701 0.01328125 0.01242236
0 0.41289062 0.42443064 0.00859375 0.01242236
0 0.6265625 0.42650103 0.0375 0.02484472
0 0.40703125 0.40993788 0.009375 0.01449275
0 0.66757812 0.39751552 0.01640625 0.01863354
0 0.65390625 0.38664596 0.009375 0.01345755
0 0.3328125 0.37888198 0.0234375 0.03726708
0 0.50742187 0.35766045 0.00859375 0.01345755
0 0.41796875 0.35921325 0.0125 0.01656314
0 0.60117187 0.34989648 0.01015625 0.01656314
0 0.4859375 0.34265010 0.01875 0.02070393
0 0.52734375 0.31107660 0.0171875 0.02380952
0 0.63476562 0.29244306 0.01953125 0.01138716
0 0.48632812 0.29140786 0.01484375 0.01966873
0 0.55820312 0.29037267 0.01328125 0.02380952
0 0.61953125 0.27743271 0.0203125 0.01035196
0 0.4046875 0.27898550 0.0140625 0.01759834
0 0.43046875 0.27743271 0.0125 0.01863354
0 0.4890625 0.27484472 0.0125 0.01759834
0 0.54921875 0.26242236 0.0109375 0.01759834
0 0.45195312 0.26035196 0.01015625 0.01345755
0 0.58828125 0.25310559 0.0078125 0.01138716
0 0.4984375 0.23498964 0.0140625 0.01656314
0 0.43007812 0.22981366 0.01015625 0.01242236
0 0.51523437 0.22463768 0.01015625 0.01449275
0 0.33515625 0.21480331 0.0171875 0.02380952
0 0.40273437 0.16356107 0.01640625 0.01863354
0 0.5625 0.14285714 0.0078125 0.02277432
0 0.64648437 0.13198757 0.01171875 0.01552795
0 0.4421875 0.13146997 0.0125 0.01449275
0 0.58242187 0.09834368 0.01640625 0.01656314
0 0.35585937 0.08954451 0.00859375 0.01138716
0 0.42851562 0.06625258 0.01796875 0.02484472
0 0.39609375 0.03467908 0.0171875 0.02380952
0 0.35039062 0.02122153 0.01328125 0.02173913
0 0.6296875 0.01708074 0.015625 0.02380952