0 0.40390625 0.85610766 0.0203125 0.02691511
0 0.3171875 0.79347826 0.0203125 0.02795031
0 0.37539062 0.76966873 0.01640625 0.01552795
0 0.65820312 0.76604554 0.01640625 0.02484472
0 0.59804687 0.71583850 0.01484375 0.01552795
0 0.64335937 0.71635610 0.01484375 0.02484472
0 0.51171875 0.56262939 0.01875 0.02173913
0 0.55546875 0.51915113 0.0125 0.01759834
0 0.58164062 0.43478260 0.02578125 0.01863354
0 0.48476562 0.32763975 0.03046875 0.04244306
0 0.49375 0.28519668 0.0125 0.01552795
0 0.359375 0.07919254 0.0140625 0.05072463