0 0.5109375 0.98913043 0.009375 0.00931677
0 0.59804687 0.97308488 0.01796875 0.01035196
0 0.65117187 0.96480331 0.01328125 0.01863354
0 0.4125 0.94979296 0.0140625 0.01552795
0 0.42773437 0.92960662 0.01015625 0.01449275
0 0.59375 0.92805383 0.0171875 0.02380952
0 0.65859375 0.91563146 0.0109375 0.01552795
0 0.61171875 0.92028985 0.0140625 0.02691511
0 0.4078125 0.89130434 0.0109375 0.01242236
0 0.64960937 0.88975155 0.01015625 0.01552795
0 0.34765625 0.87008281 0.009375 0.01345755
0 0.66171875 0.85041407 0.0078125 0.02380952
0 0.51445312 0.83902691 0.01484375 0.01552795
0 0.565625 0.83592132 0.0171875 0.01759834
0 0.37421875 0.82091097 0.0140625 0.01656314
0 0.61679687 0.79710144 0.00859375 0.01035196
0 0.59570312 0.81573498 0.01953125 0.04968944
0 0.6078125 0.77587991 0.0171875 0.02380952
0 0.30859375 0.74585921 0.0125 0.01552795
0 0.378125 0.73395445 0.0140625 0.01863354
0 0.6234375 0.72981366 0.0234375 0.01449275
0 0.39882812 0.72774327 0.01171875 0.01242236
0 0.34453125 0.73602484 0.028125 0.03105590
0 0.46054687 0.72722567 0.01015625 0.01552795
0 0.31015625 0.71428571 0.0140625 0.01863354
0 0.55273437 0.70910973 0.01015625 0.01449275
0 0.36796875 0.71169772 0.0171875 0.02380952
0 0.63554687 0.67753623 0.01171875 0.01966873
0 0.4359375 0.67546583 0.009375 0.01552795
0 0.40976562 0.65683229 0.01171875 0.01552795
0 0.52148437 0.62784679 0.01171875 0.02173913
0 0.66523437 0.62163561 0.01015625 0.01552795
0 0.29804687 0.61956521 0.01953125 0.01345755
0 0.62890625 0.61438923 0.0109375 0.01345755
0 0.3515625 0.61697722 0.0140625 0.02691511
0 0.59023437 0.61542443 0.01015625 0.02795031
0 0.57929687 0.60196687 0.01015625 0.01345755
0 0.3703125 0.60507246 0.0171875 0.02380952
0 0.3765625 0.58126293 0.0171875 0.01759834
0 0.4703125 0.57867494 0.009375 0.01656314
0 0.68320312 0.57039337 0.01171875 0.02484472
0 0.52617187 0.55434782 0.01015625 0.01345755
0 0.59570312 0.55331262 0.01171875 0.01345755
0 0.62617187 0.56004140 0.01796875 0.03105590
0 0.45898437 0.51863354 0.01015625 0.01449275
0 0.640625 0.52173913 0.015625 0.02277432
0 0.60859375 0.50879917 0.009375 0.01345755
0 0.37695312 0.48447204 0.01171875 0.01035196
0 0.3671875 0.46997929 0.0078125 0.01035196
0 0.41992187 0.47101449 0.01171875 0.01656314
0 0.34765625 0.47256728 0.0171875 0.02380952
0 0.41796875 0.43115942 0.015625 0.01966873
0 0.68789062 0.41097308 0.00859375 0.01449275
0 0.31757812 0.40683229 0.00703125 0.02277432
0 0.38554687 0.39803312 0.01015625 0.01552795
0 0.57617187 0.39648033 0.02109375 0.02277432
0 0.59804687 0.39078674 0.01015625 0.01345755
0 0.3765625 0.37888198 0.0140625 0.01242236
0 0.54335937 0.35610766 0.01640625 0.01242236
0 0.33710937 0.35196687 0.01171875 0.01449275
0 0.36914062 0.34627329 0.02421875 0.03209109
0 0.54960937 0.33229813 0.01328125 0.01656314
0 0.56171875 0.33022774 0.009375 0.01449275
0 0.59335937 0.32919254 0.00703125 0.01449275
0 0.39804687 0.31107660 0.01171875 0.01138716
0 0.38398437 0.31366459 0.01328125 0.01656314
0 0.44335937 0.31521739 0.03046875 0.03416149
0 0.41523437 0.30693581 0.00859375 0.02173913
0 0.64257812 0.29968944 0.01015625 0.01552795
0 0.5125 0.28312629 0.0171875 0.02380952
0 0.3875 0.25724637 0.0125 0.00931677
0 0.63242187 0.24223602 0.01484375 0.01449275
0 0.47304687 0.24430641 0.01484375 0.02070393
0 0.41367187 0.23809523 0.01171875 0.01449275
0 0.43007812 0.21014492 0.01015625 0.01242236
0 0.34804687 0.19461697 0.01484375 0.01656314
0 0.63203125 0.18944099 0.0140625 0.01863354
0 0.42148437 0.16045548 0.01171875 0.01449275
0 0.58867187 0.11283643 0.01171875 0.01656314
0 0.58867187 0.08540372 0.00859375 0.01966873
0 0.51210937 0.08333333 0.01328125 0.01552795
0 0.45625 0.08126293 0.0140625 0.01759834
0 0.63046875 0.06573498 0.009375 0.01138716
0 0.58671875 0.06159420 0.009375 0.01552795
0 0.61875 0.05848861 0.009375 0.01345755
0 0.34765625 0.05124223 0.0125 0.02173913
0 0.47695312 0.01966873 0.01015625 0.01656314
0 0.31679687 0.01345755 0.01015625 0.02277432