0 0.5953125 0.98602484 0.0078125 0.01966873
0 0.31640625 0.96790890 0.0078125 0.01449275
0 0.48867187 0.96169772 0.01328125 0.01449275
0 0.44140625 0.94099378 0.01875 0.01656314
0 0.51523437 0.90786749 0.01328125 0.02277432
0 0.55664062 0.89492753 0.00859375 0.01552795
0 0.4140625 0.88664596 0.009375 0.01759834
0 0.46796875 0.88250517 0.0203125 0.02380952
0 0.35585937 0.86283643 0.00703125 0.01138716
0 0.49023437 0.85973084 0.01171875 0.01138716
0 0.45976562 0.85869565 0.01796875 0.01759834
0 0.66875 0.85300207 0.0109375 0.01242236
0 0.29882812 0.83799171 0.01171875 0.01552795
0 0.34765625 0.82712215 0.0125 0.01035196
0 0.5390625 0.82453416 0.0140625 0.01345755
0 0.46484375 0.82660455 0.0125 0.01759834
0 0.42421875 0.81211180 0.009375 0.01552795
0 0.3140625 0.78778467 0.0125 0.01449275
0 0.628125 0.78674948 0.0109375 0.01656314
0 0.68085937 0.78467908 0.01640625 0.01656314
0 0.434375 0.78364389 0.0078125 0.01656314
0 0.40273437 0.78312629 0.01171875 0.01552795
0 0.29726562 0.78312629 0.01640625 0.02173913
0 0.3328125 0.77536231 0.0125 0.01035196
0 0.57851562 0.77329192 0.01796875 0.01035196
0 0.3828125 0.77380952 0.0140625 0.03209109
0 0.50195312 0.77536231 0.01796875 0.03933747
0 0.63671875 0.75672877 0.0109375 0.02070393
0 0.54960937 0.74223602 0.01171875 0.01863354
0 0.56875 0.73498964 0.015625 0.01863354
0 0.4453125 0.73395445 0.009375 0.01863354
0 0.503125 0.71842650 0.009375 0.01449275
0 0.5609375 0.71428571 0.0109375 0.01242236
0 0.54570312 0.71376811 0.00859375 0.01345755
0 0.45039062 0.70910973 0.01640625 0.02070393
0 0.41914062 0.70600414 0.01328125 0.01863354
0 0.39101562 0.70186335 0.01484375 0.01035196
0 0.528125 0.67701863 0.0125 0.01656314
0 0.54882812 0.67132505 0.01171875 0.02795031
0 0.39921875 0.67339544 0.0203125 0.03209109
0 0.46484375 0.66407867 0.0171875 0.02587991
0 0.57734375 0.65010351 0.015625 0.01449275
0 0.36914062 0.64855072 0.01484375 0.01966873
0 0.45898437 0.62267080 0.01015625 0.01345755
0 0.62460937 0.61490683 0.01015625 0.01449275
0 0.35078125 0.60714285 0.0171875 0.02380952
0 0.50742187 0.59627329 0.01796875 0.01242236
0 0.40429687 0.59265010 0.01796875 0.00931677
0 0.49765625 0.56159420 0.0171875 0.02380952
0 0.53203125 0.55434782 0.009375 0.01345755
0 0.3703125 0.53209109 0.0109375 0.01656314
0 0.3375 0.51397515 0.0171875 0.01966873
0 0.68789062 0.50672877 0.00859375 0.01138716
0 0.59726562 0.49741200 0.01015625 0.01552795
0 0.39375 0.49534161 0.015625 0.01759834
0 0.66953125 0.48654244 0.009375 0.01242236
0 0.50898437 0.48706004 0.01640625 0.01345755
0 0.63203125 0.48033126 0.0109375 0.01656314
0 0.38554687 0.47101449 0.01171875 0.01035196
0 0.48632812 0.47567287 0.01484375 0.02380952
0 0.60117187 0.46739130 0.01015625 0.01345755
0 0.43398437 0.46635610 0.00859375 0.01552795
0 0.37304687 0.44720496 0.01328125 0.01449275
0 0.45117187 0.43322981 0.01328125 0.01552795
0 0.51445312 0.41614906 0.01171875 0.01035196
0 0.49570312 0.41304347 0.01015625 0.01242236
0 0.37734375 0.41459627 0.009375 0.01966873
0 0.4875 0.39337474 0.0109375 0.01242236
0 0.42617187 0.39026915 0.01796875 0.01656314
0 0.43984375 0.36904761 0.0125 0.01759834
0 0.63984375 0.36801242 0.0171875 0.02380952
0 0.58476562 0.33902691 0.01015625 0.00931677
0 0.4515625 0.34316770 0.0140625 0.01966873
0 0.55703125 0.33488612 0.0078125 0.01345755
0 0.50351562 0.30900621 0.01328125 0.02795031
0 0.33867187 0.28364389 0.01640625 0.01656314
0 0.52421875 0.27898550 0.0078125 0.01966873
0 0.36796875 0.26759834 0.0171875 0.02380952
0 0.52109375 0.25983436 0.0125 0.01656314
0 0.39765625 0.25569358 0.009375 0.01449275
0 0.50273437 0.24534161 0.01015625 0.01449275
0 0.57929687 0.21376811 0.01484375 0.02587991
0 0.42460937 0.19824016 0.01171875 0.01552795
0 0.60507812 0.17339544 0.00859375 0.02173913
0 0.49609375 0.16718426 0.0109375 0.01552795
0 0.58359375 0.16614906 0.0109375 0.01552795
0 0.63359375 0.14596273 0.009375 0.01242236
0 0.39570312 0.11283643 0.01328125 0.02898550
0 0.3828125 0.10351966 0.0078125 0.02691511
0 0.6203125 0.09161490 0.0171875 0.02380952
0 0.5671875 0.06159420 0.01875 0.02795031
0 0.4921875 0.02950310 0.0203125 0.01138716