0 0.35078125 0.96118012 0.0171875 0.01138716
0 0.43515625 0.95393374 0.0171875 0.02380952
0 0.4140625 0.94565217 0.0171875 0.02380952
0 0.44804687 0.92391304 0.01953125 0.02173913
0 0.55117187 0.91925465 0.00703125 0.01863354
0 0.45742187 0.91045548 0.02109375 0.02380952
0 0.50625 0.90010351 0.0125 0.01552795
0 0.43398437 0.88871635 0.01015625 0.01552795
0 0.56757812 0.88819875 0.01171875 0.01656314
0 0.66367187 0.89699792 0.02109375 0.04037267
0 0.29570312 0.88457556 0.01171875 0.01966873
0 0.31601562 0.87681159 0.01328125 0.01242236
0 0.49101562 0.86956521 0.00859375 0.01035196
0 0.36953125 0.86542443 0.0109375 0.01449275
0 0.35820312 0.86438923 0.01015625 0.01242236
0 0.628125 0.85403726 0.0109375 0.01449275
0 0.33828125 0.84213250 0.0171875 0.03623188
0 0.6125 0.81262939 0.01875 0.01242236
0 0.5890625 0.77484472 0.0171875 0.02380952
0 0.375 0.76708074 0.0125 0.01242236
0 0.62304687 0.75 0.00703125 0.01759834
0 0.47929687 0.74585921 0.01484375 0.01966873
0 0.3890625 0.73654244 0.0125 0.01759834
0 0.51835937 0.72567287 0.01796875 0.02277432
0 0.38046875 0.71014492 0.01875 0.01242236
0 0.54765625 0.70807453 0.009375 0.01449275
0 0.59179687 0.69720496 0.01328125 0.01345755
0 0.65234375 0.70082815 0.0375 0.02484472
0 0.52929687 0.69409937 0.01015625 0.01552795
0 0.32421875 0.68892339 0.015625 0.02173913
0 0.65664062 0.67650103 0.00859375 0.01138716
0 0.57304687 0.65786749 0.01484375 0.01966873
0 0.39335937 0.65062111 0.01171875 0.01345755
0 0.36054687 0.61697722 0.01640625 0.01242236
0 0.44023437 0.61490683 0.00703125 0.02484472
0 0.3796875 0.61180124 0.0125 0.01863354
0 0.321875 0.59886128 0.0109375 0.01552795
0 0.684375 0.59523809 0.0140625 0.01656314
0 0.48671875 0.60196687 0.0171875 0.03416149
0 0.65859375 0.56521739 0.0125 0.01449275
0 0.68007812 0.56055900 0.00859375 0.01759834
0 0.33046875 0.55952380 0.0234375 0.01966873
0 0.38046875 0.54399585 0.0171875 0.02380952
0 0.64960937 0.53157349 0.01171875 0.01138716
0 0.47265625 0.53053830 0.009375 0.03002070
0 0.58320312 0.52173913 0.01015625 0.02484472
0 0.51992187 0.51138716 0.00703125 0.01035196
0 0.42773437 0.51345755 0.00859375 0.02277432
0 0.60429687 0.50517598 0.00859375 0.01656314
0 0.63867187 0.48136645 0.01171875 0.01242236
0 0.45976562 0.45238095 0.01328125 0.01656314
0 0.63320312 0.44306418 0.01015625 0.01242236
0 0.48828125 0.43012422 0.0140625 0.00931677
0 0.53398437 0.42857142 0.00859375 0.02070393
0 0.390625 0.42908902 0.0234375 0.02795031
0 0.40820312 0.41977225 0.01171875 0.01552795
0 0.35742187 0.41666666 0.01015625 0.01138716
0 0.35820312 0.39751552 0.00859375 0.01242236
0 0.4703125 0.38561076 0.0125 0.01966873
0 0.41640625 0.38302277 0.0078125 0.01656314
0 0.43320312 0.37163561 0.00859375 0.01242236
0 0.4890625 0.37267080 0.025 0.02277432
0 0.390625 0.37215320 0.0234375 0.03209109
0 0.365625 0.36128364 0.0109375 0.01656314
0 0.33476562 0.32608695 0.00859375 0.02070393
0 0.46796875 0.32039337 0.009375 0.02795031
0 0.51640625 0.31159420 0.0125 0.01656314
0 0.63554687 0.29503105 0.01328125 0.01656314
0 0.58242187 0.28674948 0.01640625 0.01656314
0 0.63984375 0.26501035 0.0125 0.01449275
0 0.4671875 0.26604554 0.028125 0.01863354
0 0.43007812 0.25983436 0.00859375 0.01242236
0 0.63984375 0.21894409 0.0140625 0.01345755
0 0.33867187 0.20755693 0.01171875 0.01759834
0 0.578125 0.19254658 0.0140625 0.01656314
0 0.61132812 0.18788819 0.01171875 0.01759834
0 0.37265625 0.16718426 0.0171875 0.02587991
0 0.38984375 0.15010351 0.0171875 0.02691511
0 0.49023437 0.11076604 0.02265625 0.01035196
0 0.35546875 0.09523809 0.0203125 0.02898550
0 0.60546875 0.06366459 0.0078125 0.01552795
0 0.34101562 0.06262939 0.00859375 0.01552795
0 0.50585937 0.06211180 0.01328125 0.01656314
0 0.46953125 0.03726708 0.0125 0.01242236
0 0.64648437 0.00362318 0.01640625 0.00724637