0 0.52890625 0.99275362 0.0078125 0.01449275
0 0.69492187 0.98136645 0.01328125 0.01449275
0 0.68828125 0.96273291 0.0125 0.01242236
0 0.65234375 0.94513457 0.025 0.02898550
0 0.3 0.93167701 0.0078125 0.01035196
0 0.49453125 0.92701863 0.0171875 0.02380952
0 0.6421875 0.91459627 0.0078125 0.01345755
0 0.51015625 0.90890269 0.01875 0.01449275
0 0.43945312 0.90942028 0.01015625 0.01552795
0 0.52109375 0.89699792 0.015625 0.00931677
0 0.63046875 0.89130434 0.0109375 0.01656314
0 0.44296875 0.88561076 0.0171875 0.02380952
0 0.51523437 0.85714285 0.01015625 0.01656314
0 0.55078125 0.83592132 0.0171875 0.02380952
0 0.440625 0.82660455 0.009375 0.01345755
0 0.38476562 0.80745341 0.01953125 0.01656314
0 0.340625 0.77898550 0.0125 0.02587991
0 0.58359375 0.76708074 0.0109375 0.01449275
0 0.665625 0.75414078 0.0125 0.01759834
0 0.35585937 0.74637681 0.01015625 0.01449275
0 0.63984375 0.74482401 0.0171875 0.02380952
0 0.2921875 0.71790890 0.0078125 0.01345755
0 0.61015625 0.71583850 0.0125 0.01552795
0 0.396875 0.69668737 0.0109375 0.01863354
0 0.4875 0.67443064 0.015625 0.01966873
0 0.39492187 0.67080745 0.01484375 0.02484472
0 0.4140625 0.65269151 0.0203125 0.02380952
0 0.42265625 0.63716356 0.0078125 0.01552795
0 0.43632812 0.63612836 0.01015625 0.01966873
0 0.61796875 0.60041407 0.0125 0.01449275
0 0.4109375 0.58954451 0.01875 0.00931677
0 0.384375 0.57505175 0.0125 0.01552795
0 0.29648437 0.57919254 0.01640625 0.02380952
0 0.5140625 0.56935817 0.009375 0.01242236
0 0.63671875 0.56780538 0.009375 0.01345755
0 0.65585937 0.56728778 0.01328125 0.01656314
0 0.64960937 0.54917184 0.01171875 0.01552795
0 0.41953125 0.53933747 0.0109375 0.01656314
0 0.64140625 0.53416149 0.0109375 0.01863354
0 0.65859375 0.53002070 0.0109375 0.01449275
0 0.29179687 0.52898550 0.00703125 0.01449275
0 0.45703125 0.52329192 0.0171875 0.02380952
0 0.603125 0.51708074 0.0125 0.01345755
0 0.67773437 0.51604554 0.01171875 0.01759834
0 0.49492187 0.50828157 0.01640625 0.01035196
0 0.5625 0.49534161 0.0171875 0.02380952
0 0.421875 0.48913043 0.0171875 0.02380952
0 0.31679687 0.47826086 0.01015625 0.01449275
0 0.52773437 0.47826086 0.02265625 0.03312629
0 0.51640625 0.46532091 0.0125 0.02380952
0 0.4296875 0.43892339 0.0078125 0.01656314
0 0.41757812 0.42908902 0.01484375 0.01759834
0 0.29765625 0.42701863 0.0171875 0.02380952
0 0.6078125 0.42080745 0.0078125 0.01552795
0 0.31015625 0.39803312 0.0125 0.01759834
0 0.51171875 0.38043478 0.021875 0.00931677
0 0.3296875 0.38457556 0.0171875 0.02380952
0 0.51523437 0.33954451 0.01171875 0.01242236
0 0.5859375 0.32971014 0.0171875 0.01138716
0 0.51523437 0.31884057 0.01171875 0.01449275
0 0.46914062 0.31521739 0.01171875 0.01552795
0 0.4875 0.31262939 0.0109375 0.01656314
0 0.40273437 0.29710144 0.01171875 0.01656314
0 0.43476562 0.29451345 0.01640625 0.01759834
0 0.49921875 0.29296066 0.0265625 0.01656314
0 0.59609375 0.29089026 0.0078125 0.01449275
0 0.44570312 0.27018633 0.01015625 0.02277432
0 0.56289062 0.25155279 0.01015625 0.01242236
0 0.51015625 0.24534161 0.0125 0.01449275
0 0.35859375 0.24689440 0.025 0.01759834
0 0.596875 0.23447204 0.0078125 0.01138716
0 0.61210937 0.23136645 0.00859375 0.01138716
0 0.51210937 0.21739130 0.00859375 0.01035196
0 0.4953125 0.22826086 0.0234375 0.03416149
0 0.37929687 0.21169772 0.01640625 0.01138716
0 0.34257812 0.19772256 0.01328125 0.01863354
0 0.403125 0.16666666 0.0109375 0.01449275
0 0.50742187 0.15942028 0.01328125 0.01449275
0 0.45585937 0.15631469 0.01171875 0.01656314
0 0.3421875 0.15993788 0.0171875 0.02380952
0 0.459375 0.12267080 0.0125 0.01552795
0 0.371875 0.11697722 0.0140625 0.01656314
0 0.54921875 0.10093167 0.025 0.03209109
0 0.5953125 0.09057971 0.0109375 0.01345755
0 0.57460937 0.05331262 0.00859375 0.01759834
0 0.62421875 0.05952380 0.0171875 0.04865424
0 0.45507812 0.04865424 0.01015625 0.02691511
0 0.52578125 0.02691511 0.0078125 0.03105590
0 0.69257812 0.00362318 0.01015625 0.00724637