0 0.40625 0.88975155 0.0203125 0.01552795
0 0.5046875 0.89026915 0.0265625 0.02484472
0 0.31640625 0.80693581 0.015625 0.01966873
0 0.6203125 0.77225672 0.021875 0.02277432
0 0.55976562 0.76811594 0.01640625 0.02277432
0 0.56953125 0.73291925 0.0171875 0.02277432
0 0.64335937 0.71635610 0.01484375 0.02484472
0 0.64453125 0.65683229 0.01875 0.02173913
0 0.66367187 0.59886128 0.01640625 0.02173913
0 0.57773437 0.54347826 0.02421875 0.01449275
0 0.33632812 0.50569358 0.01640625 0.01966873
0 0.40625 0.45755693 0.0171875 0.02484472
0 0.3890625 0.45755693 0.0140625 0.02484472
0 0.45742187 0.45238095 0.01640625 0.03105590
0 0.30859375 0.43633540 0.0203125 0.03209109
0 0.325 0.38819875 0.0203125 0.02691511
0 0.61757812 0.32815734 0.01640625 0.02484472
0 0.42265625 0.27432712 0.0296875 0.02070393
0 0.53945312 0.18685300 0.01796875 0.02380952
0 0.4234375 0.14440993 0.015625 0.02587991
0 0.54726562 0.06573498 0.01953125 0.02587991