0 0.37734375 0.96169772 0.0125 0.01242236
0 0.55742187 0.96480331 0.01171875 0.03726708
0 0.5015625 0.95703933 0.0171875 0.02380952
0 0.32265625 0.95238095 0.0140625 0.02484472
0 0.35507812 0.94772256 0.01640625 0.01966873
0 0.4609375 0.94461697 0.0171875 0.02380952
0 0.63007812 0.93530020 0.01171875 0.01759834
0 0.53554687 0.93685300 0.01796875 0.02070393
0 0.42539062 0.93322981 0.01640625 0.01552795
0 0.51171875 0.89648033 0.009375 0.01449275
0 0.37773437 0.87474120 0.01171875 0.01449275
0 0.55078125 0.87163561 0.0171875 0.02484472
0 0.50898437 0.82712215 0.01171875 0.01656314
0 0.440625 0.82401656 0.0125 0.01449275
0 0.40195312 0.82505175 0.01015625 0.01656314
0 0.4203125 0.82556935 0.0171875 0.02380952
0 0.603125 0.81314699 0.0078125 0.01552795
0 0.33046875 0.80227743 0.0140625 0.02898550
0 0.52265625 0.79658385 0.0328125 0.02380952
0 0.35625 0.78467908 0.015625 0.01035196
0 0.32890625 0.76242236 0.009375 0.01138716
0 0.61328125 0.77173913 0.0171875 0.03209109
0 0.54609375 0.75621118 0.009375 0.01345755
0 0.35039062 0.74482401 0.01328125 0.01345755
0 0.615625 0.73033126 0.0109375 0.01138716
0 0.4046875 0.73291925 0.0265625 0.04140786
0 0.30820312 0.71894409 0.01015625 0.01552795
0 0.62734375 0.70859213 0.0109375 0.01345755
0 0.6875 0.70496894 0.0078125 0.02070393
0 0.4890625 0.68322981 0.0109375 0.01863354
0 0.62265625 0.67650103 0.009375 0.02173913
0 0.50585937 0.63871635 0.01015625 0.01656314
0 0.32148437 0.63457556 0.00703125 0.01863354
0 0.31054687 0.62991718 0.00859375 0.01345755
0 0.64453125 0.62318840 0.0125 0.01863354
0 0.3859375 0.61542443 0.0125 0.01345755
0 0.5109375 0.60921325 0.0140625 0.01345755
0 0.4578125 0.58281573 0.0078125 0.02277432
0 0.44023437 0.57091097 0.01328125 0.01552795
0 0.29921875 0.56573498 0.0125 0.00931677
0 0.47460937 0.54917184 0.01171875 0.01345755
0 0.38203125 0.54192546 0.009375 0.01759834
0 0.42226562 0.52122153 0.01015625 0.01138716
0 0.35390625 0.52070393 0.0125 0.01449275
0 0.31289062 0.52484472 0.01953125 0.02484472
0 0.68476562 0.49120082 0.01328125 0.01552795
0 0.4828125 0.48913043 0.025 0.03416149
0 0.578125 0.47153209 0.009375 0.01552795
0 0.41679687 0.45289855 0.00859375 0.01552795
0 0.49609375 0.44668737 0.0125 0.01966873
0 0.51015625 0.43995859 0.0109375 0.01449275
0 0.56484375 0.43633540 0.0109375 0.01552795
0 0.37578125 0.43064182 0.0109375 0.01242236
0 0.54453125 0.43012422 0.0171875 0.02380952
0 0.36484375 0.38768115 0.021875 0.01759834
0 0.596875 0.37267080 0.0125 0.01863354
0 0.33125 0.34679089 0.009375 0.02484472
0 0.3921875 0.33385093 0.0125 0.01345755
0 0.5375 0.32556935 0.0125 0.01552795
0 0.5125 0.30538302 0.0078125 0.01242236
0 0.575 0.30331262 0.0109375 0.01449275
0 0.41015625 0.29606625 0.009375 0.01242236
0 0.3375 0.29347826 0.0171875 0.02380952
0 0.453125 0.28933747 0.021875 0.01759834
0 0.34960937 0.27536231 0.01484375 0.01449275
0 0.38867187 0.26915113 0.02265625 0.01656314
0 0.40820312 0.25828157 0.01328125 0.01759834
0 0.47421875 0.24844720 0.009375 0.01242236
0 0.45 0.20393374 0.0078125 0.02277432
0 0.47695312 0.19720496 0.00859375 0.02795031
0 0.6234375 0.16563146 0.0203125 0.01449275
0 0.3390625 0.16356107 0.0171875 0.02691511
0 0.39882812 0.14596273 0.01171875 0.01449275
0 0.6 0.13923395 0.0109375 0.01966873
0 0.40859375 0.09834368 0.0234375 0.03312629
0 0.36875 0.08799171 0.0078125 0.01242236
0 0.51171875 0.08643892 0.0125 0.01345755
0 0.58046875 0.06314699 0.0171875 0.02070393
0 0.45898437 0.06884057 0.01171875 0.03623188
0 0.53945312 0.05383022 0.01015625 0.01449275
0 0.43125 0.05952380 0.0171875 0.03002070
0 0.45429687 0.02380952 0.01796875 0.01656314
0 0.6625 0.02122153 0.0171875 0.02380952
0 0.51132812 0.01552795 0.01484375 0.01863354
0 0.5734375 0.01138716 0.0140625 0.02277432