0 0.58242187 0.96687370 0.01171875 0.01449275
0 0.68203125 0.96842650 0.0171875 0.02380952
0 0.52695312 0.96221532 0.01640625 0.01138716
0 0.38984375 0.96325051 0.009375 0.01552795
0 0.32460937 0.96014492 0.01328125 0.01759834
0 0.58046875 0.94254658 0.0203125 0.01966873
0 0.63007812 0.91925465 0.01171875 0.01449275
0 0.47148437 0.88612836 0.01328125 0.01449275
0 0.63085937 0.88043478 0.01015625 0.01552795
0 0.5703125 0.86231884 0.0125 0.01656314
0 0.3171875 0.84834368 0.009375 0.01345755
0 0.60742187 0.83799171 0.02421875 0.01552795
0 0.41484375 0.83488612 0.0171875 0.02380952
0 0.35390625 0.83074534 0.0125 0.01759834
0 0.3671875 0.82194616 0.0109375 0.01656314
0 0.63867187 0.81987577 0.01328125 0.01656314
0 0.4453125 0.81780538 0.0109375 0.01449275
0 0.3546875 0.80952380 0.0125 0.01242236
0 0.33007812 0.80331262 0.01171875 0.01863354
0 0.47734375 0.77536231 0.0109375 0.01449275
0 0.3234375 0.76604554 0.009375 0.01449275
0 0.66953125 0.76966873 0.0171875 0.02380952
0 0.51679687 0.75362318 0.01328125 0.01863354
0 0.44257812 0.75103519 0.01015625 0.01345755
0 0.40625 0.74016563 0.0109375 0.01656314
0 0.60898437 0.73809523 0.01640625 0.01656314
0 0.62773437 0.70703933 0.01171875 0.01863354
0 0.5046875 0.70082815 0.0203125 0.02691511
0 0.60351562 0.68840579 0.00859375 0.02070393
0 0.46914062 0.67598343 0.01953125 0.01035196
0 0.57070312 0.66925465 0.01015625 0.01138716
0 0.62226562 0.67443064 0.01484375 0.02587991
0 0.61757812 0.64906832 0.01015625 0.01449275
0 0.57265625 0.65062111 0.01875 0.01966873
0 0.34648437 0.64544513 0.01171875 0.01345755
0 0.40039062 0.64492753 0.01171875 0.02070393
0 0.51875 0.63716356 0.0171875 0.02380952
0 0.3328125 0.62474120 0.0125 0.01345755
0 0.49609375 0.61542443 0.0171875 0.02380952
0 0.47851562 0.60817805 0.00859375 0.01138716
0 0.38320312 0.61438923 0.01171875 0.02587991
0 0.57539062 0.59523809 0.01015625 0.01035196
0 0.38085937 0.58022774 0.01171875 0.01138716
0 0.58828125 0.57867494 0.0125 0.01449275
0 0.56132812 0.57608695 0.00859375 0.00931677
0 0.45078125 0.56832298 0.0109375 0.01242236
0 0.30546875 0.55848861 0.0125 0.00931677
0 0.53867187 0.53881987 0.01328125 0.01552795
0 0.59492187 0.52950310 0.01328125 0.01345755
0 0.43710937 0.53416149 0.01640625 0.02277432
0 0.60859375 0.49016563 0.0125 0.02380952
0 0.47695312 0.48033126 0.01015625 0.02070393
0 0.515625 0.48084886 0.0171875 0.02380952
0 0.46015625 0.44513457 0.0359375 0.02484472
0 0.68164062 0.43115942 0.01328125 0.01759834
0 0.3828125 0.40993788 0.009375 0.01656314
0 0.52460937 0.40683229 0.01640625 0.02070393
0 0.4765625 0.39958592 0.0140625 0.01863354
0 0.5421875 0.38716356 0.0109375 0.01242236
0 0.321875 0.38871635 0.0109375 0.01759834
0 0.6265625 0.37836438 0.0140625 0.01966873
0 0.33671875 0.37318840 0.0109375 0.01138716
0 0.44492187 0.36231884 0.01640625 0.01656314
0 0.41523437 0.36024844 0.01171875 0.01863354
0 0.53710937 0.35248447 0.01328125 0.01552795
0 0.63085937 0.33281573 0.02265625 0.03002070
0 0.62578125 0.31004140 0.0109375 0.01345755
0 0.6109375 0.30848861 0.0109375 0.01449275
0 0.38671875 0.28105590 0.0078125 0.02380952
0 0.33125 0.25155279 0.0109375 0.01863354
0 0.59257812 0.21532091 0.01171875 0.01242236
0 0.5546875 0.19979296 0.009375 0.01242236
0 0.34335937 0.19047619 0.01171875 0.01449275
0 0.64257812 0.18115942 0.01171875 0.01656314
0 0.54179687 0.15942028 0.01796875 0.01449275
0 0.3625 0.15165631 0.0171875 0.02380952
0 0.40078125 0.13095238 0.009375 0.01345755
0 0.434375 0.13302277 0.01875 0.02173913
0 0.60859375 0.12422360 0.0171875 0.01035196
0 0.33164062 0.11697722 0.00859375 0.01449275
0 0.37421875 0.09886128 0.0109375 0.01552795
0 0.49023437 0.07971014 0.01015625 0.01449275
0 0.3953125 0.08126293 0.0109375 0.02173913
0 0.621875 0.06055900 0.009375 0.01552795
0 0.33515625 0.05848861 0.0125 0.01138716
0 0.43554687 0.05590062 0.01171875 0.01863354
0 0.59726562 0.04658385 0.02421875 0.03726708
0 0.69882812 0.02691511 0.01328125 0.01656314
0 0.32304687 0.00724637 0.01328125 0.01449275