0 0.61953125 0.96583850 0.009375 0.01242236
0 0.32460937 0.96480331 0.01171875 0.01449275
0 0.67109375 0.93788819 0.0109375 0.01449275
0 0.42890625 0.92494824 0.0125 0.02587991
0 0.68632812 0.88509316 0.01015625 0.01656314
0 0.57070312 0.88405797 0.00703125 0.02898550
0 0.459375 0.88146997 0.0171875 0.02380952
0 0.3734375 0.87681159 0.0109375 0.01656314
0 0.41640625 0.87267080 0.009375 0.01242236
0 0.59765625 0.87163561 0.009375 0.01242236
0 0.5859375 0.87060041 0.0125 0.01656314
0 0.43789062 0.86283643 0.01796875 0.02173913
0 0.42617187 0.84316770 0.01015625 0.01552795
0 0.365625 0.83074534 0.0109375 0.01759834
0 0.31835937 0.83229813 0.00703125 0.02070393
0 0.5875 0.82867494 0.0171875 0.02380952
0 0.68554687 0.79710144 0.01171875 0.01656314
0 0.31601562 0.77329192 0.01015625 0.01449275
0 0.45898437 0.75207039 0.01171875 0.01345755
0 0.390625 0.75207039 0.0109375 0.01552795
0 0.42773437 0.72515527 0.00703125 0.01759834
0 0.33632812 0.72308488 0.00859375 0.01345755
0 0.47851562 0.72049689 0.01015625 0.01656314
0 0.64296875 0.71532091 0.01875 0.02691511
0 0.31445312 0.68840579 0.01484375 0.02070393
0 0.38710937 0.66925465 0.01484375 0.01345755
0 0.6484375 0.66821946 0.0171875 0.02380952
0 0.61445312 0.64544513 0.01171875 0.01759834
0 0.35820312 0.64285714 0.01171875 0.01863354
0 0.46835937 0.64285714 0.01796875 0.02070393
0 0.62617187 0.60351966 0.01171875 0.01656314
0 0.415625 0.60248447 0.0125 0.01449275
0 0.47890625 0.58540372 0.009375 0.02173913
0 0.43515625 0.57919254 0.0109375 0.01345755
0 0.39765625 0.58436853 0.0171875 0.02380952
0 0.57695312 0.57660455 0.01015625 0.01035196
0 0.67929687 0.57556935 0.01328125 0.01449275
0 0.65429687 0.56211180 0.01015625 0.01242236
0 0.43203125 0.53830227 0.0109375 0.01242236
0 0.41601562 0.52432712 0.01015625 0.01759834
0 0.68398437 0.51708074 0.00703125 0.02795031
0 0.54804687 0.50569358 0.01328125 0.01759834
0 0.47578125 0.50776397 0.0171875 0.02380952
0 0.44101562 0.49948240 0.01484375 0.01966873
0 0.6546875 0.49689440 0.0140625 0.01656314
0 0.58671875 0.48964803 0.0140625 0.01242236
0 0.35078125 0.49120082 0.0171875 0.02380952
0 0.38085937 0.47463768 0.01328125 0.00931677
0 0.52890625 0.46273291 0.01875 0.01863354
0 0.62421875 0.45289855 0.0171875 0.02380952
0 0.39960937 0.44979296 0.01640625 0.01759834
0 0.575 0.44047619 0.0078125 0.01552795
0 0.34570312 0.44047619 0.01171875 0.01552795
0 0.3921875 0.38405797 0.009375 0.01449275
0 0.32578125 0.37318840 0.0171875 0.02380952
0 0.42734375 0.36438923 0.009375 0.02070393
0 0.44921875 0.35455486 0.0125 0.01552795
0 0.40429687 0.35248447 0.00859375 0.01138716
0 0.509375 0.35248447 0.0171875 0.02380952
0 0.48320312 0.34265010 0.01484375 0.01656314
0 0.58007812 0.33333333 0.01015625 0.01242236
0 0.37460937 0.33126293 0.01171875 0.01656314
0 0.42734375 0.32971014 0.0125 0.01966873
0 0.61953125 0.32142857 0.0109375 0.01966873
0 0.41601562 0.31780538 0.00703125 0.02277432
0 0.33046875 0.30124223 0.009375 0.01656314
0 0.59804687 0.28830227 0.00859375 0.01759834
0 0.36992187 0.27432712 0.01171875 0.01449275
0 0.5390625 0.27587991 0.0171875 0.02380952
0 0.5828125 0.24275362 0.0125 0.01345755
0 0.55351562 0.23809523 0.01015625 0.01242236
0 0.62148437 0.23084886 0.01171875 0.01656314
0 0.60351562 0.21790890 0.01484375 0.03209109
0 0.42070312 0.20703933 0.01953125 0.01863354
0 0.48320312 0.19047619 0.01171875 0.01242236
0 0.51054687 0.19099378 0.01171875 0.01552795
0 0.4390625 0.15890269 0.0140625 0.01966873
0 0.59921875 0.15269151 0.0109375 0.01345755
0 0.421875 0.14855072 0.0171875 0.02380952
0 0.52734375 0.13975155 0.0109375 0.01449275
0 0.34570312 0.12939958 0.01328125 0.01449275
0 0.4625 0.10455486 0.0125 0.01656314
0 0.63671875 0.09420289 0.0078125 0.01656314
0 0.42070312 0.09316770 0.01484375 0.01449275
0 0.48632812 0.09213250 0.01015625 0.02277432
0 0.36210937 0.08799171 0.00859375 0.01656314
0 0.5453125 0.08022774 0.0140625 0.01552795
0 0.3953125 0.06987577 0.0109375 0.00931677
0 0.58320312 0.06055900 0.00859375 0.01345755
0 0.36484375 0.06055900 0.0140625 0.02587991
0 0.4578125 0.04296066 0.0171875 0.02380952
0 0.53125 0.03623188 0.0171875 0.02070393
0 0.33125 0.02846790 0.0078125 0.02173913