0 0.40390625 0.85714285 0.0203125 0.02484472
0 0.60507812 0.81935817 0.01640625 0.02380952
0 0.65820312 0.76604554 0.01640625 0.02484472
0 0.56132812 0.75724637 0.03359375 0.05279503
0 0.60742187 0.71687370 0.01640625 0.02380952
0 0.56289062 0.71014492 0.03671875 0.04140786
0 0.64453125 0.65683229 0.01875 0.02173913
0 0.371875 0.45652173 0.01875 0.02484472
0 0.4578125 0.43788819 0.0171875 0.01449275
0 0.6390625 0.36283643 0.01875 0.01759834
0 0.5390625 0.31625258 0.0171875 0.02173913
0 0.50820312 0.28571428 0.01640625 0.01656314
0 0.42382812 0.26345755 0.02421875 0.01552795
0 0.45039062 0.24120082 0.01484375 0.02484472
0 0.42070312 0.12474120 0.01328125 0.02587991