0 0.4265625 0.97774327 0.0109375 0.01552795
0 0.5890625 0.97360248 0.0171875 0.02380952
0 0.32929687 0.96273291 0.01484375 0.01656314
0 0.33632812 0.94668737 0.01328125 0.01345755
0 0.56484375 0.94461697 0.0171875 0.02380952
0 0.50742187 0.91614906 0.01328125 0.01863354
0 0.44414062 0.91200828 0.02578125 0.04554865
0 0.6109375 0.89078674 0.0109375 0.01345755
0 0.54140625 0.89130434 0.0109375 0.01449275
0 0.42421875 0.89596273 0.0140625 0.02587991
0 0.36601562 0.87422360 0.01953125 0.02380952
0 0.52226562 0.84989648 0.01171875 0.01656314
0 0.5046875 0.83747412 0.0125 0.02070393
0 0.56953125 0.82660455 0.0171875 0.02380952
0 0.60507812 0.81832298 0.01015625 0.01345755
0 0.53710937 0.80538302 0.01171875 0.01449275
0 0.66875 0.79089026 0.0109375 0.01449275
0 0.43789062 0.77432712 0.02265625 0.02898550
0 0.33046875 0.76501035 0.0109375 0.01449275
0 0.56796875 0.74171842 0.03125 0.02587991
0 0.61015625 0.73550724 0.0140625 0.01966873
0 0.31484375 0.73343685 0.009375 0.01552795
0 0.56367187 0.71583850 0.01015625 0.01552795
0 0.51054687 0.70600414 0.01484375 0.01656314
0 0.6421875 0.70910973 0.021875 0.03726708
0 0.58554687 0.69513457 0.01328125 0.01759834
0 0.45507812 0.68271221 0.00703125 0.01552795
0 0.6140625 0.67443064 0.0171875 0.02380952
0 0.63710937 0.66614906 0.02578125 0.02380952
0 0.45273437 0.65527950 0.01171875 0.01863354
0 0.39726562 0.63975155 0.01171875 0.01449275
0 0.34101562 0.63043478 0.02734375 0.02691511
0 0.51171875 0.62784679 0.0203125 0.02587991
0 0.56796875 0.60869565 0.01875 0.02277432
0 0.65859375 0.59989648 0.015625 0.02173913
0 0.60234375 0.60041407 0.01875 0.02898550
0 0.4921875 0.58850931 0.0234375 0.01138716
0 0.36523437 0.58074534 0.01171875 0.01656314
0 0.45273437 0.57246376 0.00859375 0.02070393
0 0.59335937 0.53778467 0.01171875 0.01345755
0 0.66367187 0.53571428 0.01328125 0.01759834
0 0.45703125 0.51759834 0.0109375 0.01242236
0 0.46914062 0.50879917 0.01171875 0.02587991
0 0.49179687 0.50051759 0.01015625 0.01759834
0 0.396875 0.49016563 0.015625 0.01759834
0 0.5453125 0.46946169 0.0125 0.01345755
0 0.38203125 0.46428571 0.0078125 0.01345755
0 0.42890625 0.45289855 0.009375 0.01345755
0 0.52695312 0.42960662 0.01640625 0.02070393
0 0.57148437 0.41718426 0.00703125 0.01863354
0 0.41328125 0.40993788 0.0078125 0.03726708
0 0.43710937 0.39389233 0.01015625 0.01345755
0 0.60742187 0.38975155 0.01328125 0.01138716
0 0.3828125 0.38871635 0.009375 0.01345755
0 0.64960937 0.36076604 0.01484375 0.01552795
0 0.60351562 0.34886128 0.01015625 0.01242236
0 0.41484375 0.34420289 0.0171875 0.02795031
0 0.3890625 0.33643892 0.0125 0.01449275
0 0.371875 0.33850931 0.0078125 0.01863354
0 0.48515625 0.32867494 0.0171875 0.02380952
0 0.45664062 0.32349896 0.01328125 0.01759834
0 0.64726562 0.30434782 0.01484375 0.01863354
0 0.61523437 0.28105590 0.01171875 0.02173913
0 0.5984375 0.26242236 0.0125 0.01552795
0 0.5640625 0.25207039 0.009375 0.01138716
0 0.58398437 0.23602484 0.01171875 0.01035196
0 0.44023437 0.23861283 0.01171875 0.01759834
0 0.40898437 0.24068322 0.01796875 0.02173913
0 0.3921875 0.20548654 0.0171875 0.02380952
0 0.64960937 0.17184265 0.00703125 0.01656314
0 0.53242187 0.16977225 0.01171875 0.01656314
0 0.50703125 0.13405797 0.0171875 0.02380952
0 0.4015625 0.12888198 0.009375 0.01552795
0 0.63203125 0.12629399 0.0109375 0.02070393
0 0.421875 0.12474120 0.0109375 0.01759834
0 0.465625 0.11594202 0.01875 0.02898550
0 0.35429687 0.11645962 0.01953125 0.03209109
0 0.63828125 0.09782608 0.01875 0.00931677
0 0.58828125 0.09161490 0.0109375 0.01552795
0 0.60078125 0.08954451 0.0109375 0.01345755
0 0.54492187 0.08695652 0.01171875 0.01656314
0 0.40859375 0.07763975 0.0125 0.01449275
0 0.4765625 0.07453416 0.01875 0.01863354
0 0.58984375 0.06780538 0.0171875 0.02380952
0 0.38007812 0.05641821 0.00859375 0.02173913
0 0.31367187 0.01293995 0.01328125 0.01552795
0 0.46953125 0.00621118 0.0125 0.01242236
0 0.43359375 0.01138716 0.009375 0.02277432