0 0.40976562 0.98240165 0.01796875 0.01242236
0 0.33085937 0.93892339 0.01015625 0.01863354
0 0.41875 0.92494824 0.0125 0.01759834
0 0.58632812 0.92287784 0.01015625 0.01552795
0 0.303125 0.90942028 0.0171875 0.02380952
0 0.48945312 0.89596273 0.01796875 0.02587991
0 0.33867187 0.88043478 0.01171875 0.01552795
0 0.41484375 0.86594202 0.0171875 0.02380952
0 0.5078125 0.86076604 0.0171875 0.02380952
0 0.65195312 0.84523809 0.01015625 0.01552795
0 0.45429687 0.84316770 0.01328125 0.01966873
0 0.3234375 0.84523809 0.0171875 0.02380952
0 0.46992187 0.83281573 0.01640625 0.02173913
0 0.38164062 0.80900621 0.01171875 0.01552795
0 0.34765625 0.78467908 0.0125 0.01449275
0 0.31953125 0.78260869 0.0078125 0.01242236
0 0.6328125 0.78623188 0.0140625 0.02380952
0 0.41835937 0.77587991 0.01328125 0.01966873
0 0.61445312 0.76035196 0.00703125 0.01345755
0 0.51757812 0.74948240 0.01640625 0.01242236
0 0.44335937 0.75672877 0.02578125 0.03933747
0 0.3984375 0.73395445 0.0125 0.01449275
0 0.50820312 0.71014492 0.01015625 0.01242236
0 0.45429687 0.67287784 0.01015625 0.01656314
0 0.56367187 0.66459627 0.01015625 0.01242236
0 0.65390625 0.65683229 0.009375 0.02380952
0 0.43085937 0.65165631 0.01484375 0.01552795
0 0.409375 0.64855072 0.01875 0.01552795
0 0.55664062 0.64389233 0.00859375 0.01449275
0 0.684375 0.64130434 0.015625 0.02380952
0 0.51953125 0.63612836 0.0171875 0.02380952
0 0.36484375 0.62370600 0.0171875 0.02380952
0 0.57382812 0.59679089 0.01015625 0.01138716
0 0.41132812 0.59575569 0.01328125 0.01552795
0 0.51367187 0.58022774 0.01015625 0.01759834
0 0.68554687 0.55693581 0.01328125 0.01863354
0 0.31484375 0.54089026 0.0171875 0.02380952
0 0.62890625 0.52432712 0.0078125 0.01759834
0 0.64804687 0.52070393 0.01484375 0.01863354
0 0.43359375 0.51345755 0.01875 0.02898550
0 0.52304687 0.49275362 0.01015625 0.01449275
0 0.32421875 0.48550724 0.009375 0.01449275
0 0.4078125 0.47101449 0.015625 0.01656314
0 0.67539062 0.47360248 0.01640625 0.02587991
0 0.57109375 0.46635610 0.009375 0.01552795
0 0.35507812 0.44927536 0.01015625 0.01449275
0 0.29179687 0.44202898 0.00703125 0.00828157
0 0.48476562 0.44202898 0.02421875 0.03933747
0 0.684375 0.41666666 0.015625 0.01552795
0 0.5625 0.42132505 0.0109375 0.03105590
0 0.31757812 0.40683229 0.01796875 0.01656314
0 0.63710937 0.38405797 0.01015625 0.01656314
0 0.46484375 0.38095238 0.009375 0.01656314
0 0.35195312 0.36904761 0.01015625 0.01552795
0 0.39257812 0.35662525 0.01796875 0.01552795
0 0.6328125 0.35973084 0.0265625 0.03416149
0 0.50507812 0.34420289 0.02109375 0.02795031
0 0.3578125 0.33178053 0.015625 0.01759834
0 0.39804687 0.32505175 0.01015625 0.01242236
0 0.63632812 0.32349896 0.00859375 0.01138716
0 0.47578125 0.31832298 0.0140625 0.00931677
0 0.37421875 0.29761904 0.0109375 0.01759834
0 0.340625 0.29917184 0.0171875 0.02691511
0 0.46367187 0.27432712 0.01328125 0.01863354
0 0.48203125 0.23757763 0.0078125 0.02173913
0 0.42695312 0.21635610 0.00859375 0.00828157
0 0.475 0.21066252 0.0140625 0.01966873
0 0.54296875 0.20755693 0.01875 0.01552795
0 0.45820312 0.19927536 0.01640625 0.03209109
0 0.64765625 0.17960662 0.0140625 0.02380952
0 0.34257812 0.18374741 0.01796875 0.03830227
0 0.57226562 0.17650103 0.01484375 0.02795031
0 0.4875 0.16511387 0.0140625 0.01759834
0 0.56132812 0.15993788 0.01015625 0.01552795
0 0.54257812 0.13509316 0.00703125 0.01552795
0 0.63671875 0.13250517 0.0109375 0.01449275
0 0.34414062 0.12008281 0.01171875 0.01242236
0 0.65039062 0.11076604 0.00859375 0.01242236
0 0.42460937 0.11180124 0.00703125 0.01656314
0 0.62148437 0.10817805 0.01015625 0.02173913
0 0.44492187 0.10351966 0.01796875 0.01656314
0 0.41054687 0.05900621 0.01484375 0.01863354
0 0.56015625 0.05072463 0.0171875 0.01656314
0 0.35898437 0.01863354 0.01015625 0.01242236