0 0.41757812 0.98033126 0.00703125 0.01449275
0 0.4921875 0.90890269 0.0109375 0.01449275
0 0.39023437 0.91149068 0.02734375 0.02380952
0 0.30820312 0.89699792 0.01171875 0.01552795
0 0.60039062 0.86956521 0.01015625 0.01242236
0 0.4671875 0.86801242 0.0078125 0.01138716
0 0.3796875 0.85973084 0.0171875 0.02380952
0 0.29335937 0.83436853 0.01015625 0.01863354
0 0.621875 0.82763975 0.0078125 0.01552795
0 0.34140625 0.81262939 0.025 0.02484472
0 0.64023437 0.80900621 0.02734375 0.02173913
0 0.49101562 0.79761904 0.01171875 0.01552795
0 0.35742187 0.79503105 0.01484375 0.01656314
0 0.503125 0.78985507 0.0109375 0.01242236
0 0.63789062 0.78881987 0.01171875 0.01242236
0 0.58554687 0.77122153 0.01015625 0.01242236
0 0.66914062 0.77277432 0.01015625 0.01759834
0 0.43242187 0.76656314 0.01328125 0.01759834
0 0.54804687 0.75672877 0.01328125 0.01863354
0 0.65859375 0.74275362 0.0171875 0.03002070
0 0.5671875 0.73084886 0.0109375 0.01449275
0 0.35390625 0.71273291 0.0125 0.01552795
0 0.63359375 0.69409937 0.009375 0.01345755
0 0.52070312 0.67598343 0.00703125 0.02484472
0 0.6234375 0.65062111 0.0140625 0.01552795
0 0.5578125 0.65476190 0.0171875 0.02380952
0 0.37148437 0.63198757 0.01484375 0.01966873
0 0.334375 0.62991718 0.0171875 0.02380952
0 0.49804687 0.62267080 0.02734375 0.01759834
0 0.5671875 0.60507246 0.0140625 0.01759834
0 0.44453125 0.59782608 0.0171875 0.02380952
0 0.67734375 0.59006211 0.0125 0.01242236
0 0.58867187 0.58954451 0.01015625 0.01552795
0 0.55195312 0.55434782 0.01953125 0.01552795
0 0.34375 0.51293995 0.0171875 0.02380952
0 0.67382812 0.49068322 0.01328125 0.01863354
0 0.4046875 0.49275362 0.0125 0.02484472
0 0.51835937 0.48706004 0.00859375 0.01966873
0 0.47109375 0.49068322 0.0109375 0.02691511
0 0.30117187 0.50931677 0.02578125 0.06418219
0 0.53554687 0.47981366 0.01328125 0.01345755
0 0.32734375 0.48395445 0.0171875 0.02380952
0 0.36757812 0.47567287 0.01171875 0.01552795
0 0.29375 0.47360248 0.0109375 0.01138716
0 0.58203125 0.47567287 0.015625 0.03830227
0 0.4890625 0.46169772 0.0078125 0.01449275
0 0.46953125 0.45548654 0.0140625 0.01863354
0 0.3609375 0.44513457 0.0125 0.01656314
0 0.6421875 0.43322981 0.0109375 0.01552795
0 0.34101562 0.42236024 0.01484375 0.01863354
0 0.4 0.41770186 0.0078125 0.01138716
0 0.5546875 0.42080745 0.0109375 0.02173913
0 0.29414062 0.41718426 0.01171875 0.01656314
0 0.52734375 0.41356107 0.0171875 0.02380952
0 0.56367187 0.40320910 0.01484375 0.01552795
0 0.4859375 0.40372670 0.0109375 0.01656314
0 0.51054687 0.39596273 0.01640625 0.01966873
0 0.30976562 0.38975155 0.00859375 0.01138716
0 0.4484375 0.38198757 0.009375 0.01242236
0 0.41445312 0.38509316 0.01640625 0.02070393
0 0.67382812 0.37784679 0.01796875 0.01449275
0 0.42851562 0.34782608 0.01328125 0.01449275
0 0.53242187 0.34937888 0.00703125 0.02795031
0 0.390625 0.33488612 0.009375 0.01345755
0 0.559375 0.32246376 0.0125 0.01345755
0 0.35390625 0.31521739 0.0171875 0.02380952
0 0.41679687 0.31418219 0.02421875 0.02587991
0 0.40117187 0.28778467 0.01015625 0.01449275
0 0.56367187 0.24948240 0.01015625 0.01242236
0 0.534375 0.24223602 0.015625 0.02484472
0 0.35039062 0.23291925 0.01640625 0.01863354
0 0.559375 0.22619047 0.0078125 0.00931677
0 0.41992187 0.22567287 0.01328125 0.01656314
0 0.33710937 0.21014492 0.01953125 0.01656314
0 0.55898437 0.20031055 0.01015625 0.01345755
0 0.43359375 0.19824016 0.0125 0.01552795
0 0.53828125 0.16511387 0.0140625 0.01759834
0 0.49453125 0.16459627 0.0109375 0.01656314
0 0.425 0.14492753 0.009375 0.01656314
0 0.53710937 0.12111801 0.01328125 0.01656314
0 0.45703125 0.11956521 0.009375 0.01759834
0 0.36757812 0.10921325 0.01171875 0.01345755
0 0.52148437 0.09472049 0.01015625 0.01552795
0 0.4265625 0.08643892 0.0171875 0.02380952
0 0.4546875 0.07298136 0.0125 0.01552795
0 0.65585937 0.03674948 0.01640625 0.02173913
0 0.34492187 0.01966873 0.01171875 0.01449275
0 0.40507812 0.01449275 0.01796875 0.01656314
0 0.53320312 0.00672877 0.01015625 0.01138716