0 0.51328125 0.97153209 0.0171875 0.02380952
0 0.32617187 0.94927536 0.01015625 0.02070393
0 0.58359375 0.93530020 0.009375 0.02173913
0 0.475 0.92391304 0.0171875 0.02380952
0 0.63789062 0.91614906 0.01796875 0.01242236
0 0.58671875 0.91356107 0.0109375 0.01552795
0 0.3296875 0.90062111 0.009375 0.01449275
0 0.54101562 0.89389233 0.01015625 0.01345755
0 0.51914062 0.89699792 0.02109375 0.04037267
0 0.42382812 0.87732919 0.00859375 0.02173913
0 0.4953125 0.87525879 0.0171875 0.02380952
0 0.39375 0.86490683 0.0078125 0.01345755
0 0.45234375 0.86542443 0.0140625 0.01863354
0 0.36640625 0.86749482 0.0140625 0.02691511
0 0.64140625 0.85973084 0.0171875 0.02380952
0 0.58320312 0.84368530 0.01328125 0.01242236
0 0.65859375 0.82815734 0.009375 0.01449275
0 0.3171875 0.83281573 0.01875 0.02380952
0 0.4890625 0.82919254 0.009375 0.02277432
0 0.37773437 0.82660455 0.01328125 0.01759834
0 0.47070312 0.79813664 0.00859375 0.01449275
0 0.68007812 0.78416149 0.01171875 0.01345755
0 0.2921875 0.76397515 0.0078125 0.01449275
0 0.525 0.76138716 0.021875 0.02173913
0 0.340625 0.76138716 0.0171875 0.02380952
0 0.67109375 0.75724637 0.025 0.01759834
0 0.3015625 0.75 0.0109375 0.01345755
0 0.3703125 0.70807453 0.0125 0.01449275
0 0.559375 0.68944099 0.0125 0.01656314
0 0.33359375 0.67908902 0.0125 0.01035196
0 0.43984375 0.67080745 0.009375 0.01242236
0 0.67929687 0.62681159 0.01484375 0.01345755
0 0.6265625 0.62111801 0.0109375 0.01242236
0 0.63828125 0.57349896 0.009375 0.01242236
0 0.43789062 0.56418219 0.01171875 0.02691511
0 0.38984375 0.55797101 0.0125 0.02484472
0 0.66914062 0.55745341 0.01953125 0.02587991
0 0.559375 0.54192546 0.009375 0.01138716
0 0.47148437 0.54140786 0.01328125 0.02277432
0 0.49765625 0.53519668 0.0125 0.01449275
0 0.44882812 0.53778467 0.01328125 0.01966873
0 0.68359375 0.52070393 0.0109375 0.01656314
0 0.47734375 0.51552795 0.0125 0.01863354
0 0.40039062 0.50776397 0.01015625 0.01345755
0 0.4609375 0.50828157 0.0125 0.01656314
0 0.30507812 0.46014492 0.01015625 0.01759834
0 0.43984375 0.46066252 0.0140625 0.02070393
0 0.46015625 0.45445134 0.0109375 0.01449275
0 0.48671875 0.44047619 0.0171875 0.02380952
0 0.63476562 0.43633540 0.01171875 0.01759834
0 0.50664062 0.43167701 0.01015625 0.01035196
0 0.38476562 0.42908902 0.01015625 0.01552795
0 0.34375 0.41873706 0.0078125 0.01138716
0 0.62382812 0.40942028 0.01015625 0.01138716
0 0.36289062 0.40320910 0.01015625 0.01138716
0 0.51171875 0.39906832 0.0140625 0.01138716
0 0.39375 0.38664596 0.0109375 0.01759834
0 0.55820312 0.36594202 0.01171875 0.01759834
0 0.63125 0.35507246 0.0109375 0.01449275
0 0.46367187 0.34006211 0.01171875 0.00931677
0 0.44492187 0.31832298 0.01640625 0.03830227
0 0.58789062 0.30331262 0.01171875 0.01449275
0 0.61953125 0.29244306 0.0125 0.01345755
0 0.534375 0.29347826 0.01875 0.02587991
0 0.3703125 0.27898550 0.0109375 0.01138716
0 0.49179687 0.25414078 0.01796875 0.02587991
0 0.57734375 0.24223602 0.0109375 0.01449275
0 0.58671875 0.20548654 0.0125 0.01552795
0 0.38984375 0.20238095 0.0140625 0.01552795
0 0.57460937 0.18530020 0.01328125 0.01449275
0 0.33242187 0.16770186 0.01171875 0.01863354
0 0.63320312 0.15890269 0.00859375 0.01345755
0 0.57421875 0.14337474 0.0171875 0.02380952
0 0.49453125 0.13871635 0.009375 0.02070393
0 0.40703125 0.12836438 0.0078125 0.01242236
0 0.37304687 0.12784679 0.01171875 0.01345755
0 0.41914062 0.11438923 0.01015625 0.01759834
0 0.60898437 0.10041407 0.00859375 0.01242236
0 0.47304687 0.10403726 0.01171875 0.03002070
0 0.43671875 0.09368530 0.009375 0.01552795
0 0.37617187 0.08747412 0.01796875 0.00931677
0 0.54453125 0.08385093 0.0078125 0.01035196
0 0.56367187 0.08747412 0.01953125 0.02380952
0 0.3375 0.07660455 0.0109375 0.01656314
0 0.3796875 0.06832298 0.009375 0.01242236
0 0.47890625 0.05900621 0.009375 0.01656314
0 0.49492187 0.05331262 0.01640625 0.02587991
0 0.45859375 0.03260869 0.0171875 0.02380952
0 0.66289062 0.02122153 0.01484375 0.01759834
0 0.61875 0.02329192 0.0171875 0.02380952