0 0.44921875 0.98706004 0.0171875 0.02380952
0 0.29882812 0.98291925 0.01015625 0.01552795
0 0.36171875 0.94772256 0.0171875 0.02380952
0 0.659375 0.93840579 0.0171875 0.02380952
0 0.47617187 0.93219461 0.02109375 0.01138716
0 0.50234375 0.94202898 0.009375 0.03312629
0 0.51835937 0.92546583 0.02265625 0.01035196
0 0.32265625 0.90838509 0.0125 0.02173913
0 0.56875 0.88509316 0.0078125 0.01449275
0 0.3375 0.86749482 0.009375 0.01242236
0 0.31679687 0.84523809 0.01015625 0.01345755
0 0.6328125 0.84006211 0.0140625 0.01345755
0 0.3703125 0.83436853 0.0109375 0.01449275
0 0.459375 0.82867494 0.0109375 0.00931677
0 0.29296875 0.82971014 0.009375 0.01345755
0 0.65585937 0.82246376 0.01171875 0.01759834
0 0.61015625 0.81625258 0.025 0.02380952
0 0.46640625 0.81107660 0.0171875 0.02380952
0 0.65078125 0.78726708 0.009375 0.01138716
0 0.60351562 0.78519668 0.01328125 0.01552795
0 0.55078125 0.78571428 0.009375 0.01863354
0 0.315625 0.78157349 0.0125 0.01449275
0 0.59453125 0.76966873 0.009375 0.01345755
0 0.34765625 0.76449275 0.009375 0.01138716
0 0.4796875 0.76345755 0.0171875 0.02380952
0 0.41796875 0.75672877 0.0125 0.02691511
0 0.56367187 0.74016563 0.01171875 0.01449275
0 0.67460937 0.74171842 0.01484375 0.01966873
0 0.68632812 0.73033126 0.01015625 0.01759834
0 0.60390625 0.71842650 0.0109375 0.01035196
0 0.396875 0.71635610 0.015625 0.01656314
0 0.334375 0.71687370 0.0109375 0.02587991
0 0.57890625 0.71169772 0.0203125 0.03002070
0 0.621875 0.68167701 0.0125 0.01759834
0 0.49023437 0.67753623 0.01171875 0.01759834
0 0.67851562 0.65890269 0.01328125 0.01759834
0 0.50195312 0.63612836 0.01328125 0.01552795
0 0.62617187 0.63043478 0.01171875 0.01449275
0 0.33085937 0.61801242 0.01640625 0.01656314
0 0.39492187 0.60662525 0.00703125 0.02484472
0 0.4984375 0.59575569 0.0140625 0.01759834
0 0.38164062 0.59057971 0.01328125 0.01759834
0 0.46640625 0.56469979 0.009375 0.02173913
0 0.41875 0.54865424 0.015625 0.01035196
0 0.34921875 0.55124223 0.0125 0.01759834
0 0.66640625 0.53830227 0.0125 0.01449275
0 0.596875 0.52173913 0.009375 0.01035196
0 0.44882812 0.51915113 0.01015625 0.01552795
0 0.54179687 0.51552795 0.00703125 0.02070393
0 0.65976562 0.50414078 0.01171875 0.01656314
0 0.45546875 0.50103519 0.0109375 0.01449275
0 0.55976562 0.49896480 0.01171875 0.01449275
0 0.3140625 0.49948240 0.0171875 0.02380952
0 0.51484375 0.49068322 0.01875 0.01449275
0 0.3859375 0.48706004 0.0140625 0.01759834
0 0.53789062 0.46428571 0.00859375 0.01138716
0 0.3171875 0.44513457 0.0109375 0.01656314
0 0.43007812 0.42857142 0.01015625 0.01242236
0 0.43125 0.39337474 0.009375 0.01242236
0 0.36875 0.37888198 0.0140625 0.01656314
0 0.51640625 0.37474120 0.0125 0.02277432
0 0.60234375 0.36387163 0.0171875 0.02380952
0 0.35976562 0.34886128 0.01171875 0.01656314
0 0.57851562 0.34057971 0.01015625 0.01449275
0 0.55078125 0.34057971 0.0125 0.01656314
0 0.62265625 0.34057971 0.0171875 0.02070393
0 0.425 0.33954451 0.025 0.02691511
0 0.44726562 0.31159420 0.01015625 0.02070393
0 0.5828125 0.30175983 0.0078125 0.02587991
0 0.47421875 0.30175983 0.01875 0.02587991
0 0.61679687 0.29037267 0.01015625 0.01138716
0 0.54570312 0.29968944 0.01328125 0.03002070
0 0.50351562 0.28985507 0.01015625 0.01449275
0 0.48085937 0.27329192 0.01171875 0.01656314
0 0.4859375 0.19668737 0.0140625 0.01656314
0 0.33476562 0.19151138 0.01015625 0.01656314
0 0.39960937 0.18581780 0.00859375 0.00931677
0 0.63867187 0.17443064 0.01328125 0.02380952
0 0.45625 0.17080745 0.015625 0.01656314
0 0.596875 0.17132505 0.0171875 0.02380952
0 0.41992187 0.12267080 0.00859375 0.01138716
0 0.34453125 0.12267080 0.025 0.02173913
0 0.37226562 0.11438923 0.02421875 0.02380952
0 0.63164062 0.10093167 0.01953125 0.01345755
0 0.384375 0.06832298 0.0109375 0.01449275
0 0.40273437 0.05590062 0.01015625 0.01656314
0 0.43164062 0.04399585 0.01015625 0.02795031
0 0.6765625 0.02846790 0.0171875 0.02380952
0 0.31132812 0.02225672 0.01328125 0.01759834
0 0.4375 0.01552795 0.0078125 0.01449275
0 0.61132812 0.01242236 0.01328125 0.01656314