0 0.47851562 0.99171842 0.01640625 0.01656314
0 0.53671875 0.99120082 0.0078125 0.01759834
0 0.3109375 0.98602484 0.0125 0.00931677
0 0.35585937 0.98498964 0.01015625 0.01138716
0 0.4125 0.97981366 0.0109375 0.03623188
0 0.5078125 0.95962732 0.0125 0.01656314
0 0.52695312 0.93788819 0.01640625 0.01035196
0 0.440625 0.92960662 0.0265625 0.01863354
0 0.65078125 0.89182194 0.0078125 0.01138716
0 0.35078125 0.86594202 0.0109375 0.01759834
0 0.46953125 0.86438923 0.009375 0.01656314
0 0.575 0.86387163 0.0109375 0.01759834
0 0.29726562 0.86594202 0.01796875 0.02173913
0 0.31992187 0.86231884 0.01171875 0.03105590
0 0.54960937 0.85248447 0.01484375 0.01552795
0 0.48710937 0.85144927 0.00703125 0.01966873
0 0.6734375 0.84575569 0.0109375 0.01449275
0 0.50546875 0.82867494 0.009375 0.01138716
0 0.365625 0.82919254 0.0109375 0.01449275
0 0.590625 0.82039337 0.0171875 0.02380952
0 0.50625 0.79761904 0.0109375 0.02173913
0 0.34375 0.78933747 0.009375 0.01138716
0 0.6875 0.79347826 0.0078125 0.02587991
0 0.55703125 0.77846790 0.0140625 0.01449275
0 0.32304687 0.77432712 0.01171875 0.01449275
0 0.57851562 0.77225672 0.01015625 0.01242236
0 0.47929687 0.76966873 0.01484375 0.01138716
0 0.4375 0.76086956 0.01875 0.01656314
0 0.62617187 0.75776397 0.01015625 0.01449275
0 0.59023437 0.74430641 0.01328125 0.01863354
0 0.40859375 0.74068322 0.009375 0.01966873
0 0.50234375 0.72929606 0.01875 0.01345755
0 0.33398437 0.72567287 0.01484375 0.01656314
0 0.45898437 0.69824016 0.01484375 0.01138716
0 0.50859375 0.69565217 0.0109375 0.01656314
0 0.39101562 0.67339544 0.01171875 0.01966873
0 0.35859375 0.66563146 0.0234375 0.02070393
0 0.55273437 0.65217391 0.01328125 0.01242236
0 0.44804687 0.64440993 0.01640625 0.03416149
0 0.32070312 0.62474120 0.01640625 0.01552795
0 0.309375 0.60196687 0.0171875 0.01552795
0 0.64257812 0.58799171 0.01015625 0.01242236
0 0.57851562 0.58592132 0.01484375 0.02070393
0 0.60625 0.53209109 0.0109375 0.01449275
0 0.53476562 0.51552795 0.01640625 0.01863354
0 0.5921875 0.51086956 0.009375 0.01345755
0 0.37226562 0.49223602 0.01015625 0.01345755
0 0.43515625 0.48188405 0.0078125 0.01138716
0 0.39648437 0.48447204 0.01171875 0.01656314
0 0.41132812 0.47619047 0.00859375 0.01449275
0 0.62773437 0.47463768 0.01171875 0.01759834
0 0.3015625 0.45859213 0.009375 0.01242236
0 0.68242187 0.44979296 0.01484375 0.01759834
0 0.4984375 0.43840579 0.015625 0.01138716
0 0.46445312 0.44047619 0.02421875 0.03002070
0 0.53632812 0.42546583 0.01171875 0.01449275
0 0.4234375 0.42339544 0.0109375 0.01449275
0 0.603125 0.40631469 0.009375 0.01345755
0 0.63359375 0.40424430 0.0125 0.01552795
0 0.4828125 0.40424430 0.0140625 0.01759834
0 0.32265625 0.40527950 0.0171875 0.02380952
0 0.61601562 0.39803312 0.01171875 0.01138716
0 0.678125 0.39855072 0.0140625 0.01863354
0 0.61679687 0.37939958 0.00703125 0.01759834
0 0.35195312 0.36904761 0.01328125 0.01552795
0 0.42734375 0.35973084 0.028125 0.02380952
0 0.4703125 0.34472049 0.0140625 0.01656314
0 0.44375 0.33695652 0.0171875 0.01759834
0 0.33398437 0.32453416 0.01640625 0.00931677
0 0.50273437 0.29761904 0.01015625 0.01552795
0 0.38164062 0.28467908 0.01328125 0.01035196
0 0.35273437 0.28209109 0.01171875 0.02795031
0 0.42734375 0.27329192 0.0109375 0.01449275
0 0.340625 0.26759834 0.0109375 0.01759834
0 0.5578125 0.26604554 0.0078125 0.02070393
0 0.403125 0.26552795 0.0171875 0.02380952
0 0.578125 0.22256728 0.0109375 0.01242236
0 0.55703125 0.20910973 0.015625 0.01863354
0 0.50703125 0.20548654 0.0171875 0.02380952
0 0.33164062 0.18892339 0.01015625 0.01759834
0 0.59882812 0.18892339 0.01171875 0.02173913
0 0.57695312 0.18167701 0.01171875 0.02173913
0 0.37382812 0.17908902 0.01171875 0.01656314
0 0.603125 0.15786749 0.0171875 0.02380952
0 0.42421875 0.12939958 0.0125 0.01656314
0 0.5 0.12784679 0.0171875 0.02380952
0 0.57421875 0.11645962 0.009375 0.01345755
0 0.6421875 0.09627329 0.0109375 0.02070393
0 0.46835937 0.08954451 0.01328125 0.01345755
0 0.43632812 0.07815734 0.01015625 0.01759834
0 0.56367187 0.07608695 0.02265625 0.02380952
0 0.6125 0.06366459 0.0109375 0.01138716
0 0.37734375 0.03053830 0.0171875 0.02380952
0 0.5 0.02329192 0.0171875 0.02380952
0 0.42109375 0.00465838 0.0171875 0.00931677