0 0.44960937 0.89130434 0.03828125 0.02484472
0 0.4953125 0.80124223 0.015625 0.02070393
0 0.33359375 0.78571428 0.015625 0.04968944
0 0.39140625 0.76501035 0.01875 0.02070393
0 0.6203125 0.76449275 0.021875 0.03830227
0 0.59804687 0.71583850 0.01484375 0.01552795
0 0.49960937 0.49171842 0.03203125 0.02484472
0 0.59335937 0.44047619 0.02421875 0.02380952
0 0.45664062 0.37111801 0.01328125 0.01552795
0 0.39492187 0.32349896 0.01640625 0.01552795
0 0.48476562 0.29554865 0.03046875 0.02173913
0 0.55546875 0.25465838 0.0203125 0.02898550
0 0.51171875 0.15631469 0.028125 0.02691511