0 0.49921875 0.87784679 0.015625 0.01656314
0 0.58867187 0.83747412 0.02890625 0.03933747
0 0.45820312 0.82298136 0.01640625 0.03933747
0 0.41796875 0.83385093 0.0328125 0.06107660
0 0.31640625 0.80693581 0.015625 0.01966873
0 0.3765625 0.76966873 0.0140625 0.01552795
0 0.6265625 0.69358178 0.01875 0.02277432
0 0.571875 0.61594202 0.0296875 0.02277432
0 0.61210937 0.60300207 0.01953125 0.03002070
0 0.36601562 0.53571428 0.02734375 0.01759834
0 0.5609375 0.53674948 0.021875 0.03830227
0 0.31757812 0.51501035 0.01640625 0.02173913
0 0.45742187 0.45238095 0.01640625 0.03105590
0 0.43164062 0.43840579 0.01796875 0.01966873
0 0.58164062 0.43478260 0.02578125 0.01863354
0 0.38046875 0.42236024 0.0171875 0.03105590
0 0.45429687 0.39389233 0.01640625 0.02380952
0 0.52773437 0.28519668 0.01640625 0.01552795
0 0.46210937 0.25569358 0.03046875 0.02070393
0 0.51484375 0.24171842 0.0109375 0.02380952
0 0.49648437 0.23861283 0.01796875 0.03002070
0 0.56835937 0.19927536 0.04296875 0.03830227
0 0.42421875 0.09627329 0.0203125 0.02691511
0 0.59921875 0.07971014 0.0140625 0.05175983