0 0.42773437 0.97826086 0.01171875 0.01035196
0 0.29257812 0.97515527 0.01640625 0.01449275
0 0.40976562 0.92960662 0.01328125 0.01035196
0 0.63984375 0.72463768 0.0125 0.02070393
0 0.62617187 0.60041407 0.01328125 0.01656314
0 0.46484375 0.54658385 0.0109375 0.02070393
0 0.35 0.54554865 0.0140625 0.01863354
0 0.5671875 0.38871635 0.0203125 0.05072463
0 0.5359375 0.32349896 0.01875 0.01966873
0 0.4109375 0.29244306 0.0109375 0.02380952
0 0.43945312 0.20652173 0.01328125 0.02380952
0 0.4640625 0.15786749 0.015625 0.02173913