0 0.678125 0.97981366 0.0171875 0.02380952
0 0.62929687 0.96997929 0.00703125 0.01449275
0 0.30351562 0.97101449 0.00859375 0.01656314
0 0.60234375 0.95082815 0.009375 0.01345755
0 0.32109375 0.94254658 0.0171875 0.02380952
0 0.46601562 0.92287784 0.02109375 0.03623188
0 0.61914062 0.90838509 0.01171875 0.01345755
0 0.30117187 0.89958592 0.01171875 0.01863354
0 0.47851562 0.89389233 0.01015625 0.00931677
0 0.67617187 0.89440993 0.01015625 0.01863354
0 0.31171875 0.89389233 0.0078125 0.01759834
0 0.39375 0.88354037 0.0109375 0.01138716
0 0.41132812 0.87370600 0.01171875 0.01449275
0 0.43984375 0.86853002 0.0125 0.01449275
0 0.5796875 0.86180124 0.0140625 0.01759834
0 0.303125 0.85144927 0.0125 0.01552795
0 0.56679687 0.83540372 0.01015625 0.01863354
0 0.59023437 0.82971014 0.01328125 0.01759834
0 0.38710937 0.82608695 0.00703125 0.01449275
0 0.34726562 0.81935817 0.01328125 0.01552795
0 0.60507812 0.81935817 0.01484375 0.02380952
0 0.41328125 0.80900621 0.0125 0.01552795
0 0.546875 0.81107660 0.0203125 0.02587991
0 0.49335937 0.79968944 0.01015625 0.01345755
0 0.31757812 0.79865424 0.01015625 0.01552795
0 0.3375 0.79606625 0.009375 0.01449275
0 0.38945312 0.76397515 0.01171875 0.01449275
0 0.57539062 0.76397515 0.01171875 0.02484472
0 0.31679687 0.75258799 0.01328125 0.01242236
0 0.34453125 0.74741200 0.0140625 0.01656314
0 0.60820312 0.73861283 0.01015625 0.01345755
0 0.65703125 0.73654244 0.0109375 0.01345755
0 0.48867187 0.72101449 0.01328125 0.02173913
0 0.3296875 0.72101449 0.0171875 0.02380952
0 0.56484375 0.69875776 0.0109375 0.01242236
0 0.63554687 0.69409937 0.00859375 0.01345755
0 0.37109375 0.69461697 0.0140625 0.01656314
0 0.40664062 0.69306418 0.02578125 0.01552795
0 0.3015625 0.68064182 0.0109375 0.01552795
0 0.59375 0.65527950 0.0109375 0.01449275
0 0.57695312 0.65062111 0.01171875 0.01552795
0 0.42890625 0.64906832 0.0140625 0.01656314
0 0.68476562 0.63405797 0.01484375 0.02380952
0 0.37421875 0.63405797 0.0171875 0.02380952
0 0.33398437 0.62577639 0.01171875 0.01759834
0 0.43671875 0.62474120 0.0171875 0.02380952
0 0.47460937 0.60869565 0.01328125 0.01656314
0 0.43710937 0.58747412 0.02109375 0.01345755
0 0.3296875 0.58022774 0.0171875 0.02380952
0 0.40546875 0.56107660 0.03125 0.01035196
0 0.4734375 0.52173913 0.0140625 0.02070393
0 0.35546875 0.52018633 0.0078125 0.02173913
0 0.63242187 0.52122153 0.01796875 0.03623188
0 0.5984375 0.50983436 0.0109375 0.01345755
0 0.49726562 0.50672877 0.01640625 0.02795031
0 0.41367187 0.49120082 0.01171875 0.01138716
0 0.3421875 0.48809523 0.0203125 0.01759834
0 0.31132812 0.48447204 0.01171875 0.01449275
0 0.503125 0.44047619 0.0109375 0.01552795
0 0.63789062 0.42494824 0.00859375 0.01138716
0 0.46015625 0.41977225 0.0140625 0.01345755
0 0.37890625 0.42287784 0.0171875 0.02173913
0 0.33125 0.40631469 0.0109375 0.01759834
0 0.5421875 0.40424430 0.0125 0.01552795
0 0.36132812 0.40476190 0.01171875 0.01656314
0 0.4671875 0.39026915 0.0140625 0.01863354
0 0.55976562 0.38561076 0.01484375 0.01138716
0 0.62851562 0.38250517 0.01171875 0.01552795
0 0.346875 0.36387163 0.0125 0.01345755
0 0.62578125 0.35144927 0.0125 0.01966873
0 0.33515625 0.34627329 0.0125 0.01759834
0 0.509375 0.33747412 0.009375 0.01863354
0 0.48867187 0.33436853 0.01328125 0.01656314
0 0.6265625 0.32039337 0.0109375 0.01345755
0 0.41171875 0.31625258 0.0109375 0.01552795
0 0.49296875 0.31314699 0.009375 0.01759834
0 0.53945312 0.27277432 0.01328125 0.01552795
0 0.37539062 0.26863354 0.01171875 0.01552795
0 0.471875 0.24378881 0.0109375 0.01552795
0 0.55234375 0.24482401 0.01875 0.02173913
0 0.48671875 0.24120082 0.0140625 0.01449275
0 0.45507812 0.22774327 0.01171875 0.01449275
0 0.3390625 0.21376811 0.009375 0.01345755
0 0.59257812 0.19979296 0.01171875 0.01449275
0 0.51757812 0.16614906 0.01171875 0.01552795
0 0.4890625 0.14130434 0.0125 0.01966873
0 0.63203125 0.08540372 0.00625 0.01552795
0 0.353125 0.08436853 0.0140625 0.01966873
0 0.54882812 0.05331262 0.01171875 0.01552795
0 0.390625 0.04865424 0.0203125 0.03726708
0 0.49921875 0.03881987 0.0171875 0.02380952
0 0.59101562 0.01449275 0.00859375 0.01449275