0 0.478125 0.97204968 0.0125 0.01863354
0 0.3890625 0.97256728 0.0171875 0.02380952
0 0.52226562 0.96480331 0.01953125 0.01449275
0 0.55664062 0.96583850 0.02421875 0.04140786
0 0.6625 0.91977225 0.0171875 0.02380952
0 0.46757812 0.91097308 0.00859375 0.01449275
0 0.53398437 0.91407867 0.01796875 0.02691511
0 0.61445312 0.90113871 0.01484375 0.01759834
0 0.39609375 0.89440993 0.009375 0.01242236
0 0.55429687 0.88612836 0.01171875 0.00828157
0 0.534375 0.88354037 0.0171875 0.02380952
0 0.665625 0.87629399 0.009375 0.01552795
0 0.5921875 0.86956521 0.0125 0.01242236
0 0.39140625 0.86283643 0.0171875 0.02380952
0 0.56289062 0.85714285 0.01484375 0.01449275
0 0.371875 0.85869565 0.0203125 0.01966873
0 0.48828125 0.83695652 0.0125 0.01759834
0 0.58984375 0.83074534 0.0171875 0.03416149
0 0.61796875 0.82298136 0.009375 0.02691511
0 0.66015625 0.80227743 0.009375 0.01242236
0 0.3890625 0.79917184 0.0171875 0.01449275
0 0.61953125 0.79710144 0.0109375 0.01449275
0 0.36601562 0.78674948 0.01484375 0.01035196
0 0.29921875 0.78726708 0.009375 0.01345755
0 0.42109375 0.78623188 0.0140625 0.01552795
0 0.40039062 0.78312629 0.01171875 0.01552795
0 0.54921875 0.77898550 0.0171875 0.02380952
0 0.53867187 0.76397515 0.01015625 0.00828157
0 0.63320312 0.76915113 0.01171875 0.02484472
0 0.34414062 0.73188405 0.00859375 0.01242236
0 0.43828125 0.72308488 0.0109375 0.01552795
0 0.6375 0.72256728 0.0125 0.01656314
0 0.321875 0.70652173 0.0125 0.01966873
0 0.58007812 0.69668737 0.01328125 0.01242236
0 0.67734375 0.69875776 0.01875 0.03519668
0 0.62109375 0.65113871 0.015625 0.01449275
0 0.30898437 0.64958592 0.01328125 0.01552795
0 0.49257812 0.61076604 0.01953125 0.02691511
0 0.52773437 0.59679089 0.01328125 0.02587991
0 0.39296875 0.59420289 0.0109375 0.02070393
0 0.4796875 0.58747412 0.0171875 0.01552795
0 0.37617187 0.57660455 0.00859375 0.01656314
0 0.66484375 0.55590062 0.009375 0.01449275
0 0.64375 0.54761904 0.009375 0.01035196
0 0.47226562 0.52639751 0.01328125 0.01759834
0 0.36875 0.52277432 0.0078125 0.01863354
0 0.38984375 0.51708074 0.0109375 0.01552795
0 0.525 0.51397515 0.0171875 0.02380952
0 0.67265625 0.50983436 0.0125 0.01966873
0 0.58046875 0.50310559 0.01875 0.02277432
0 0.63046875 0.48602484 0.0125 0.00931677
0 0.3796875 0.49585921 0.0125 0.03105590
0 0.49609375 0.47826086 0.0109375 0.01449275
0 0.30742187 0.48188405 0.01171875 0.02173913
0 0.425 0.47463768 0.0140625 0.01138716
0 0.58164062 0.46946169 0.01171875 0.01345755
0 0.34414062 0.43167701 0.01171875 0.01449275
0 0.34179687 0.40320910 0.01171875 0.01345755
0 0.64140625 0.40424430 0.0171875 0.02380952
0 0.5953125 0.39906832 0.0125 0.01345755
0 0.66953125 0.39751552 0.0109375 0.02277432
0 0.52695312 0.39233954 0.02109375 0.01656314
0 0.62578125 0.38768115 0.0078125 0.00931677
0 0.41523437 0.38664596 0.01328125 0.02173913
0 0.47382812 0.37629399 0.01015625 0.01345755
0 0.50117187 0.37370600 0.01171875 0.01656314
0 0.5703125 0.35921325 0.009375 0.01035196
0 0.56601562 0.33695652 0.01328125 0.01552795
0 0.53359375 0.33178053 0.0125 0.01759834
0 0.56914062 0.30693581 0.01171875 0.02795031
0 0.58632812 0.29140786 0.01015625 0.01759834
0 0.50859375 0.25621118 0.0109375 0.01759834
0 0.46875 0.21946169 0.0140625 0.01656314
0 0.57148437 0.20962732 0.01640625 0.01345755
0 0.453125 0.20652173 0.0171875 0.02380952
0 0.63945312 0.19772256 0.01328125 0.01242236
0 0.35351562 0.19151138 0.01796875 0.02691511
0 0.35507812 0.14648033 0.01328125 0.01759834
0 0.52265625 0.13095238 0.0125 0.01345755
0 0.3359375 0.13405797 0.0171875 0.02380952
0 0.39023437 0.12370600 0.00859375 0.02173913
0 0.45429687 0.11749482 0.01015625 0.01345755
0 0.3390625 0.06728778 0.0125 0.01242236
0 0.49335937 0.06677018 0.01640625 0.02587991
0 0.4140625 0.06055900 0.0125 0.01345755
0 0.534375 0.05952380 0.0140625 0.01552795
0 0.38164062 0.05279503 0.01171875 0.01449275
0 0.359375 0.04192546 0.015625 0.02795031
0 0.30585937 0.02795031 0.01015625 0.01863354
0 0.29570312 0.02070393 0.00859375 0.02898550
0 0.4265625 0.00931677 0.0078125 0.01863354