0 0.4453125 0.99068322 0.0125 0.01656314
0 0.35898437 0.97308488 0.01953125 0.02691511
0 0.46328125 0.94409937 0.009375 0.02691511
0 0.45898437 0.87991718 0.01015625 0.01242236
0 0.44179687 0.87370600 0.01328125 0.01863354
0 0.50820312 0.86904761 0.01015625 0.02380952
0 0.365625 0.85610766 0.0078125 0.01449275
0 0.54296875 0.85610766 0.0265625 0.01863354
0 0.51835937 0.84937888 0.01171875 0.01552795
0 0.3078125 0.84213250 0.0078125 0.02173913
0 0.61796875 0.80900621 0.0125 0.01552795
0 0.44257812 0.80331262 0.01796875 0.02898550
0 0.30703125 0.79503105 0.0125 0.01656314
0 0.3859375 0.78002070 0.0140625 0.02173913
0 0.31601562 0.76449275 0.01015625 0.01345755
0 0.61054687 0.75828157 0.01171875 0.02173913
0 0.51796875 0.74068322 0.0171875 0.02380952
0 0.34140625 0.73861283 0.0171875 0.02380952
0 0.48359375 0.73550724 0.0171875 0.02380952
0 0.37929687 0.71997929 0.01640625 0.00931677
0 0.29726562 0.69047619 0.01796875 0.02484472
0 0.675 0.67339544 0.0125 0.01552795
0 0.41328125 0.66356107 0.0109375 0.01449275
0 0.64921875 0.65786749 0.0234375 0.01552795
0 0.58125 0.64958592 0.0171875 0.02380952
0 0.4984375 0.64078674 0.0078125 0.01449275
0 0.56132812 0.61956521 0.01171875 0.01552795
0 0.53046875 0.62008281 0.0078125 0.01656314
0 0.43398437 0.60041407 0.01015625 0.01656314
0 0.45117187 0.59213250 0.00703125 0.01035196
0 0.41992187 0.55383022 0.01328125 0.01656314
0 0.30546875 0.52691511 0.0140625 0.02277432
0 0.66054687 0.52173913 0.00859375 0.01863354
0 0.54257812 0.51086956 0.00859375 0.01552795
0 0.52539062 0.50879917 0.01328125 0.01138716
0 0.41640625 0.48240165 0.0140625 0.01035196
0 0.46914062 0.46532091 0.01484375 0.01138716
0 0.38320312 0.45910973 0.01015625 0.01138716
0 0.30429687 0.45652173 0.01171875 0.01449275
0 0.34609375 0.46014492 0.0171875 0.02380952
0 0.4875 0.45807453 0.015625 0.02173913
0 0.6609375 0.45496894 0.0140625 0.01966873
0 0.55859375 0.44202898 0.0125 0.01449275
0 0.35429687 0.43322981 0.01328125 0.01552795
0 0.58671875 0.43374741 0.01875 0.02691511
0 0.34296875 0.42184265 0.0109375 0.01138716
0 0.68359375 0.41045548 0.0171875 0.01345755
0 0.3046875 0.40942028 0.0140625 0.01966873
0 0.39140625 0.40372670 0.0203125 0.01863354
0 0.3640625 0.40424430 0.01875 0.02587991
0 0.64140625 0.39182194 0.0109375 0.01138716
0 0.5984375 0.39492753 0.0234375 0.03209109
0 0.65898437 0.38095238 0.01171875 0.01656314
0 0.52109375 0.37836438 0.01875 0.02173913
0 0.48398437 0.37111801 0.01328125 0.01552795
0 0.58359375 0.36438923 0.0109375 0.01656314
0 0.45195312 0.35248447 0.01640625 0.02380952
0 0.51015625 0.34420289 0.028125 0.01552795
0 0.5890625 0.32505175 0.0125 0.01242236
0 0.38828125 0.31677018 0.0078125 0.01449275
0 0.48320312 0.31625258 0.01953125 0.01759834
0 0.35273437 0.31521739 0.01484375 0.01759834
0 0.47421875 0.30227743 0.009375 0.01035196
0 0.57734375 0.30590062 0.0171875 0.02380952
0 0.64296875 0.30486542 0.0171875 0.02380952
0 0.42695312 0.29089026 0.01015625 0.01449275
0 0.334375 0.25983436 0.0140625 0.01242236
0 0.64648437 0.25724637 0.01484375 0.01552795
0 0.41757812 0.24637681 0.02109375 0.01656314
0 0.365625 0.24896480 0.0171875 0.02380952
0 0.33203125 0.23757763 0.0125 0.02380952
0 0.64804687 0.23188405 0.01328125 0.02070393
0 0.44453125 0.21273291 0.0109375 0.01345755
0 0.62226562 0.19254658 0.01171875 0.01656314
0 0.55351562 0.18426501 0.01953125 0.01863354
0 0.36796875 0.17184265 0.0078125 0.02484472
0 0.50429687 0.15320910 0.01015625 0.01035196
0 0.446875 0.15527950 0.0109375 0.01449275
0 0.59453125 0.15890269 0.0171875 0.02380952
0 0.41015625 0.14337474 0.0109375 0.01345755
0 0.33945312 0.11024844 0.01015625 0.01138716
0 0.52070312 0.11283643 0.01484375 0.02070393
0 0.53242187 0.09109730 0.01640625 0.01656314
0 0.59648437 0.07763975 0.05390625 0.04554865
0 0.69414062 0.01915113 0.01328125 0.01138716
0 0.33671875 0.02484472 0.0171875 0.02277432