0 0.51875 0.89906832 0.021875 0.02173913
0 0.64921875 0.84265010 0.0171875 0.02277432
0 0.51367187 0.78260869 0.02109375 0.02484472
0 0.4640625 0.77173913 0.01875 0.01966873
0 0.45664062 0.74948240 0.01484375 0.02070393
0 0.43554687 0.74948240 0.01796875 0.03105590
0 0.58476562 0.67132505 0.00859375 0.01552795
0 0.52070312 0.60817805 0.01640625 0.02173913
0 0.38828125 0.41356107 0.00625 0.02587991
0 0.45625 0.30175983 0.01875 0.01759834
0 0.64257812 0.24792960 0.01484375 0.01966873
0 0.34296875 0.21532091 0.015625 0.02070393
0 0.59375 0.19461697 0.015625 0.02070393
0 0.3515625 0.14182194 0.025 0.02070393
0 0.296875 0.03364389 0.00625 0.02173913