0 0.43671875 0.88716356 0.0203125 0.02691511
0 0.4640625 0.86438923 0.01875 0.02484472
0 0.6703125 0.82246376 0.0125 0.02795031
0 0.64921875 0.79089026 0.0203125 0.02898550
0 0.6703125 0.77225672 0.009375 0.01863354
0 0.50585937 0.75828157 0.02578125 0.03209109
0 0.5109375 0.68426501 0.0203125 0.02277432
0 0.51484375 0.58436853 0.0171875 0.02380952
0 0.509375 0.49689440 0.021875 0.02277432
0 0.590625 0.47308488 0.015625 0.01863354
0 0.47070312 0.46325051 0.01640625 0.01966873
0 0.42773437 0.43530020 0.03671875 0.02795031
0 0.63398437 0.42598343 0.01015625 0.01552795
0 0.3578125 0.40734989 0.00625 0.02380952
0 0.40585937 0.29244306 0.01171875 0.01966873
0 0.61875 0.28260869 0.015625 0.02898550
0 0.46445312 0.16304347 0.01328125 0.00931677
0 0.55742187 0.16563146 0.01953125 0.02277432
0 0.37929687 0.15217391 0.01640625 0.02070393
0 0.57851562 0.14544513 0.01328125 0.01759834
0 0.59882812 0.08488612 0.01640625 0.01656314
0 0.35625 0.07142857 0.0203125 0.02484472
0 0.67539062 0.00414078 0.01484375 0.00828157