0 0.56289062 0.94047619 0.01171875 0.01552795
0 0.57070312 0.88250517 0.01328125 0.01759834
0 0.53671875 0.88457556 0.015625 0.02173913
0 0.62460937 0.84679089 0.02109375 0.03519668
0 0.35625 0.81573498 0.0171875 0.02484472
0 0.58359375 0.77587991 0.0109375 0.01759834
0 0.65351562 0.75569358 0.01796875 0.01242236
0 0.64335937 0.57039337 0.01015625 0.01449275
0 0.49804687 0.54399585 0.01640625 0.02380952
0 0.43007812 0.54089026 0.01328125 0.01759834
0 0.35351562 0.53726708 0.01640625 0.02484472
0 0.56210937 0.53053830 0.02265625 0.03002070
0 0.49257812 0.46687370 0.01015625 0.01656314
0 0.58398437 0.44202898 0.01796875 0.02277432
0 0.62890625 0.06728778 0.015625 0.02070393