0 0.34140625 0.96273291 0.009375 0.01656314
0 0.32382812 0.95910973 0.01171875 0.01345755
0 0.45820312 0.95755693 0.01328125 0.01863354
0 0.62695312 0.91097308 0.01640625 0.04140786
0 0.61679687 0.88768115 0.00859375 0.01552795
0 0.40859375 0.88509316 0.0125 0.01035196
0 0.3640625 0.88043478 0.0140625 0.02587991
0 0.4953125 0.86853002 0.0125 0.01242236
0 0.30507812 0.86128364 0.02109375 0.02898550
0 0.3828125 0.85351966 0.015625 0.03002070
0 0.32304687 0.85196687 0.01484375 0.02691511
0 0.46914062 0.84472049 0.01484375 0.01656314
0 0.34414062 0.82971014 0.01171875 0.01552795
0 0.31015625 0.81935817 0.0171875 0.02380952
0 0.61679687 0.81935817 0.00703125 0.03209109
0 0.64023437 0.80175983 0.01015625 0.01138716
0 0.58828125 0.78105590 0.009375 0.01345755
0 0.6546875 0.76656314 0.0078125 0.00931677
0 0.49414062 0.74120082 0.00859375 0.01242236
0 0.5734375 0.74171842 0.0109375 0.01552795
0 0.3734375 0.72619047 0.0265625 0.01138716
0 0.39960937 0.71687370 0.01640625 0.01138716
0 0.42734375 0.71583850 0.0296875 0.02380952
0 0.38203125 0.69720496 0.0171875 0.02380952
0 0.31328125 0.69047619 0.01875 0.01449275
0 0.425 0.68633540 0.0109375 0.01449275
0 0.5609375 0.68685300 0.0171875 0.02380952
0 0.36445312 0.66459627 0.01796875 0.01863354
0 0.61757812 0.64596273 0.01796875 0.01863354
0 0.559375 0.64026915 0.0109375 0.01552795
0 0.40585937 0.62474120 0.01640625 0.01759834
0 0.32890625 0.59523809 0.0109375 0.01656314
0 0.50390625 0.59213250 0.009375 0.01242236
0 0.446875 0.59213250 0.009375 0.01449275
0 0.46523437 0.58747412 0.01328125 0.02173913
0 0.5234375 0.58281573 0.0140625 0.02070393
0 0.31679687 0.57556935 0.01640625 0.01656314
0 0.35742187 0.57815734 0.00859375 0.02380952
0 0.67460937 0.56884057 0.01328125 0.01759834
0 0.484375 0.55952380 0.0140625 0.00931677
0 0.459375 0.55797101 0.0125 0.01449275
0 0.52929687 0.55175983 0.00859375 0.01656314
0 0.321875 0.54296066 0.0171875 0.02380952
0 0.67851562 0.53571428 0.01640625 0.01138716
0 0.55 0.53467908 0.0140625 0.01966873
0 0.5046875 0.52587991 0.0171875 0.02484472
0 0.44023437 0.51552795 0.01171875 0.01449275
0 0.56367187 0.47722567 0.01171875 0.01656314
0 0.29609375 0.46687370 0.0109375 0.01449275
0 0.54765625 0.43892339 0.0140625 0.01449275
0 0.43984375 0.43737060 0.0171875 0.02380952
0 0.428125 0.42443064 0.0125 0.01449275
0 0.6515625 0.42080745 0.015625 0.02380952
0 0.57578125 0.41666666 0.0078125 0.02380952
0 0.3265625 0.40786749 0.009375 0.01656314
0 0.64492187 0.40476190 0.01015625 0.01242236
0 0.61328125 0.39855072 0.009375 0.01035196
0 0.46796875 0.39078674 0.0125 0.01759834
0 0.409375 0.38923395 0.0125 0.01449275
0 0.4953125 0.38198757 0.01875 0.01035196
0 0.36367187 0.35507246 0.01328125 0.01656314
0 0.49882812 0.35455486 0.01171875 0.01759834
0 0.540625 0.34989648 0.01875 0.01863354
0 0.45703125 0.34989648 0.015625 0.02070393
0 0.34921875 0.34523809 0.0140625 0.01759834
0 0.51171875 0.31987577 0.0078125 0.01242236
0 0.3453125 0.31832298 0.009375 0.01759834
0 0.57460937 0.31314699 0.00859375 0.01345755
0 0.53203125 0.31677018 0.0109375 0.02070393
0 0.47265625 0.30590062 0.0265625 0.04244306
0 0.37539062 0.27122153 0.01328125 0.01449275
0 0.4875 0.27795031 0.0140625 0.03002070
0 0.54453125 0.25414078 0.0109375 0.01345755
0 0.63789062 0.22567287 0.01171875 0.01656314
0 0.43476562 0.20445134 0.01328125 0.01552795
0 0.4203125 0.16511387 0.0125 0.01552795
0 0.49140625 0.16045548 0.015625 0.01449275
0 0.63085937 0.14751552 0.01953125 0.02380952
0 0.35820312 0.14389233 0.01015625 0.01656314
0 0.46640625 0.11490683 0.0125 0.01863354
0 0.48710937 0.10662525 0.01015625 0.01449275
0 0.6078125 0.08436853 0.009375 0.01138716
0 0.37890625 0.08436853 0.009375 0.01345755
0 0.62304687 0.08436853 0.00859375 0.01552795
0 0.51328125 0.06262939 0.0171875 0.02380952
0 0.63671875 0.05279503 0.0125 0.01242236
0 0.38085937 0.03571428 0.03046875 0.02380952
0 0.68554687 0.02018633 0.01171875 0.01966873
0 0.69921875 0.00672877 0.00625 0.00931677
0 0.31210937 0.01190476 0.01015625 0.01966873