0 0.58515625 0.99120082 0.0140625 0.01759834
0 0.38203125 0.98602484 0.0125 0.01138716
0 0.39296875 0.95807453 0.015625 0.01345755
0 0.621875 0.95807453 0.0171875 0.02380952
0 0.35195312 0.93788819 0.01171875 0.01863354
0 0.39140625 0.92857142 0.0203125 0.01449275
0 0.63359375 0.91356107 0.0078125 0.01345755
0 0.43671875 0.91252587 0.0109375 0.01138716
0 0.353125 0.91356107 0.0140625 0.01759834
0 0.56210937 0.89026915 0.00859375 0.01449275
0 0.35859375 0.89026915 0.0140625 0.01449275
0 0.44296875 0.89492753 0.01875 0.02795031
0 0.36484375 0.86645962 0.0078125 0.01449275
0 0.32382812 0.86645962 0.01328125 0.01656314
0 0.4734375 0.86231884 0.009375 0.01242236
0 0.64492187 0.84989648 0.01015625 0.01656314
0 0.315625 0.83488612 0.0109375 0.01345755
0 0.38359375 0.82505175 0.009375 0.01449275
0 0.45703125 0.82091097 0.0109375 0.01863354
0 0.6046875 0.81418219 0.0109375 0.01345755
0 0.503125 0.78674948 0.0140625 0.01863354
0 0.56835937 0.77898550 0.01015625 0.01552795
0 0.31210937 0.78053830 0.01484375 0.01863354
0 0.56835937 0.71325051 0.00859375 0.01242236
0 0.50078125 0.71221532 0.009375 0.01242236
0 0.46015625 0.71790890 0.0171875 0.02380952
0 0.5953125 0.71739130 0.0265625 0.02484472
0 0.56523437 0.68840579 0.01015625 0.01449275
0 0.46835937 0.68322981 0.01484375 0.01242236
0 0.39609375 0.68374741 0.03125 0.02380952
0 0.36953125 0.65631469 0.015625 0.01449275
0 0.64179687 0.64751552 0.01015625 0.01552795
0 0.68476562 0.64544513 0.01484375 0.02380952
0 0.58828125 0.64337474 0.0171875 0.02380952
0 0.42773437 0.63768115 0.01171875 0.02070393
0 0.29492187 0.64337474 0.01328125 0.04244306
0 0.65703125 0.62163561 0.009375 0.01138716
0 0.6046875 0.61749482 0.0171875 0.02380952
0 0.3078125 0.60455486 0.0203125 0.01449275
0 0.55039062 0.60300207 0.01328125 0.01759834
0 0.37929687 0.59057971 0.01484375 0.01966873
0 0.49570312 0.58747412 0.00703125 0.01552795
0 0.61953125 0.58488612 0.0125 0.01449275
0 0.41640625 0.57660455 0.0140625 0.01656314
0 0.5984375 0.55590062 0.0125 0.01242236
0 0.3359375 0.54813664 0.009375 0.01345755
0 0.55117187 0.53933747 0.01640625 0.02070393
0 0.35664062 0.53674948 0.02734375 0.01552795
0 0.684375 0.53157349 0.0140625 0.01759834
0 0.59804687 0.52846790 0.01640625 0.02587991
0 0.55742187 0.50517598 0.01015625 0.01449275
0 0.39960937 0.50414078 0.01328125 0.01449275
0 0.640625 0.49327122 0.0125 0.01552795
0 0.31640625 0.49948240 0.0296875 0.05072463
0 0.35742187 0.47153209 0.01953125 0.01552795
0 0.5828125 0.45910973 0.0078125 0.01552795
0 0.3453125 0.43840579 0.0078125 0.01138716
0 0.38007812 0.43840579 0.02109375 0.01345755
0 0.6859375 0.44047619 0.0125 0.02380952
0 0.56953125 0.42701863 0.0125 0.01552795
0 0.61601562 0.42184265 0.00859375 0.01345755
0 0.55585937 0.41977225 0.01171875 0.01552795
0 0.35859375 0.40320910 0.0125 0.01552795
0 0.52851562 0.38975155 0.00859375 0.01345755
0 0.34726562 0.37836438 0.01171875 0.01345755
0 0.43203125 0.37577639 0.009375 0.01242236
0 0.65390625 0.37111801 0.0109375 0.02173913
0 0.36796875 0.35869565 0.0171875 0.02380952
0 0.45351562 0.35507246 0.01328125 0.01863354
0 0.58046875 0.34057971 0.0125 0.01656314
0 0.396875 0.32298136 0.0125 0.01449275
0 0.60195312 0.32091097 0.01015625 0.01449275
0 0.55234375 0.32039337 0.0140625 0.01966873
0 0.53945312 0.32091097 0.00703125 0.02484472
0 0.60742187 0.30020703 0.01015625 0.01449275
0 0.37695312 0.29192546 0.01171875 0.01242236
0 0.446875 0.29037267 0.0125 0.01552795
0 0.4734375 0.27173913 0.0203125 0.01138716
0 0.33828125 0.27380952 0.0140625 0.02173913
0 0.56210937 0.26293995 0.01171875 0.01656314
0 0.52382812 0.24068322 0.01328125 0.01759834
0 0.37148437 0.24016563 0.01796875 0.01863354
0 0.57265625 0.22826086 0.0171875 0.02380952
0 0.6046875 0.19461697 0.009375 0.01656314
0 0.49296875 0.19824016 0.0171875 0.02380952
0 0.546875 0.18374741 0.0109375 0.01966873
0 0.33671875 0.09006211 0.009375 0.01035196
0 0.590625 0.09006211 0.0171875 0.01242236
0 0.49570312 0.07505175 0.01015625 0.01966873
0 0.40546875 0.05693581 0.0078125 0.01035196
0 0.36132812 0.04968944 0.01640625 0.01242236