0 0.39960937 0.96273291 0.01640625 0.00828157
0 0.6046875 0.86697722 0.0140625 0.01552795
0 0.33828125 0.86128364 0.021875 0.02691511
0 0.43671875 0.85351966 0.0125 0.01552795
0 0.40039062 0.82867494 0.01796875 0.02173913
0 0.67148437 0.76501035 0.02109375 0.02277432
0 0.66445312 0.74171842 0.01015625 0.00724637
0 0.35898437 0.64440993 0.01953125 0.02380952
0 0.65351562 0.59523809 0.01953125 0.02484472
0 0.34765625 0.59782608 0.0171875 0.03209109
0 0.50273437 0.57712215 0.01328125 0.01759834
0 0.45898437 0.54761904 0.01796875 0.02277432
0 0.30507812 0.47101449 0.01640625 0.02484472
0 0.42304687 0.33643892 0.01640625 0.02484472
0 0.48242187 0.30797101 0.01015625 0.01759834
0 0.4765625 0.23343685 0.021875 0.02587991
0 0.55742187 0.08022774 0.01796875 0.02587991
0 0.43476562 0.06987577 0.01171875 0.02380952