0 0.51210937 0.86024844 0.02265625 0.02898550
0 0.31953125 0.85144927 0.01875 0.02173913
0 0.66523437 0.81366459 0.01953125 0.02070393
0 0.37539062 0.79192546 0.01640625 0.03933747
0 0.3171875 0.78881987 0.0203125 0.03726708
0 0.58867187 0.69358178 0.01796875 0.02070393
0 0.64726562 0.64648033 0.01640625 0.02380952
0 0.41757812 0.53002070 0.01328125 0.02898550
0 0.38789062 0.53416149 0.02890625 0.04761904
0 0.49804687 0.52225672 0.02265625 0.03002070
0 0.38125 0.39906832 0.0140625 0.02173913
0 0.6046875 0.39958592 0.0203125 0.02691511
0 0.45429687 0.39389233 0.01640625 0.02380952
0 0.53789062 0.34575569 0.01484375 0.02484472
0 0.37578125 0.32349896 0.0171875 0.01966873
0 0.48476562 0.29554865 0.03046875 0.02173913
0 0.58828125 0.24120082 0.0140625 0.02070393
0 0.51484375 0.24171842 0.0109375 0.02380952
0 0.4328125 0.21842650 0.0140625 0.01656314
0 0.53945312 0.18685300 0.01796875 0.02380952
0 0.3703125 0.14337474 0.0125 0.02173913
0 0.34960937 0.11283643 0.01484375 0.01656314
0 0.63515625 0.07919254 0.0203125 0.05279503