0 0.49804687 0.97619047 0.01484375 0.01035196
0 0.69921875 0.96739130 0.0125 0.01345755
0 0.54648437 0.94875776 0.01640625 0.00931677
0 0.4078125 0.94409937 0.0171875 0.03105590
0 0.68164062 0.93374741 0.01015625 0.01242236
0 0.28398437 0.92960662 0.01015625 0.01449275
0 0.57578125 0.92080745 0.0078125 0.00931677
0 0.48359375 0.91925465 0.0078125 0.02070393
0 0.58632812 0.91614906 0.01171875 0.01656314
0 0.46484375 0.91459627 0.0125 0.01552795
0 0.3109375 0.90476190 0.0078125 0.01035196
0 0.50351562 0.89648033 0.00859375 0.01449275
0 0.57734375 0.89389233 0.0109375 0.01552795
0 0.29765625 0.89855072 0.0140625 0.03105590
0 0.61289062 0.88923395 0.01015625 0.01656314
0 0.62890625 0.87732919 0.0125 0.01552795
0 0.66953125 0.87111801 0.0203125 0.01138716
0 0.58203125 0.86387163 0.0109375 0.01759834
0 0.46953125 0.84523809 0.0171875 0.02380952
0 0.65195312 0.83488612 0.01640625 0.02380952
0 0.44960937 0.82919254 0.01015625 0.01656314
0 0.31015625 0.81677018 0.009375 0.01449275
0 0.35117187 0.81832298 0.01171875 0.01966873
0 0.68398437 0.81366459 0.01484375 0.02691511
0 0.646875 0.80383022 0.0109375 0.01138716
0 0.34140625 0.79503105 0.0125 0.01449275
0 0.55703125 0.76656314 0.0171875 0.02380952
0 0.51835937 0.76086956 0.02265625 0.02277432
0 0.68476562 0.74430641 0.01328125 0.01242236
0 0.6203125 0.70910973 0.0109375 0.01449275
0 0.68203125 0.71169772 0.01875 0.02173913
0 0.546875 0.70496894 0.0078125 0.01656314
0 0.43203125 0.69202898 0.015625 0.01966873
0 0.32929687 0.66770186 0.01015625 0.01242236
0 0.47265625 0.66511387 0.0171875 0.02380952
0 0.521875 0.64855072 0.025 0.02795031
0 0.58320312 0.63923395 0.01171875 0.01345755
0 0.38554687 0.62681159 0.00703125 0.01552795
0 0.56601562 0.60559006 0.01015625 0.01449275
0 0.62421875 0.59989648 0.0171875 0.02380952
0 0.6078125 0.57971014 0.0109375 0.01656314
0 0.40507812 0.56366459 0.01328125 0.01759834
0 0.44296875 0.55900621 0.015625 0.01035196
0 0.4921875 0.55175983 0.0109375 0.01449275
0 0.36171875 0.55227743 0.0171875 0.02380952
0 0.47929687 0.53778467 0.01171875 0.01552795
0 0.55585937 0.53364389 0.01484375 0.01138716
0 0.48476562 0.52380952 0.01015625 0.01035196
0 0.30976562 0.52898550 0.01796875 0.02484472
0 0.59453125 0.51190476 0.009375 0.01138716
0 0.53046875 0.50621118 0.021875 0.01242236
0 0.31875 0.50621118 0.0109375 0.01242236
0 0.49101562 0.48913043 0.01640625 0.01552795
0 0.66289062 0.48240165 0.01953125 0.02484472
0 0.34882812 0.46894409 0.00859375 0.01242236
0 0.48945312 0.46635610 0.00859375 0.01138716
0 0.54023437 0.45807453 0.01015625 0.01552795
0 0.30859375 0.46118012 0.015625 0.02173913
0 0.45234375 0.46325051 0.0171875 0.02795031
0 0.5328125 0.43633540 0.0125 0.01345755
0 0.60078125 0.43167701 0.0109375 0.01449275
0 0.29375 0.42287784 0.0109375 0.01138716
0 0.56484375 0.41563146 0.00625 0.00931677
0 0.3875 0.39855072 0.0109375 0.02898550
0 0.48359375 0.38612836 0.009375 0.01242236
0 0.42890625 0.37215320 0.0171875 0.02380952
0 0.334375 0.36904761 0.0171875 0.02380952
0 0.35117187 0.31625258 0.01171875 0.01552795
0 0.5828125 0.31469979 0.0125 0.01449275
0 0.375 0.28881987 0.0109375 0.01449275
0 0.3921875 0.28571428 0.0125 0.01449275
0 0.46054687 0.28830227 0.01328125 0.02173913
0 0.34257812 0.28726708 0.01484375 0.02380952
0 0.47109375 0.27225672 0.01875 0.02691511
0 0.36953125 0.25465838 0.0109375 0.01449275
0 0.52773437 0.23654244 0.00859375 0.02380952
0 0.47304687 0.17080745 0.01015625 0.02484472
0 0.525 0.14544513 0.0078125 0.01138716
0 0.44609375 0.13819875 0.0078125 0.01552795
0 0.4046875 0.13354037 0.0140625 0.01242236
0 0.64960937 0.12474120 0.01015625 0.01759834
0 0.56210937 0.12267080 0.01171875 0.01552795
0 0.46601562 0.11283643 0.01171875 0.01656314
0 0.6375 0.10869565 0.0140625 0.01242236
0 0.52421875 0.09213250 0.0171875 0.01449275
0 0.36015625 0.08540372 0.015625 0.02173913
0 0.57734375 0.08126293 0.0109375 0.01552795
0 0.39335937 0.07246376 0.01328125 0.01656314
0 0.35976562 0.06159420 0.01796875 0.01345755
0 0.61953125 0.06004140 0.009375 0.01242236