0 0.38164062 0.99482401 0.00859375 0.01035196
0 0.57539062 0.99068322 0.01328125 0.01449275
0 0.48671875 0.98861283 0.0171875 0.02277432
0 0.34101562 0.90476190 0.01328125 0.01656314
0 0.403125 0.89337474 0.0203125 0.01035196
0 0.50390625 0.87836438 0.0234375 0.02587991
0 0.59960937 0.87215320 0.01484375 0.01759834
0 0.57070312 0.86697722 0.01484375 0.01759834
0 0.5125 0.85196687 0.009375 0.01035196
0 0.6796875 0.84937888 0.0171875 0.02380952
0 0.31523437 0.84368530 0.01640625 0.02898550
0 0.37226562 0.83436853 0.00859375 0.01242236
0 0.66679687 0.82246376 0.01171875 0.01138716
0 0.33671875 0.80331262 0.0140625 0.01656314
0 0.29179687 0.80175983 0.00703125 0.01345755
0 0.54570312 0.79451345 0.01015625 0.01345755
0 0.39257812 0.77639751 0.01640625 0.01863354
0 0.665625 0.77691511 0.0171875 0.02380952
0 0.62578125 0.75051759 0.0109375 0.01242236
0 0.50625 0.74378881 0.0109375 0.01552795
0 0.38671875 0.73291925 0.0109375 0.01035196
0 0.41289062 0.73084886 0.01171875 0.01449275
0 0.36289062 0.72826086 0.01015625 0.02173913
0 0.5171875 0.71687370 0.0171875 0.02380952
0 0.30195312 0.71273291 0.01640625 0.01759834
0 0.390625 0.69875776 0.0109375 0.01242236
0 0.57539062 0.69254658 0.01484375 0.01449275
0 0.47304687 0.66200828 0.01484375 0.01345755
0 0.390625 0.65786749 0.0125 0.01345755
0 0.37539062 0.65320910 0.01171875 0.01656314
0 0.67109375 0.64389233 0.0125 0.01656314
0 0.55859375 0.64078674 0.0109375 0.01035196
0 0.58671875 0.63043478 0.0078125 0.01449275
0 0.43632812 0.63250517 0.01484375 0.02277432
0 0.61640625 0.62888198 0.015625 0.01966873
0 0.56875 0.62318840 0.0078125 0.03105590
0 0.66015625 0.61542443 0.0171875 0.02380952
0 0.6421875 0.59472049 0.0109375 0.01966873
0 0.596875 0.57608695 0.0078125 0.00931677
0 0.4921875 0.57349896 0.0125 0.02277432
0 0.56445312 0.55590062 0.01015625 0.01242236
0 0.41796875 0.55383022 0.0125 0.01449275
0 0.3234375 0.53623188 0.0265625 0.03312629
0 0.4390625 0.52950310 0.0171875 0.02380952
0 0.45585937 0.51811594 0.00703125 0.02173913
0 0.54648437 0.51242236 0.00859375 0.01242236
0 0.5171875 0.51449275 0.015625 0.01863354
0 0.55507812 0.49896480 0.01015625 0.02484472
0 0.65390625 0.49275362 0.0078125 0.01449275
0 0.48789062 0.48757763 0.01171875 0.01449275
0 0.40390625 0.48964803 0.0109375 0.01863354
0 0.671875 0.48861283 0.0125 0.02691511
0 0.38828125 0.48706004 0.0171875 0.02380952
0 0.59960937 0.46635610 0.01484375 0.01138716
0 0.36328125 0.46997929 0.0421875 0.04761904
0 0.3765625 0.44875776 0.01875 0.01552795
0 0.4265625 0.42546583 0.015625 0.01656314
0 0.54648437 0.38612836 0.01015625 0.01242236
0 0.45898437 0.37991718 0.01640625 0.02484472
0 0.53789062 0.35921325 0.01015625 0.01449275
0 0.43046875 0.33799171 0.021875 0.01552795
0 0.34023437 0.34161490 0.00703125 0.02484472
0 0.60234375 0.33074534 0.0109375 0.01345755
0 0.37265625 0.29140786 0.01875 0.01138716
0 0.35234375 0.27639751 0.0109375 0.01242236
0 0.41445312 0.28157349 0.00859375 0.03105590
0 0.6203125 0.27173913 0.0171875 0.02380952
0 0.50078125 0.25879917 0.0125 0.02277432
0 0.36015625 0.24585921 0.009375 0.01759834
0 0.63125 0.23343685 0.0171875 0.02380952
0 0.50976562 0.22619047 0.00859375 0.01345755
0 0.34023437 0.20393374 0.01171875 0.01035196
0 0.48320312 0.19668737 0.01328125 0.02484472
0 0.61835937 0.16977225 0.01484375 0.01656314
0 0.49179687 0.16563146 0.01171875 0.01449275
0 0.43867187 0.14699792 0.01015625 0.01242236
0 0.36210937 0.13923395 0.01015625 0.01345755
0 0.340625 0.11438923 0.0171875 0.02380952
0 0.43515625 0.07660455 0.0140625 0.01863354
0 0.58828125 0.06935817 0.009375 0.01242236
0 0.47539062 0.06780538 0.01015625 0.01345755
0 0.57773437 0.06262939 0.00859375 0.01138716
0 0.503125 0.05020703 0.009375 0.01138716
0 0.571875 0.04503105 0.0125 0.01966873
0 0.4921875 0.03157349 0.01875 0.01345755
0 0.66875 0.02950310 0.009375 0.01759834
0 0.39335937 0.03105590 0.00703125 0.02277432
0 0.43515625 0.03053830 0.0171875 0.02380952
0 0.36484375 0.00569358 0.0078125 0.01138716