0 0.58476562 0.99637681 0.01328125 0.00724637
0 0.69726562 0.96325051 0.01171875 0.01345755
0 0.48125 0.95910973 0.0109375 0.01345755
0 0.35546875 0.96428571 0.0171875 0.02380952
0 0.38320312 0.90890269 0.01484375 0.01449275
0 0.49023437 0.90269151 0.01171875 0.01242236
0 0.63710937 0.89855072 0.01171875 0.01449275
0 0.6328125 0.88250517 0.0078125 0.01345755
0 0.575 0.87939958 0.021875 0.01138716
0 0.4046875 0.88664596 0.021875 0.04037267
0 0.478125 0.84989648 0.0125 0.01035196
0 0.52929687 0.84472049 0.01015625 0.02691511
0 0.31796875 0.84368530 0.0125 0.03519668
0 0.36171875 0.83488612 0.0171875 0.02380952
0 0.46796875 0.82505175 0.0140625 0.01449275
0 0.31054687 0.82194616 0.01015625 0.01863354
0 0.42382812 0.82608695 0.01484375 0.02898550
0 0.36132812 0.79917184 0.00859375 0.01449275
0 0.48945312 0.79761904 0.00859375 0.01759834
0 0.51953125 0.79192546 0.015625 0.01863354
0 0.453125 0.78881987 0.0125 0.01863354
0 0.59296875 0.77898550 0.01875 0.01759834
0 0.55546875 0.77122153 0.0109375 0.01449275
0 0.29453125 0.74741200 0.0125 0.01863354
0 0.45 0.74585921 0.0171875 0.02380952
0 0.51640625 0.73913043 0.0109375 0.02484472
0 0.55742187 0.73188405 0.01796875 0.01242236
0 0.6828125 0.72877846 0.0140625 0.01449275
0 0.659375 0.71894409 0.0140625 0.01759834
0 0.59296875 0.69358178 0.0140625 0.01863354
0 0.67421875 0.68995859 0.0265625 0.02380952
0 0.3625 0.66770186 0.0109375 0.01656314
0 0.55078125 0.65165631 0.0171875 0.01138716
0 0.47617187 0.63146997 0.01484375 0.01035196
0 0.39257812 0.62215320 0.01015625 0.01656314
0 0.37382812 0.62267080 0.01328125 0.01966873
0 0.35742187 0.61180124 0.01953125 0.02070393
0 0.4546875 0.56832298 0.0140625 0.01656314
0 0.5109375 0.57091097 0.0171875 0.02380952
0 0.365625 0.56055900 0.021875 0.01345755
0 0.43007812 0.54813664 0.01015625 0.01345755
0 0.59335937 0.54037267 0.01171875 0.01449275
0 0.65429687 0.52380952 0.01328125 0.01656314
0 0.33046875 0.51501035 0.0171875 0.02380952
0 0.5890625 0.51397515 0.028125 0.02380952
0 0.48125 0.49741200 0.0078125 0.01345755
0 0.60976562 0.49792960 0.01015625 0.01656314
0 0.44921875 0.49948240 0.0171875 0.02380952
0 0.58671875 0.48447204 0.0140625 0.01656314
0 0.55546875 0.48447204 0.0140625 0.01863354
0 0.52148437 0.47774327 0.01484375 0.01966873
0 0.47578125 0.46532091 0.0140625 0.01345755
0 0.57851562 0.46428571 0.01171875 0.01552795
0 0.33398437 0.45341614 0.02421875 0.03105590
0 0.51640625 0.41614906 0.0140625 0.02277432
0 0.65351562 0.39544513 0.01328125 0.01656314
0 0.6265625 0.39751552 0.0140625 0.02070393
0 0.48007812 0.39337474 0.01640625 0.01656314
0 0.5109375 0.36076604 0.0109375 0.01345755
0 0.353125 0.36180124 0.0109375 0.01759834
0 0.60351562 0.35248447 0.01328125 0.01552795
0 0.47851562 0.31987577 0.00859375 0.01863354
0 0.64414062 0.31107660 0.01171875 0.02795031
0 0.54257812 0.30072463 0.01640625 0.01138716
0 0.3765625 0.28467908 0.009375 0.01242236
0 0.44882812 0.26345755 0.01015625 0.00931677
0 0.60390625 0.25828157 0.0109375 0.01345755
0 0.47421875 0.25517598 0.0203125 0.03209109
0 0.49609375 0.24171842 0.0109375 0.01345755
0 0.5859375 0.24120082 0.0109375 0.01656314
0 0.39726562 0.22360248 0.00703125 0.00828157
0 0.49140625 0.21376811 0.0109375 0.01552795
0 0.35273437 0.20496894 0.02421875 0.01449275
0 0.5265625 0.20910973 0.0125 0.02484472
0 0.45507812 0.19720496 0.01640625 0.02380952
0 0.4 0.17805383 0.0109375 0.01035196
0 0.3609375 0.17650103 0.0125 0.01552795
0 0.52617187 0.15476190 0.01953125 0.02380952
0 0.5265625 0.11438923 0.0171875 0.02380952
0 0.46640625 0.11335403 0.0171875 0.02380952
0 0.35703125 0.09368530 0.0140625 0.02380952
0 0.4890625 0.08436853 0.0078125 0.02380952
0 0.396875 0.07298136 0.015625 0.01966873
0 0.53085937 0.06262939 0.01640625 0.01759834
0 0.4484375 0.02380952 0.0140625 0.01449275