0 0.60820312 0.98447204 0.01484375 0.01035196
0 0.46679687 0.93581780 0.01796875 0.01656314
0 0.68242187 0.92287784 0.01328125 0.01138716
0 0.5734375 0.92391304 0.009375 0.01345755
0 0.5578125 0.91563146 0.009375 0.01345755
0 0.43789062 0.91511387 0.01328125 0.01449275
0 0.6 0.89078674 0.0109375 0.01345755
0 0.575 0.89596273 0.0171875 0.02380952
0 0.3765625 0.88664596 0.0171875 0.02380952
0 0.56914062 0.86853002 0.00859375 0.01656314
0 0.39257812 0.85973084 0.01171875 0.01552795
0 0.33398437 0.82091097 0.01015625 0.01449275
0 0.575 0.82246376 0.0171875 0.02380952
0 0.64453125 0.82660455 0.0203125 0.03416149
0 0.5421875 0.80797101 0.0109375 0.02173913
0 0.3421875 0.79451345 0.0171875 0.02380952
0 0.43867187 0.78985507 0.01640625 0.02070393
0 0.3734375 0.78674948 0.021875 0.01656314
0 0.5890625 0.77846790 0.0109375 0.01242236
0 0.61484375 0.76604554 0.0109375 0.01242236
0 0.32539062 0.76501035 0.00859375 0.02277432
0 0.4390625 0.75207039 0.0109375 0.01138716
0 0.62070312 0.74792960 0.01328125 0.01759834
0 0.4984375 0.75103519 0.0171875 0.02380952
0 0.54960937 0.74896480 0.01640625 0.02380952
0 0.63632812 0.73706004 0.00859375 0.01449275
0 0.496875 0.72153209 0.0109375 0.01449275
0 0.47734375 0.72153209 0.0125 0.01656314
0 0.54609375 0.71894409 0.009375 0.01552795
0 0.36210937 0.72101449 0.00859375 0.02173913
0 0.66835937 0.68374741 0.01328125 0.01759834
0 0.63320312 0.67857142 0.01328125 0.01345755
0 0.46132812 0.67960662 0.01328125 0.01759834
0 0.43359375 0.67805383 0.0140625 0.01656314
0 0.38828125 0.67184265 0.0109375 0.01449275
0 0.33164062 0.63664596 0.01328125 0.01449275
0 0.45507812 0.60817805 0.01171875 0.02587991
0 0.52382812 0.59937888 0.01953125 0.02277432
0 0.315625 0.59265010 0.01875 0.02587991
0 0.44335937 0.58074534 0.01171875 0.01656314
0 0.403125 0.57660455 0.0109375 0.01449275
0 0.63671875 0.57349896 0.0125 0.01863354
0 0.46796875 0.56262939 0.0109375 0.01345755
0 0.42460937 0.55279503 0.00859375 0.01242236
0 0.3875 0.54917184 0.0171875 0.02380952
0 0.64335937 0.53830227 0.01171875 0.00828157
0 0.34882812 0.54140786 0.01015625 0.01449275
0 0.33359375 0.51708074 0.009375 0.01138716
0 0.57421875 0.50362318 0.0125 0.01966873
0 0.3640625 0.49068322 0.021875 0.01656314
0 0.3421875 0.49223602 0.0125 0.01966873
0 0.41289062 0.47619047 0.01015625 0.01449275
0 0.52226562 0.47049689 0.01015625 0.01759834
0 0.6390625 0.46635610 0.0109375 0.01552795
0 0.3984375 0.46635610 0.0140625 0.01759834
0 0.68476562 0.45703933 0.01484375 0.02380952
0 0.32421875 0.43322981 0.009375 0.01759834
0 0.45429687 0.42236024 0.00859375 0.01242236
0 0.67226562 0.41614906 0.01484375 0.01863354
0 0.41132812 0.41304347 0.01953125 0.02070393
0 0.48398437 0.40579710 0.01484375 0.01863354
0 0.60976562 0.38354037 0.01015625 0.01345755
0 0.47421875 0.38250517 0.009375 0.01138716
0 0.40898437 0.38250517 0.01171875 0.01552795
0 0.38359375 0.35196687 0.015625 0.01242236
0 0.58085937 0.35507246 0.01484375 0.02070393
0 0.55664062 0.34575569 0.01484375 0.01449275
0 0.48984375 0.33643892 0.0109375 0.01035196
0 0.3578125 0.33488612 0.0125 0.01552795
0 0.46992187 0.33022774 0.01171875 0.01656314
0 0.50546875 0.31004140 0.0171875 0.02380952
0 0.45507812 0.29813664 0.01484375 0.01656314
0 0.41796875 0.29244306 0.0109375 0.01345755
0 0.57734375 0.29037267 0.0109375 0.01552795
0 0.48476562 0.28416149 0.01796875 0.01966873
0 0.60742187 0.28053830 0.01171875 0.01656314
0 0.53242187 0.25776397 0.01171875 0.01449275
0 0.40703125 0.26086956 0.015625 0.03519668
0 0.44921875 0.24689440 0.01875 0.02795031
0 0.58554687 0.23602484 0.01328125 0.01863354
0 0.45507812 0.22360248 0.01328125 0.01656314
0 0.50742187 0.20289855 0.01796875 0.01035196
0 0.47109375 0.19772256 0.0109375 0.01035196
0 0.37421875 0.19409937 0.0171875 0.02380952
0 0.634375 0.19772256 0.0234375 0.03726708
0 0.465625 0.18219461 0.0140625 0.01863354
0 0.58945312 0.17546583 0.01640625 0.01345755
0 0.45195312 0.14233954 0.01171875 0.01966873
0 0.38203125 0.12111801 0.0140625 0.01656314
0 0.4078125 0.10817805 0.009375 0.01138716
0 0.39453125 0.06314699 0.015625 0.02070393