0 0.303125 0.93633540 0.0109375 0.00931677
0 0.67851562 0.88975155 0.01953125 0.02380952
0 0.60117187 0.85869565 0.01953125 0.01138716
0 0.46523437 0.81055900 0.01796875 0.02484472
0 0.6703125 0.72256728 0.0140625 0.01863354
0 0.64375 0.65786749 0.0125 0.03209109
0 0.48828125 0.56211180 0.015625 0.02484472
0 0.40273437 0.42598343 0.01015625 0.01966873
0 0.62382812 0.42546583 0.01484375 0.02484472
0 0.56445312 0.41200828 0.01328125 0.02277432
0 0.6375 0.38250517 0.0125 0.01552795
0 0.62148437 0.32039337 0.01015625 0.01138716
0 0.42226562 0.31262939 0.01640625 0.01863354
0 0.553125 0.28571428 0.015625 0.01449275
0 0.4328125 0.25828157 0.021875 0.02795031
0 0.5015625 0.22877846 0.00625 0.02898550
0 0.57695312 0.17908902 0.01015625 0.01863354
0 0.57226562 0.11594202 0.01484375 0.02070393
0 0.34375 0.10403726 0.0125 0.00724637
0 0.37148437 0.08540372 0.03828125 0.03002070
0 0.40429687 0.07091097 0.01484375 0.02380952