0 0.46601562 0.86335403 0.01640625 0.03105590
0 0.64101562 0.80020703 0.01953125 0.02898550
0 0.37929687 0.74275362 0.01796875 0.01552795
0 0.3171875 0.74637681 0.0203125 0.02484472
0 0.56953125 0.73291925 0.0171875 0.02277432
0 0.4578125 0.74171842 0.015625 0.04037267
0 0.55859375 0.69047619 0.0140625 0.01449275
0 0.62851562 0.65165631 0.01328125 0.02173913
0 0.58359375 0.59213250 0.0203125 0.02484472
0 0.3078125 0.47360248 0.01875 0.04451345
0 0.59648437 0.45755693 0.01171875 0.02691511
0 0.52773437 0.28519668 0.01640625 0.01552795
0 0.59179687 0.28623188 0.01640625 0.02587991
0 0.50742187 0.15269151 0.01953125 0.01966873