0 0.6203125 0.76449275 0.021875 0.03830227
0 0.35898437 0.73395445 0.01484375 0.01449275
0 0.42617187 0.74223602 0.01640625 0.03933747
0 0.64492187 0.69358178 0.01640625 0.02070393
0 0.66367187 0.59886128 0.01640625 0.02173913
0 0.61210937 0.60300207 0.01953125 0.03002070
0 0.58125 0.59834368 0.025 0.03726708
0 0.58554687 0.54399585 0.03984375 0.02380952
0 0.525 0.50517598 0.015625 0.01656314
0 0.44101562 0.48240165 0.01171875 0.02484472
0 0.40625 0.45755693 0.0171875 0.02484472
0 0.33007812 0.48861283 0.06328125 0.14699792
0 0.40585937 0.42598343 0.01796875 0.02587991
0 0.5734375 0.42236024 0.0203125 0.02277432
0 0.43476562 0.39078674 0.01640625 0.01759834
0 0.38046875 0.38095238 0.0171875 0.02070393
0 0.48476562 0.33799171 0.03046875 0.02173913
0 0.42265625 0.29554865 0.0296875 0.02173913
0 0.50820312 0.28571428 0.01640625 0.01656314
0 0.62421875 0.28726708 0.021875 0.02795031
0 0.48554687 0.25569358 0.07734375 0.02070393
0 0.4390625 0.22360248 0.028125 0.02691511
0 0.43554687 0.15890269 0.02109375 0.02173913