0 0.38789062 0.98550724 0.02578125 0.02898550
0 0.69804687 0.96842650 0.01484375 0.01552795
0 0.44101562 0.95496894 0.01171875 0.01138716
0 0.33984375 0.94979296 0.0234375 0.02173913
0 0.64414062 0.94151138 0.01328125 0.01345755
0 0.57851562 0.91873706 0.00859375 0.01552795
0 0.37421875 0.91614906 0.0140625 0.01449275
0 0.50703125 0.90527950 0.0125 0.01552795
0 0.33984375 0.89906832 0.009375 0.01552795
0 0.41523437 0.89285714 0.03515625 0.02380952
0 0.3546875 0.86749482 0.015625 0.02070393
0 0.409375 0.84834368 0.0140625 0.02587991
0 0.44375 0.83954451 0.0125 0.01656314
0 0.3203125 0.83592132 0.0109375 0.01345755
0 0.55 0.83385093 0.0171875 0.02380952
0 0.38046875 0.82246376 0.0171875 0.02380952
0 0.57617187 0.80538302 0.01796875 0.02277432
0 0.61757812 0.80331262 0.00703125 0.02070393
0 0.66445312 0.79089026 0.01171875 0.01449275
0 0.50195312 0.79089026 0.02734375 0.03519668
0 0.39414062 0.77536231 0.01015625 0.01656314
0 0.56835937 0.76863354 0.01640625 0.01138716
0 0.67148437 0.75362318 0.02578125 0.02691511
0 0.61289062 0.72981366 0.01328125 0.01035196
0 0.29765625 0.72204968 0.0171875 0.02380952
0 0.45 0.68995859 0.009375 0.01345755
0 0.646875 0.66666666 0.01875 0.02484472
0 0.49804687 0.65838509 0.01484375 0.01656314
0 0.6796875 0.64906832 0.0109375 0.01449275
0 0.58515625 0.64648033 0.009375 0.01138716
0 0.66328125 0.61231884 0.0109375 0.01345755
0 0.48398437 0.61490683 0.00859375 0.02070393
0 0.54960937 0.60093167 0.01484375 0.03002070
0 0.42890625 0.57919254 0.01875 0.02587991
0 0.33671875 0.56469979 0.0171875 0.02380952
0 0.52617187 0.56262939 0.01328125 0.03002070
0 0.68632812 0.55279503 0.01015625 0.01449275
0 0.384375 0.55279503 0.0125 0.01449275
0 0.42304687 0.55072463 0.01015625 0.01449275
0 0.56328125 0.54761904 0.0140625 0.01656314
0 0.30546875 0.54761904 0.0078125 0.01656314
0 0.37226562 0.53209109 0.02265625 0.01035196
0 0.57148437 0.53053830 0.01015625 0.01552795
0 0.29882812 0.52795031 0.01328125 0.01656314
0 0.30390625 0.50983436 0.00625 0.01138716
0 0.66757812 0.49741200 0.01171875 0.01345755
0 0.5515625 0.49534161 0.0171875 0.01138716
0 0.40234375 0.48188405 0.0125 0.01552795
0 0.36875 0.47153209 0.0140625 0.02380952
0 0.6875 0.43374741 0.009375 0.01656314
0 0.42890625 0.41511387 0.0109375 0.01449275
0 0.37929687 0.40113871 0.01171875 0.01138716
0 0.46171875 0.40476190 0.01875 0.02484472
0 0.58476562 0.39699792 0.01171875 0.01966873
0 0.31992187 0.37888198 0.01953125 0.02070393
0 0.65234375 0.37008281 0.0140625 0.00931677
0 0.42539062 0.37836438 0.01796875 0.02795031
0 0.56640625 0.37474120 0.0125 0.02691511
0 0.39257812 0.36128364 0.00859375 0.01449275
0 0.55703125 0.35248447 0.009375 0.01552795
0 0.62695312 0.34937888 0.01015625 0.01552795
0 0.49140625 0.34834368 0.0171875 0.02380952
0 0.35234375 0.33799171 0.0125 0.01759834
0 0.375 0.32867494 0.0109375 0.01552795
0 0.50742187 0.31832298 0.00859375 0.01345755
0 0.371875 0.30952380 0.0140625 0.01656314
0 0.63085937 0.27329192 0.00859375 0.01449275
0 0.48046875 0.27587991 0.0171875 0.02380952
0 0.59296875 0.27225672 0.01875 0.02691511
0 0.40898437 0.26811594 0.03203125 0.02484472
0 0.46992187 0.25569358 0.01484375 0.01449275
0 0.4609375 0.24171842 0.0109375 0.01552795
0 0.503125 0.19151138 0.009375 0.01656314
0 0.64296875 0.18478260 0.0234375 0.03002070
0 0.6390625 0.15527950 0.0125 0.01656314
0 0.35703125 0.14285714 0.0109375 0.02484472
0 0.33789062 0.12215320 0.01328125 0.01656314
0 0.5515625 0.11594202 0.0140625 0.01863354
0 0.41210937 0.10455486 0.01171875 0.01449275
0 0.38125 0.09730848 0.0234375 0.01863354
0 0.45585937 0.07763975 0.02421875 0.02070393
0 0.37265625 0.06055900 0.0171875 0.01759834
0 0.35195312 0.01086956 0.00859375 0.02173913