0 0.57929687 0.99430641 0.00703125 0.01138716
0 0.540625 0.95548654 0.01875 0.01863354
0 0.53867187 0.80072463 0.01953125 0.02795031
0 0.34414062 0.78985507 0.01015625 0.01656314
0 0.29492187 0.78985507 0.01328125 0.01863354
0 0.35546875 0.76449275 0.015625 0.01966873
0 0.3734375 0.71739130 0.009375 0.01449275
0 0.41445312 0.68737060 0.01484375 0.01449275
0 0.4890625 0.64130434 0.0125 0.01759834
0 0.59257812 0.60300207 0.01640625 0.02795031
0 0.38789062 0.51604554 0.01796875 0.00724637
0 0.49179687 0.49223602 0.01640625 0.02173913
0 0.57929687 0.47774327 0.01171875 0.01759834
0 0.45546875 0.44202898 0.0140625 0.02070393
0 0.57734375 0.41925465 0.0234375 0.02277432
0 0.57070312 0.39906832 0.01171875 0.01138716
0 0.46132812 0.33333333 0.02265625 0.01449275
0 0.478125 0.09316770 0.0171875 0.01656314