0 0.62773437 0.88612836 0.01640625 0.02070393
0 0.45820312 0.82298136 0.01640625 0.03933747
0 0.3765625 0.76966873 0.0140625 0.01552795
0 0.3171875 0.77070393 0.0140625 0.01759834
0 0.33359375 0.78571428 0.015625 0.04968944
0 0.6203125 0.76449275 0.021875 0.03830227
0 0.39140625 0.73964803 0.01875 0.02173913
0 0.58359375 0.59213250 0.0203125 0.02484472
0 0.65351562 0.56366459 0.03046875 0.02173913
0 0.43164062 0.43840579 0.01796875 0.01966873
0 0.40585937 0.40683229 0.01796875 0.01656314
0 0.61445312 0.40942028 0.02890625 0.03830227
0 0.38046875 0.38095238 0.0171875 0.02070393
0 0.39492187 0.32349896 0.01640625 0.01552795
0 0.5390625 0.32091097 0.0171875 0.03105590
0 0.59765625 0.23964803 0.0203125 0.02795031
0 0.56796875 0.22101449 0.015625 0.02173913
0 0.4140625 0.13043478 0.034375 0.05383022
0 0.38203125 0.07919254 0.0140625 0.05072463
0 0.63203125 0.06314699 0.0125 0.02070393