0 0.559375 0.96583850 0.0140625 0.01863354
0 0.42304687 0.96221532 0.02109375 0.01345755
0 0.29765625 0.95186335 0.0171875 0.02380952
0 0.37148437 0.94306418 0.01953125 0.02484472
0 0.53945312 0.93271221 0.01015625 0.01242236
0 0.47148437 0.92960662 0.01484375 0.01035196
0 0.43203125 0.92701863 0.0109375 0.01966873
0 0.48945312 0.92598343 0.01796875 0.02380952
0 0.44726562 0.90269151 0.01328125 0.01035196
0 0.51015625 0.90113871 0.0078125 0.01759834
0 0.55898437 0.88716356 0.01015625 0.01656314
0 0.49609375 0.88509316 0.0171875 0.03312629
0 0.37070312 0.87784679 0.01328125 0.03105590
0 0.31914062 0.87318840 0.01015625 0.02173913
0 0.57617187 0.87008281 0.02421875 0.01759834
0 0.40820312 0.86594202 0.01328125 0.01552795
0 0.42421875 0.85300207 0.0296875 0.01449275
0 0.60039062 0.84057971 0.01640625 0.01449275
0 0.5390625 0.82660455 0.0125 0.01552795
0 0.4484375 0.83074534 0.0140625 0.02380952
0 0.52617187 0.82194616 0.01171875 0.01656314
0 0.35742187 0.82660455 0.00859375 0.02587991
0 0.54140625 0.80952380 0.015625 0.01656314
0 0.6734375 0.79761904 0.0171875 0.02380952
0 0.6265625 0.79244306 0.0171875 0.02380952
0 0.471875 0.76397515 0.0140625 0.01242236
0 0.38828125 0.76345755 0.015625 0.01759834
0 0.34453125 0.73550724 0.009375 0.01552795
0 0.40585937 0.72877846 0.01015625 0.01242236
0 0.51953125 0.70600414 0.0125 0.01449275
0 0.35351562 0.69927536 0.01171875 0.01345755
0 0.61328125 0.69668737 0.015625 0.01035196
0 0.30703125 0.65631469 0.0078125 0.01449275
0 0.3484375 0.64078674 0.025 0.02484472
0 0.66679687 0.62784679 0.01171875 0.01552795
0 0.67265625 0.60248447 0.0125 0.01449275
0 0.45 0.59575569 0.009375 0.01759834
0 0.68554687 0.57401656 0.01328125 0.01966873
0 0.46523437 0.56728778 0.01171875 0.01863354
0 0.37890625 0.56262939 0.015625 0.02795031
0 0.3046875 0.55175983 0.0109375 0.01035196
0 0.53164062 0.55175983 0.01171875 0.01656314
0 0.634375 0.54296066 0.0078125 0.01759834
0 0.40351562 0.52795031 0.01640625 0.02070393
0 0.41992187 0.51966873 0.02265625 0.01035196
0 0.4921875 0.52536231 0.0171875 0.02380952
0 0.52773437 0.52173913 0.01640625 0.02070393
0 0.35703125 0.48602484 0.028125 0.01552795
0 0.665625 0.48343685 0.0109375 0.01656314
0 0.59257812 0.47670807 0.00859375 0.01552795
0 0.55195312 0.47929606 0.01796875 0.02277432
0 0.50664062 0.46997929 0.00859375 0.01242236
0 0.30390625 0.44824016 0.009375 0.01449275
0 0.46640625 0.44099378 0.0109375 0.01656314
0 0.42539062 0.43685300 0.01015625 0.01242236
0 0.3828125 0.42857142 0.009375 0.01449275
0 0.33085937 0.41873706 0.01015625 0.01345755
0 0.44179687 0.42080745 0.01015625 0.02587991
0 0.62109375 0.40113871 0.0140625 0.02173913
0 0.40898437 0.39440993 0.01015625 0.01449275
0 0.45039062 0.39182194 0.01015625 0.01345755
0 0.3109375 0.39182194 0.0171875 0.02380952
0 0.50546875 0.38250517 0.0171875 0.02380952
0 0.45429687 0.36853002 0.01328125 0.01449275
0 0.39570312 0.36024844 0.01640625 0.01656314
0 0.53710937 0.34213250 0.01484375 0.01138716
0 0.59140625 0.34316770 0.0296875 0.02173913
0 0.56328125 0.31573498 0.0109375 0.01656314
0 0.60390625 0.30331262 0.0109375 0.01449275
0 0.41484375 0.29813664 0.0140625 0.01656314
0 0.62382812 0.28105590 0.01484375 0.01966873
0 0.4140625 0.26449275 0.0140625 0.01759834
0 0.5390625 0.25931677 0.0125 0.01966873
0 0.44570312 0.26604554 0.01796875 0.03519668
0 0.4890625 0.24741200 0.01875 0.03105590
0 0.5265625 0.22204968 0.0171875 0.02380952
0 0.48242187 0.21118012 0.01328125 0.01863354
0 0.50351562 0.20082815 0.00859375 0.01449275
0 0.45859375 0.20186335 0.0140625 0.01863354
0 0.5046875 0.17701863 0.015625 0.01863354
0 0.6078125 0.15890269 0.009375 0.01345755
0 0.57421875 0.13043478 0.0109375 0.01449275
0 0.51953125 0.12681159 0.0140625 0.01759834
0 0.43242187 0.08799171 0.01796875 0.01449275
0 0.34765625 0.08747412 0.0171875 0.02380952
0 0.63789062 0.07453416 0.01171875 0.01449275
0 0.38046875 0.07815734 0.0171875 0.02380952
0 0.5453125 0.06159420 0.0171875 0.02380952
0 0.59023437 0.05693581 0.01328125 0.02898550