0 0.48476562 0.98861283 0.00859375 0.01035196
0 0.62460937 0.98964803 0.01171875 0.02070393
0 0.34375 0.96532091 0.0078125 0.02173913
0 0.4625 0.94151138 0.0109375 0.01138716
0 0.47929687 0.93478260 0.01015625 0.01863354
0 0.51914062 0.89440993 0.00859375 0.01656314
0 0.54414062 0.89337474 0.01796875 0.02070393
0 0.30234375 0.87836438 0.0171875 0.02380952
0 0.63554687 0.87060041 0.01171875 0.01242236
0 0.46484375 0.86749482 0.0109375 0.02070393
0 0.59492187 0.83954451 0.01015625 0.01656314
0 0.653125 0.83229813 0.015625 0.03105590
0 0.31289062 0.81469979 0.01171875 0.01449275
0 0.47773437 0.80848861 0.01328125 0.01449275
0 0.3640625 0.79244306 0.0265625 0.02380952
0 0.52226562 0.78933747 0.01484375 0.01966873
0 0.44882812 0.79140786 0.01171875 0.03209109
0 0.4203125 0.78209109 0.0171875 0.02380952
0 0.48242187 0.77018633 0.01640625 0.01242236
0 0.45390625 0.74482401 0.0140625 0.01759834
0 0.3546875 0.71480331 0.0234375 0.02173913
0 0.55 0.70289855 0.009375 0.01035196
0 0.56757812 0.70238095 0.01015625 0.01552795
0 0.33476562 0.68737060 0.01640625 0.01863354
0 0.5703125 0.68115942 0.01875 0.02277432
0 0.60273437 0.67287784 0.01328125 0.01035196
0 0.43671875 0.67339544 0.0078125 0.02173913
0 0.37617187 0.63146997 0.01328125 0.01035196
0 0.59375 0.63354037 0.009375 0.02277432
0 0.64296875 0.62784679 0.0125 0.01759834
0 0.49921875 0.61387163 0.0109375 0.01035196
0 0.325 0.59627329 0.0109375 0.01449275
0 0.665625 0.57763975 0.0109375 0.01863354
0 0.35664062 0.58281573 0.02734375 0.04347826
0 0.49296875 0.56832298 0.009375 0.02691511
0 0.32265625 0.56055900 0.0171875 0.02380952
0 0.46523437 0.54451345 0.01484375 0.01656314
0 0.53789062 0.53623188 0.01328125 0.02070393
0 0.48671875 0.53364389 0.0109375 0.01759834
0 0.37578125 0.52329192 0.0125 0.01552795
0 0.4484375 0.51811594 0.015625 0.01138716
0 0.67773437 0.51604554 0.01484375 0.01759834
0 0.45507812 0.50155279 0.01640625 0.01759834
0 0.5765625 0.49534161 0.009375 0.00931677
0 0.38710937 0.49327122 0.01484375 0.01552795
0 0.41484375 0.48136645 0.009375 0.01242236
0 0.33085937 0.46066252 0.00859375 0.01035196
0 0.45820312 0.45859213 0.01015625 0.01242236
0 0.56679687 0.45186335 0.01484375 0.01345755
0 0.409375 0.45082815 0.009375 0.01552795
0 0.30390625 0.45186335 0.0171875 0.02380952
0 0.58554687 0.44565217 0.01015625 0.01345755
0 0.65585937 0.44409937 0.01015625 0.01449275
0 0.43164062 0.43892339 0.00859375 0.02070393
0 0.54726562 0.43478260 0.01484375 0.02277432
0 0.65585937 0.42443064 0.01015625 0.01449275
0 0.42851562 0.41770186 0.01171875 0.01345755
0 0.45390625 0.41356107 0.009375 0.01552795
0 0.38007812 0.40269151 0.00859375 0.01242236
0 0.41015625 0.40320910 0.0203125 0.03209109
0 0.48046875 0.38561076 0.0078125 0.01138716
0 0.44453125 0.37629399 0.0171875 0.02380952
0 0.35703125 0.36076604 0.0171875 0.02380952
0 0.396875 0.35351966 0.0171875 0.02380952
0 0.62734375 0.34834368 0.009375 0.01552795
0 0.42929687 0.33022774 0.01484375 0.01449275
0 0.39492187 0.32919254 0.01171875 0.01656314
0 0.33632812 0.32712215 0.01171875 0.01449275
0 0.47851562 0.31780538 0.01015625 0.01242236
0 0.49492187 0.29503105 0.01640625 0.01863354
0 0.49375 0.27795031 0.009375 0.01345755
0 0.6421875 0.27122153 0.021875 0.01656314
0 0.39765625 0.26138716 0.01875 0.01759834
0 0.5765625 0.26035196 0.015625 0.01759834
0 0.62265625 0.22101449 0.0109375 0.01345755
0 0.38007812 0.22204968 0.01328125 0.02173913
0 0.58789062 0.21480331 0.00859375 0.01552795
0 0.46289062 0.20548654 0.01171875 0.01345755
0 0.51757812 0.18322981 0.01015625 0.01656314
0 0.35195312 0.18271221 0.00859375 0.01552795
0 0.64570312 0.16200828 0.01171875 0.01345755
0 0.50585937 0.13561076 0.00859375 0.02277432
0 0.44960937 0.13146997 0.01171875 0.01863354
0 0.52929687 0.12163561 0.01328125 0.01345755
0 0.43359375 0.11853002 0.0171875 0.02380952
0 0.5421875 0.07142857 0.0140625 0.01035196
0 0.47421875 0.05279503 0.0109375 0.01242236
0 0.4703125 0.03260869 0.009375 0.01138716
0 0.36171875 0.03157349 0.0125 0.01552795
0 0.51367187 0.02587991 0.02890625 0.02484472