0 0.51367187 0.99016563 0.01328125 0.01966873
0 0.53359375 0.97929606 0.0171875 0.01035196
0 0.35039062 0.97308488 0.01796875 0.02070393
0 0.41210937 0.96325051 0.01796875 0.01552795
0 0.48398437 0.89648033 0.01171875 0.01449275
0 0.34140625 0.86542443 0.009375 0.01242236
0 0.39648437 0.86180124 0.01484375 0.01759834
0 0.39960937 0.84265010 0.01640625 0.01863354
0 0.46367187 0.82712215 0.01015625 0.02898550
0 0.42148437 0.81832298 0.01015625 0.01138716
0 0.58125 0.81521739 0.009375 0.01138716
0 0.41132812 0.81211180 0.01796875 0.01966873
0 0.33828125 0.81418219 0.0171875 0.02380952
0 0.62460937 0.79347826 0.01171875 0.01138716
0 0.63789062 0.78209109 0.01328125 0.01552795
0 0.51289062 0.76086956 0.01015625 0.01656314
0 0.6046875 0.75776397 0.0171875 0.02070393
0 0.5609375 0.76190476 0.021875 0.02898550
0 0.36445312 0.73395445 0.01015625 0.01242236
0 0.55625 0.71687370 0.0078125 0.01552795
0 0.58164062 0.69461697 0.00859375 0.01035196
0 0.41523437 0.68478260 0.01953125 0.01345755
0 0.30195312 0.68219461 0.01171875 0.01449275
0 0.46171875 0.67598343 0.0109375 0.01242236
0 0.59101562 0.67701863 0.01328125 0.01656314
0 0.42578125 0.65269151 0.0109375 0.01552795
0 0.66289062 0.64389233 0.01171875 0.01656314
0 0.47929687 0.63716356 0.01484375 0.01138716
0 0.31640625 0.62267080 0.0140625 0.01552795
0 0.35429687 0.62163561 0.01328125 0.01552795
0 0.5203125 0.60144927 0.0109375 0.01449275
0 0.65820312 0.58850931 0.01484375 0.01138716
0 0.328125 0.58695652 0.0140625 0.01656314
0 0.40039062 0.58333333 0.01015625 0.01345755
0 0.66601562 0.57660455 0.01640625 0.01449275
0 0.47460937 0.57142857 0.01015625 0.01656314
0 0.31328125 0.57608695 0.0140625 0.02587991
0 0.38164062 0.57142857 0.02109375 0.02070393
0 0.42617187 0.55590062 0.01484375 0.01656314
0 0.45742187 0.55952380 0.01171875 0.03209109
0 0.63359375 0.53157349 0.0078125 0.01966873
0 0.47421875 0.53364389 0.0171875 0.02587991
0 0.5015625 0.51345755 0.009375 0.01242236
0 0.60625 0.50569358 0.0171875 0.02380952
0 0.34570312 0.48861283 0.01015625 0.01863354
0 0.49921875 0.49016563 0.0171875 0.02380952
0 0.37460937 0.47153209 0.02109375 0.01138716
0 0.57421875 0.46635610 0.0140625 0.02587991
0 0.60820312 0.45548654 0.01328125 0.01035196
0 0.45429687 0.44513457 0.00859375 0.01242236
0 0.38359375 0.44099378 0.009375 0.01863354
0 0.6640625 0.43374741 0.0234375 0.01863354
0 0.4953125 0.42908902 0.0171875 0.02380952
0 0.465625 0.40320910 0.0125 0.01138716
0 0.5765625 0.40734989 0.0171875 0.02380952
0 0.35859375 0.39492753 0.0140625 0.01138716
0 0.45078125 0.39233954 0.0125 0.01656314
0 0.56953125 0.38612836 0.0140625 0.01242236
0 0.38515625 0.38509316 0.009375 0.01035196
0 0.38164062 0.35507246 0.01171875 0.01449275
0 0.58984375 0.35817805 0.015625 0.02691511
0 0.47421875 0.35093167 0.0125 0.01863354
0 0.37109375 0.33850931 0.009375 0.01242236
0 0.6359375 0.32712215 0.0078125 0.01242236
0 0.5234375 0.32763975 0.01875 0.03209109
0 0.50742187 0.31625258 0.01171875 0.01345755
0 0.58085937 0.28778467 0.01484375 0.01035196
0 0.40117187 0.28881987 0.01015625 0.01449275
0 0.3359375 0.27380952 0.0125 0.01552795
0 0.64570312 0.24482401 0.01171875 0.01345755
0 0.44804687 0.22774327 0.01171875 0.01449275
0 0.61015625 0.22515527 0.0140625 0.02173913
0 0.52929687 0.22567287 0.01328125 0.02484472
0 0.43320312 0.20910973 0.01484375 0.02691511
0 0.56132812 0.18737060 0.01328125 0.01656314
0 0.58671875 0.18737060 0.009375 0.03312629
0 0.40898437 0.15734989 0.01640625 0.01242236
0 0.51601562 0.15786749 0.01171875 0.01759834
0 0.4296875 0.15527950 0.0109375 0.02484472
0 0.61953125 0.14492753 0.015625 0.01242236
0 0.3375 0.13664596 0.0109375 0.01449275
0 0.44179687 0.12732919 0.01328125 0.01242236
0 0.54609375 0.12732919 0.0171875 0.01656314
0 0.421875 0.11749482 0.009375 0.01552795
0 0.46953125 0.10610766 0.009375 0.01345755
0 0.58710937 0.07919254 0.01328125 0.01759834
0 0.55664062 0.07298136 0.01015625 0.01759834
0 0.64609375 0.07194616 0.0171875 0.02380952
0 0.61835937 0.06521739 0.01328125 0.01449275
0 0.51640625 0.06262939 0.0171875 0.02380952
0 0.490625 0.05486542 0.0140625 0.01863354
0 0.61640625 0.03674948 0.0171875 0.02380952