0 0.33632812 0.99637681 0.00859375 0.00724637
0 0.403125 0.99223602 0.015625 0.01552795
0 0.55703125 0.98809523 0.0171875 0.02380952
0 0.65625 0.98136645 0.0171875 0.01863354
0 0.66875 0.96739130 0.0171875 0.02380952
0 0.3796875 0.95496894 0.0109375 0.02380952
0 0.4703125 0.94358178 0.0171875 0.00931677
0 0.64804687 0.90631469 0.02109375 0.03209109
0 0.54804687 0.87939958 0.01015625 0.01138716
0 0.503125 0.87215320 0.0109375 0.01345755
0 0.66757812 0.86853002 0.01015625 0.01449275
0 0.33515625 0.85248447 0.0078125 0.01138716
0 0.3859375 0.85041407 0.0171875 0.02380952
0 0.58164062 0.84472049 0.01328125 0.01863354
0 0.45898437 0.84265010 0.01171875 0.01863354
0 0.49335937 0.83178053 0.01015625 0.01552795
0 0.3421875 0.83074534 0.0171875 0.01966873
0 0.65898437 0.82712215 0.01171875 0.01656314
0 0.63554687 0.82401656 0.00859375 0.02070393
0 0.62109375 0.82349896 0.0171875 0.02380952
0 0.29804687 0.81780538 0.01015625 0.01449275
0 0.55273437 0.80538302 0.01796875 0.01449275
0 0.44882812 0.80952380 0.01328125 0.02484472
0 0.40703125 0.79761904 0.0125 0.01759834
0 0.51171875 0.78157349 0.0203125 0.01863354
0 0.65898437 0.77070393 0.00859375 0.01552795
0 0.54179687 0.76604554 0.01328125 0.01449275
0 0.590625 0.75983436 0.0140625 0.01242236
0 0.39453125 0.75931677 0.009375 0.01345755
0 0.60742187 0.72981366 0.01953125 0.03726708
0 0.58242187 0.71480331 0.01015625 0.02380952
0 0.31132812 0.70755693 0.01171875 0.01552795
0 0.36835937 0.71221532 0.01171875 0.03312629
0 0.51875 0.70134575 0.0140625 0.01345755
0 0.3328125 0.70186335 0.0109375 0.01656314
0 0.64179687 0.69979296 0.01953125 0.01863354
0 0.396875 0.69151138 0.0125 0.01656314
0 0.584375 0.68944099 0.009375 0.01449275
0 0.41289062 0.69254658 0.00859375 0.02070393
0 0.35898437 0.67339544 0.01640625 0.01345755
0 0.65742187 0.66666666 0.00859375 0.02277432
0 0.51796875 0.66097308 0.0171875 0.02380952
0 0.3234375 0.65217391 0.0140625 0.02070393
0 0.54882812 0.63095238 0.01328125 0.01759834
0 0.56757812 0.62318840 0.01328125 0.02070393
0 0.67148437 0.61697722 0.01015625 0.01242236
0 0.64453125 0.61594202 0.0125 0.01656314
0 0.32148437 0.60559006 0.01328125 0.02277432
0 0.44492187 0.60196687 0.01484375 0.01759834
0 0.63789062 0.55797101 0.01015625 0.01449275
0 0.35898437 0.54347826 0.01953125 0.02484472
0 0.44414062 0.52950310 0.01328125 0.01966873
0 0.36953125 0.49223602 0.009375 0.01345755
0 0.68203125 0.49120082 0.009375 0.03002070
0 0.43671875 0.48602484 0.0109375 0.01966873
0 0.6484375 0.48188405 0.0171875 0.03002070
0 0.49296875 0.44875776 0.0171875 0.02380952
0 0.65273437 0.44306418 0.00859375 0.01656314
0 0.30234375 0.43633540 0.0109375 0.01138716
0 0.62109375 0.41563146 0.009375 0.01345755
0 0.66914062 0.41252587 0.01328125 0.01138716
0 0.30898437 0.41459627 0.00859375 0.01552795
0 0.59960937 0.40890269 0.01328125 0.01656314
0 0.39296875 0.40372670 0.0125 0.01863354
0 0.67617187 0.38819875 0.01171875 0.01449275
0 0.3625 0.38302277 0.01875 0.01035196
0 0.37773437 0.38405797 0.01015625 0.01656314
0 0.44453125 0.37629399 0.0171875 0.02380952
0 0.54765625 0.36438923 0.0125 0.01242236
0 0.55820312 0.33799171 0.01015625 0.01759834
0 0.5265625 0.33126293 0.015625 0.01449275
0 0.39335937 0.32919254 0.01171875 0.01449275
0 0.61367187 0.32349896 0.00859375 0.01345755
0 0.3390625 0.31004140 0.0265625 0.03002070
0 0.59570312 0.29917184 0.01171875 0.01449275
0 0.4921875 0.27950310 0.009375 0.01242236
0 0.43476562 0.27950310 0.01171875 0.02691511
0 0.36484375 0.25465838 0.0140625 0.01863354
0 0.49453125 0.24792960 0.0109375 0.01138716
0 0.44960937 0.22877846 0.00859375 0.01035196
0 0.50390625 0.21894409 0.0171875 0.02380952
0 0.55742187 0.18892339 0.00859375 0.01759834
0 0.42617187 0.17132505 0.01484375 0.01552795
0 0.640625 0.15269151 0.0109375 0.01345755
0 0.58320312 0.15165631 0.01171875 0.01345755
0 0.43125 0.15372670 0.0078125 0.01759834
0 0.39023437 0.12577639 0.01953125 0.01552795
0 0.353125 0.10869565 0.009375 0.01242236
0 0.38085937 0.08229813 0.00859375 0.01552795
0 0.53554687 0.07867494 0.01328125 0.01656314
0 0.453125 0.05383022 0.0125 0.01449275
0 0.42734375 0.05227743 0.0171875 0.02380952
0 0.4484375 0.00621118 0.015625 0.01242236