0 0.40625 0.88975155 0.0203125 0.01552795
0 0.45820312 0.89130434 0.02109375 0.02484472
0 0.34023437 0.77122153 0.02265625 0.02070393
0 0.62773437 0.76449275 0.03671875 0.03830227
0 0.64492187 0.69358178 0.01640625 0.02070393
0 0.64726562 0.64648033 0.01640625 0.02380952
0 0.66367187 0.59886128 0.01640625 0.02173913
0 0.59453125 0.52691511 0.021875 0.01863354
0 0.5609375 0.53674948 0.021875 0.03830227
0 0.51171875 0.53312629 0.05 0.05797101
0 0.31757812 0.51501035 0.01640625 0.02173913
0 0.31953125 0.47929606 0.0140625 0.02484472
0 0.59296875 0.47515527 0.0234375 0.02277432
0 0.58710937 0.43892339 0.03671875 0.02691511
0 0.540625 0.39130434 0.021875 0.01449275
0 0.63359375 0.35093167 0.01875 0.01863354
0 0.49375 0.32815734 0.0140625 0.02070393
0 0.5390625 0.31625258 0.0171875 0.02173913
0 0.49375 0.28519668 0.0125 0.01552795
0 0.60507812 0.23188405 0.01640625 0.02484472
0 0.57304687 0.12474120 0.01171875 0.02173913
0 0.346875 0.11231884 0.0203125 0.02587991
0 0.63945312 0.06935817 0.01171875 0.01863354