0 0.60234375 0.97981366 0.0109375 0.01759834
0 0.40039062 0.97670807 0.01015625 0.01552795
0 0.37851562 0.97567287 0.01328125 0.01345755
0 0.31484375 0.93840579 0.0265625 0.02173913
0 0.41835937 0.93737060 0.01796875 0.02587991
0 0.528125 0.93271221 0.0109375 0.02070393
0 0.33164062 0.90165631 0.01953125 0.01449275
0 0.4359375 0.87629399 0.0171875 0.02380952
0 0.42265625 0.86024844 0.0125 0.01242236
0 0.37421875 0.86128364 0.009375 0.01449275
0 0.5890625 0.86335403 0.0125 0.02691511
0 0.36328125 0.83592132 0.009375 0.01138716
0 0.38515625 0.84161490 0.01875 0.02484472
0 0.45429687 0.82349896 0.00859375 0.01345755
0 0.3375 0.82505175 0.009375 0.01656314
0 0.465625 0.81935817 0.0125 0.01759834
0 0.52890625 0.81004140 0.0140625 0.01759834
0 0.3109375 0.79865424 0.01875 0.01552795
0 0.68515625 0.78467908 0.0125 0.01449275
0 0.46210937 0.76397515 0.01796875 0.01242236
0 0.51640625 0.75931677 0.0140625 0.01345755
0 0.6 0.76035196 0.0171875 0.02380952
0 0.52773437 0.73602484 0.01328125 0.01656314
0 0.58398437 0.73343685 0.01015625 0.01552795
0 0.50585937 0.71480331 0.01015625 0.01552795
0 0.65390625 0.71480331 0.0140625 0.01759834
0 0.58476562 0.70341614 0.02421875 0.01966873
0 0.62421875 0.68788819 0.0078125 0.01345755
0 0.3984375 0.68478260 0.0109375 0.01345755
0 0.29453125 0.68219461 0.0125 0.01035196
0 0.46914062 0.69875776 0.03203125 0.05383022
0 0.39140625 0.66459627 0.0078125 0.01449275
0 0.60117187 0.65838509 0.01484375 0.01863354
0 0.63789062 0.66252587 0.01953125 0.02898550
0 0.66953125 0.63819875 0.0140625 0.01966873
0 0.37578125 0.61956521 0.0078125 0.01138716
0 0.55703125 0.60248447 0.009375 0.01656314
0 0.59375 0.60041407 0.0109375 0.02277432
0 0.48476562 0.59472049 0.01484375 0.01138716
0 0.57929687 0.59472049 0.01015625 0.01345755
0 0.33203125 0.59265010 0.0140625 0.01759834
0 0.42304687 0.58695652 0.01328125 0.01656314
0 0.43984375 0.56780538 0.0078125 0.01552795
0 0.62460937 0.55797101 0.01015625 0.02277432
0 0.49609375 0.54347826 0.0125 0.01656314
0 0.47109375 0.53985507 0.0109375 0.01759834
0 0.41875 0.53726708 0.009375 0.01242236
0 0.36835937 0.53519668 0.01328125 0.01863354
0 0.34921875 0.52536231 0.015625 0.02380952
0 0.4390625 0.50569358 0.0140625 0.01966873
0 0.38125 0.50051759 0.0109375 0.01345755
0 0.57539062 0.48447204 0.01640625 0.01656314
0 0.47226562 0.45703933 0.02109375 0.04244306
0 0.4546875 0.43219461 0.0078125 0.01138716
0 0.44023437 0.42028985 0.01328125 0.01656314
0 0.6234375 0.41511387 0.009375 0.01242236
0 0.30664062 0.41356107 0.01015625 0.01552795
0 0.38789062 0.39958592 0.01484375 0.01656314
0 0.325 0.39699792 0.009375 0.01138716
0 0.64023437 0.39958592 0.01171875 0.01863354
0 0.31210937 0.38405797 0.01015625 0.01242236
0 0.459375 0.37318840 0.0125 0.01138716
0 0.36757812 0.37267080 0.01015625 0.01656314
0 0.62304687 0.35921325 0.01171875 0.01656314
0 0.3984375 0.35610766 0.009375 0.01242236
0 0.59609375 0.35144927 0.0171875 0.02380952
0 0.51523437 0.33799171 0.01328125 0.01759834
0 0.58125 0.30072463 0.0171875 0.02380952
0 0.60664062 0.28674948 0.01328125 0.01656314
0 0.3890625 0.27277432 0.0171875 0.02380952
0 0.55117187 0.24430641 0.01171875 0.01449275
0 0.42617187 0.24482401 0.01171875 0.01552795
0 0.51914062 0.23861283 0.01015625 0.01552795
0 0.36132812 0.22204968 0.01015625 0.01759834
0 0.5453125 0.21169772 0.0078125 0.01345755
0 0.6140625 0.20548654 0.009375 0.01552795
0 0.33398437 0.19668737 0.01015625 0.01449275
0 0.45546875 0.17546583 0.009375 0.01552795
0 0.41171875 0.16097308 0.0171875 0.02380952
0 0.56875 0.12577639 0.0171875 0.02380952
0 0.53828125 0.10817805 0.0171875 0.02380952
0 0.35859375 0.10248447 0.009375 0.02070393
0 0.4375 0.09316770 0.0140625 0.01449275
0 0.4109375 0.09006211 0.0109375 0.01449275
0 0.6328125 0.08333333 0.0078125 0.01345755
0 0.34453125 0.07142857 0.009375 0.01242236
0 0.59648437 0.06780538 0.01328125 0.01552795
0 0.53515625 0.06780538 0.0171875 0.02380952
0 0.69375 0.03881987 0.0171875 0.01759834
0 0.596875 0.02950310 0.0375 0.03830227