0 0.45 0.94616977 0.025 0.02070393
0 0.41875 0.87422360 0.01875 0.02587991
0 0.39492187 0.85559006 0.02265625 0.03002070
0 0.37890625 0.78416149 0.0140625 0.01759834
0 0.590625 0.74482401 0.00625 0.01552795
0 0.37617187 0.66304347 0.01328125 0.01966873
0 0.49453125 0.54917184 0.015625 0.01552795
0 0.57070312 0.54296066 0.00703125 0.01552795
0 0.50898437 0.48498964 0.02265625 0.03416149
0 0.36367187 0.45652173 0.01640625 0.02070393
0 0.56054687 0.26086956 0.02421875 0.02898550
0 0.3765625 0.15683229 0.015625 0.00931677
0 0.478125 0.15631469 0.015625 0.01449275