0 0.59804687 0.94409937 0.01171875 0.01035196
0 0.57890625 0.92494824 0.009375 0.02173913
0 0.33515625 0.91356107 0.0078125 0.02795031
0 0.61445312 0.88975155 0.00859375 0.02380952
0 0.41328125 0.86594202 0.0140625 0.01759834
0 0.503125 0.86594202 0.0171875 0.02380952
0 0.29414062 0.85869565 0.01171875 0.02380952
0 0.5609375 0.85351966 0.0125 0.01552795
0 0.38007812 0.84886128 0.01015625 0.01449275
0 0.5453125 0.85921325 0.0203125 0.03726708
0 0.37304687 0.82712215 0.01171875 0.01449275
0 0.4875 0.81262939 0.0125 0.02070393
0 0.3640625 0.80900621 0.0125 0.01345755
0 0.53632812 0.81314699 0.01015625 0.02380952
0 0.63515625 0.80590062 0.009375 0.01345755
0 0.44804687 0.79606625 0.01328125 0.01449275
0 0.4765625 0.78260869 0.0109375 0.01449275
0 0.3546875 0.76501035 0.0203125 0.02484472
0 0.55 0.75724637 0.0078125 0.01138716
0 0.47617187 0.75569358 0.00859375 0.02070393
0 0.40898437 0.73602484 0.01328125 0.01863354
0 0.4671875 0.73084886 0.0109375 0.01656314
0 0.5 0.72981366 0.0125 0.01656314
0 0.57109375 0.71946169 0.025 0.01449275
0 0.6734375 0.70807453 0.0125 0.01656314
0 0.64882812 0.69409937 0.01015625 0.01759834
0 0.55039062 0.69513457 0.01328125 0.02587991
0 0.45507812 0.68271221 0.01171875 0.01759834
0 0.50976562 0.66718426 0.00859375 0.01138716
0 0.62421875 0.65838509 0.0171875 0.02277432
0 0.66367187 0.64182194 0.01171875 0.01035196
0 0.5859375 0.63043478 0.0109375 0.02484472
0 0.55898437 0.60455486 0.01953125 0.01035196
0 0.63789062 0.59782608 0.01640625 0.01345755
0 0.31601562 0.58643892 0.01484375 0.01138716
0 0.66523437 0.57919254 0.00859375 0.02173913
0 0.6875 0.57401656 0.009375 0.01345755
0 0.4703125 0.57349896 0.0109375 0.01449275
0 0.44765625 0.57298136 0.0171875 0.02380952
0 0.53203125 0.56625258 0.0109375 0.01449275
0 0.32460937 0.55538302 0.01953125 0.02173913
0 0.63671875 0.54968944 0.0109375 0.01449275
0 0.57851562 0.54554865 0.01171875 0.01449275
0 0.2921875 0.52225672 0.0171875 0.02380952
0 0.52382812 0.51656314 0.01015625 0.01449275
0 0.40039062 0.50517598 0.01015625 0.01449275
0 0.4125 0.49741200 0.0109375 0.01759834
0 0.65546875 0.49223602 0.0171875 0.02380952
0 0.53046875 0.48809523 0.0140625 0.02173913
0 0.63828125 0.46428571 0.0109375 0.01345755
0 0.42695312 0.45755693 0.02265625 0.04347826
0 0.44882812 0.42753623 0.02109375 0.01863354
0 0.44179687 0.39285714 0.01171875 0.02173913
0 0.3203125 0.38302277 0.025 0.01863354
0 0.53125 0.36697722 0.0171875 0.02380952
0 0.64335937 0.35714285 0.01015625 0.01656314
0 0.38828125 0.35455486 0.0109375 0.01345755
0 0.41210937 0.33281573 0.01015625 0.01345755
0 0.521875 0.32712215 0.0109375 0.01656314
0 0.59453125 0.32298136 0.0078125 0.03105590
0 0.61796875 0.27122153 0.01875 0.01035196
0 0.56523437 0.26811594 0.02734375 0.01656314
0 0.49453125 0.26397515 0.021875 0.02277432
0 0.3890625 0.24327122 0.009375 0.01035196
0 0.33632812 0.23654244 0.01171875 0.01552795
0 0.4109375 0.20393374 0.0140625 0.01242236
0 0.62304687 0.19979296 0.01328125 0.01863354
0 0.42421875 0.19772256 0.0109375 0.01449275
0 0.4578125 0.19358178 0.009375 0.02898550
0 0.6359375 0.19565217 0.0125 0.03519668
0 0.44257812 0.17598343 0.02109375 0.02691511
0 0.5140625 0.16614906 0.009375 0.01138716
0 0.38984375 0.16977225 0.0171875 0.02484472
0 0.54335937 0.16511387 0.01015625 0.02795031
0 0.60742187 0.15217391 0.00859375 0.01242236
0 0.36914062 0.13975155 0.01015625 0.02070393
0 0.35546875 0.13405797 0.0140625 0.01759834
0 0.42460937 0.12939958 0.02421875 0.01449275
0 0.36914062 0.09989648 0.01171875 0.01966873
0 0.34179687 0.09523809 0.01171875 0.01242236
0 0.41523437 0.09265010 0.01640625 0.01138716
0 0.57070312 0.08540372 0.01328125 0.01552795
0 0.60546875 0.08281573 0.0171875 0.01863354
0 0.6234375 0.07712215 0.009375 0.01138716
0 0.6125 0.05641821 0.0125 0.01759834
0 0.52304687 0.03571428 0.00703125 0.01966873
0 0.47226562 0.02225672 0.02265625 0.01138716
0 0.33046875 0.02432712 0.0125 0.01966873
0 0.34570312 0.01759834 0.01015625 0.01242236