0 0.4640625 0.83022774 0.0203125 0.03519668
0 0.33046875 0.79968944 0.0140625 0.02173913
0 0.63984375 0.66097308 0.0203125 0.02587991
0 0.315625 0.62215320 0.01875 0.01863354
0 0.38554687 0.51759834 0.01953125 0.02691511
0 0.4171875 0.50465838 0.00625 0.01966873
0 0.57539062 0.48291925 0.01484375 0.02380952
0 0.584375 0.40993788 0.0171875 0.02898550
0 0.32148437 0.40165631 0.01640625 0.02484472
0 0.37070312 0.27846790 0.02265625 0.01656314
0 0.50390625 0.21997929 0.015625 0.02173913
0 0.4421875 0.21583850 0.0125 0.01552795
0 0.37695312 0.13612836 0.01015625 0.01966873
0 0.67539062 0.00621118 0.01171875 0.01242236