0 0.28554687 0.98033126 0.01328125 0.02070393
0 0.50195312 0.90838509 0.02109375 0.02795031
0 0.31679687 0.85973084 0.01015625 0.00931677
0 0.44414062 0.85921325 0.01328125 0.01863354
0 0.50703125 0.83488612 0.0125 0.01345755
0 0.65039062 0.80693581 0.02265625 0.01966873
0 0.64101562 0.78985507 0.00546875 0.00828157
0 0.36445312 0.77277432 0.00703125 0.01552795
0 0.34609375 0.77587991 0.0171875 0.02795031
0 0.64140625 0.73964803 0.0125 0.01966873
0 0.42851562 0.73654244 0.01328125 0.01966873
0 0.44765625 0.70910973 0.015625 0.02277432
0 0.37539062 0.65476190 0.02265625 0.02795031
0 0.60195312 0.59627329 0.01484375 0.01656314
0 0.553125 0.48809523 0.0171875 0.02587991
0 0.34101562 0.47256728 0.01484375 0.02795031
0 0.62929687 0.44099378 0.01484375 0.01863354
0 0.3921875 0.40838509 0.0265625 0.02795031
0 0.60820312 0.38923395 0.01953125 0.01242236
0 0.325 0.37681159 0.0203125 0.02277432
0 0.5421875 0.35144927 0.0140625 0.02587991
0 0.33398437 0.30952380 0.01640625 0.02070393
0 0.45429687 0.28105590 0.01953125 0.01966873
0 0.48710937 0.25776397 0.01796875 0.01863354
0 0.615625 0.23550724 0.0109375 0.01552795
0 0.39726562 0.17391304 0.02109375 0.02277432
0 0.55546875 0.14078674 0.0125 0.01863354
0 0.58828125 0.14337474 0.0234375 0.03209109
0 0.3515625 0.08436853 0.0265625 0.04244306