0 0.53046875 0.97826086 0.015625 0.01863354
0 0.43828125 0.97670807 0.0171875 0.02380952
0 0.3859375 0.96946169 0.015625 0.00931677
0 0.3515625 0.94358178 0.0171875 0.02380952
0 0.53789062 0.89492753 0.00859375 0.01138716
0 0.546875 0.87732919 0.015625 0.02587991
0 0.63320312 0.87060041 0.01015625 0.02484472
0 0.496875 0.86697722 0.0125 0.01759834
0 0.671875 0.86128364 0.0125 0.01449275
0 0.52578125 0.86801242 0.009375 0.02795031
0 0.43671875 0.85973084 0.0171875 0.02380952
0 0.3921875 0.83281573 0.0125 0.01759834
0 0.51171875 0.82453416 0.0140625 0.01552795
0 0.35976562 0.82246376 0.02109375 0.02587991
0 0.6328125 0.81469979 0.021875 0.02070393
0 0.42421875 0.80900621 0.009375 0.01345755
0 0.68476562 0.77536231 0.01328125 0.01863354
0 0.47109375 0.77587991 0.0171875 0.02380952
0 0.40390625 0.76656314 0.0171875 0.02380952
0 0.30390625 0.74844720 0.03125 0.01863354
0 0.35898437 0.73913043 0.01484375 0.01863354
0 0.54609375 0.73550724 0.009375 0.01552795
0 0.67265625 0.72515527 0.0125 0.01759834
0 0.3015625 0.70859213 0.0109375 0.01966873
0 0.5859375 0.70652173 0.025 0.03002070
0 0.5859375 0.67494824 0.0140625 0.01449275
0 0.67539062 0.67184265 0.01015625 0.01656314
0 0.64375 0.65631469 0.009375 0.01656314
0 0.6828125 0.65320910 0.0171875 0.01449275
0 0.46757812 0.65165631 0.01328125 0.01759834
0 0.315625 0.64855072 0.0125 0.02587991
0 0.64414062 0.62629399 0.00703125 0.02070393
0 0.66796875 0.61283643 0.0171875 0.01863354
0 0.63867187 0.60610766 0.01484375 0.01552795
0 0.41953125 0.59265010 0.0109375 0.01345755
0 0.49335937 0.57246376 0.02109375 0.02070393
0 0.43203125 0.56677018 0.009375 0.02173913
0 0.62617187 0.55227743 0.01015625 0.01759834
0 0.421875 0.54710144 0.009375 0.01345755
0 0.5234375 0.54347826 0.0109375 0.01656314
0 0.37617187 0.53726708 0.00859375 0.01449275
0 0.64257812 0.52536231 0.01171875 0.01552795
0 0.40351562 0.51138716 0.01796875 0.01656314
0 0.40898437 0.49275362 0.01171875 0.01242236
0 0.38945312 0.49171842 0.01171875 0.01449275
0 0.48554687 0.49016563 0.01171875 0.01552795
0 0.29804687 0.49275362 0.01953125 0.02484472
0 0.55898437 0.48757763 0.02109375 0.01656314
0 0.58515625 0.47774327 0.0125 0.01552795
0 0.41054687 0.47722567 0.01171875 0.01449275
0 0.63320312 0.47722567 0.01328125 0.01656314
0 0.4640625 0.46635610 0.0140625 0.01552795
0 0.40976562 0.44979296 0.01015625 0.01759834
0 0.67773437 0.44254658 0.02109375 0.01138716
0 0.45039062 0.44875776 0.01015625 0.02587991
0 0.48476562 0.42546583 0.01171875 0.02484472
0 0.45585937 0.42236024 0.02109375 0.02484472
0 0.3921875 0.41200828 0.0140625 0.01449275
0 0.4125 0.39958592 0.009375 0.01242236
0 0.51445312 0.39906832 0.01015625 0.02173913
0 0.65195312 0.39078674 0.00859375 0.01345755
0 0.59140625 0.38664596 0.015625 0.01138716
0 0.4984375 0.38871635 0.0125 0.01552795
0 0.64101562 0.37939958 0.01015625 0.01138716
0 0.52265625 0.37163561 0.0109375 0.01449275
0 0.6421875 0.35610766 0.0109375 0.01656314
0 0.58242187 0.33074534 0.01015625 0.01138716
0 0.50625 0.33178053 0.0234375 0.03830227
0 0.35429687 0.31884057 0.01015625 0.01656314
0 0.64414062 0.31211180 0.01171875 0.01345755
0 0.48476562 0.29296066 0.00859375 0.01449275
0 0.38125 0.28105590 0.0125 0.01345755
0 0.44140625 0.26138716 0.0109375 0.01552795
0 0.47226562 0.25724637 0.01015625 0.01345755
0 0.40742187 0.25362318 0.01640625 0.02277432
0 0.44804687 0.22463768 0.01015625 0.01242236
0 0.49335937 0.21842650 0.02421875 0.01656314
0 0.51484375 0.21325051 0.0125 0.01656314
0 0.5546875 0.20393374 0.0109375 0.01449275
0 0.52304687 0.18426501 0.01328125 0.01449275
0 0.57109375 0.18581780 0.0171875 0.02380952
0 0.33476562 0.18322981 0.00859375 0.02898550
0 0.61835937 0.16770186 0.02734375 0.02070393
0 0.36992187 0.16200828 0.01328125 0.01138716
0 0.49960937 0.12629399 0.01640625 0.01242236
0 0.4203125 0.10766045 0.0125 0.01863354
0 0.44414062 0.09575569 0.01171875 0.00931677
0 0.646875 0.09265010 0.0125 0.01552795
0 0.3578125 0.06211180 0.0140625 0.01863354
0 0.49804687 0.05383022 0.01328125 0.01035196
0 0.54648437 0.04192546 0.01171875 0.02173913
0 0.51835937 0.00569358 0.01328125 0.01138716