0 0.63710937 0.89285714 0.01953125 0.02587991
0 0.5 0.89026915 0.0515625 0.02484472
0 0.3171875 0.87784679 0.0140625 0.02070393
0 0.46601562 0.86749482 0.01640625 0.02277432
0 0.47578125 0.81884057 0.0171875 0.02070393
0 0.33867187 0.78726708 0.01953125 0.02173913
0 0.35585937 0.75776397 0.02265625 0.02070393
0 0.6203125 0.75621118 0.021875 0.02173913
0 0.63398437 0.71118012 0.01484375 0.01449275
0 0.58867187 0.69358178 0.01796875 0.02070393
0 0.59453125 0.54399585 0.021875 0.02380952
0 0.353125 0.53674948 0.0125 0.02173913
0 0.52929687 0.49275362 0.02421875 0.02277432
0 0.32695312 0.47153209 0.01484375 0.02173913
0 0.6046875 0.39958592 0.0203125 0.02691511
0 0.43007812 0.31625258 0.01484375 0.01966873
0 0.609375 0.31211180 0.01875 0.01552795
0 0.37539062 0.31159420 0.01640625 0.02484472
0 0.4921875 0.27484472 0.015625 0.02173913
0 0.59765625 0.23964803 0.0203125 0.02795031
0 0.57617187 0.06780538 0.01796875 0.03209109