0 0.45820312 0.89130434 0.02109375 0.02484472
0 0.453125 0.85559006 0.021875 0.01552795
0 0.44179687 0.83281573 0.01640625 0.02173913
0 0.60507812 0.81935817 0.01640625 0.02380952
0 0.66523437 0.81366459 0.01953125 0.02070393
0 0.63828125 0.76759834 0.015625 0.02173913
0 0.60703125 0.65165631 0.01875 0.02173913
0 0.59453125 0.54399585 0.021875 0.02380952
0 0.43867187 0.48550724 0.01640625 0.03105590
0 0.36210937 0.45755693 0.01640625 0.02484472
0 0.3953125 0.33488612 0.015625 0.02380952
0 0.50820312 0.28571428 0.01640625 0.01656314
0 0.45039062 0.24120082 0.01484375 0.02484472
0 0.49648437 0.23861283 0.01796875 0.03002070
0 0.51171875 0.15631469 0.028125 0.02691511