0 0.315625 0.86594202 0.0109375 0.02587991
0 0.6734375 0.82556935 0.0171875 0.03002070
0 0.31640625 0.80693581 0.015625 0.01966873
0 0.38398437 0.76604554 0.02890625 0.02277432
0 0.6203125 0.75621118 0.021875 0.02173913
0 0.6578125 0.74327122 0.015625 0.02277432
0 0.34921875 0.74068322 0.015625 0.02173913
0 0.40976562 0.74171842 0.01640625 0.04037267
0 0.38125 0.52329192 0.015625 0.02380952
0 0.4296875 0.52277432 0.0203125 0.02484472
0 0.31757812 0.51501035 0.01640625 0.02173913
0 0.34492187 0.47463768 0.01640625 0.03002070
0 0.42929687 0.46842650 0.02109375 0.04037267
0 0.56328125 0.42546583 0.0171875 0.02898550
0 0.37578125 0.32349896 0.0171875 0.01966873
0 0.58007812 0.24482401 0.01640625 0.02173913
0 0.45039062 0.24120082 0.01484375 0.02484472
0 0.53945312 0.18685300 0.01796875 0.02380952
0 0.34960937 0.11283643 0.01484375 0.01656314