0 0.63085937 0.95341614 0.01796875 0.01863354
0 0.66953125 0.88819875 0.0078125 0.01863354
0 0.57695312 0.89130434 0.02421875 0.02691511
0 0.47851562 0.88405797 0.01484375 0.01656314
0 0.40273437 0.84834368 0.01796875 0.01966873
0 0.41484375 0.81107660 0.0109375 0.02173913
0 0.44804687 0.76552795 0.02109375 0.03209109
0 0.4 0.69461697 0.0140625 0.01656314
0 0.51210937 0.58747412 0.01015625 0.01552795
0 0.621875 0.58074534 0.021875 0.02898550
0 0.53242187 0.55797101 0.02109375 0.02277432
0 0.60195312 0.54761904 0.01953125 0.02277432
0 0.6640625 0.53260869 0.0140625 0.01759834
0 0.38007812 0.53312629 0.01015625 0.01863354
0 0.359375 0.52795031 0.01875 0.02691511
0 0.34882812 0.51190476 0.01328125 0.01345755
0 0.55039062 0.49844720 0.01328125 0.02173913
0 0.3234375 0.48240165 0.015625 0.02898550
0 0.47734375 0.38664596 0.0140625 0.01759834
0 0.371875 0.37836438 0.021875 0.02380952
0 0.63398437 0.35455486 0.01953125 0.01966873
0 0.37421875 0.34109730 0.0140625 0.01759834
0 0.54726562 0.33333333 0.01796875 0.02277432
0 0.60429687 0.31521739 0.02265625 0.03002070
0 0.37148437 0.24482401 0.01484375 0.02380952