0 0.30546875 0.98343685 0.009375 0.01449275
0 0.5890625 0.98395445 0.0125 0.02587991
0 0.5953125 0.95082815 0.0171875 0.02380952
0 0.35859375 0.95289855 0.0140625 0.03416149
0 0.31484375 0.93530020 0.0171875 0.02380952
0 0.4125 0.90372670 0.01875 0.01449275
0 0.30820312 0.89233954 0.01328125 0.01656314
0 0.65039062 0.88250517 0.00703125 0.01138716
0 0.38632812 0.87939958 0.01484375 0.01138716
0 0.33828125 0.87370600 0.0109375 0.01449275
0 0.60820312 0.87784679 0.01015625 0.03105590
0 0.64140625 0.86438923 0.0109375 0.01656314
0 0.58125 0.85714285 0.0125 0.01863354
0 0.65742187 0.83592132 0.01328125 0.01759834
0 0.63085937 0.82712215 0.01015625 0.01449275
0 0.3578125 0.81832298 0.015625 0.01345755
0 0.57734375 0.81211180 0.0125 0.01759834
0 0.55078125 0.81625258 0.028125 0.02587991
0 0.47695312 0.80900621 0.00859375 0.01138716
0 0.41210937 0.81366459 0.01484375 0.02484472
0 0.38125 0.80693581 0.0109375 0.01552795
0 0.50390625 0.79037267 0.0125 0.01345755
0 0.62070312 0.78830227 0.01015625 0.01345755
0 0.32539062 0.78002070 0.01015625 0.01138716
0 0.44023437 0.77070393 0.01953125 0.01345755
0 0.35703125 0.77018633 0.009375 0.01242236
0 0.32148437 0.74689440 0.01015625 0.01345755
0 0.54492187 0.73343685 0.00703125 0.00931677
0 0.41875 0.71790890 0.0171875 0.02380952
0 0.66757812 0.70600414 0.01484375 0.01035196
0 0.58945312 0.70341614 0.01328125 0.01345755
0 0.62421875 0.69875776 0.0078125 0.01035196
0 0.32773437 0.69668737 0.01015625 0.01656314
0 0.54726562 0.69254658 0.01015625 0.01242236
0 0.67539062 0.68426501 0.01796875 0.02277432
0 0.653125 0.65890269 0.0125 0.01759834
0 0.4390625 0.66304347 0.0171875 0.02587991
0 0.50859375 0.65476190 0.0125 0.01552795
0 0.48671875 0.64958592 0.021875 0.00931677
0 0.5484375 0.63819875 0.0125 0.01552795
0 0.528125 0.63198757 0.0109375 0.02173913
0 0.63828125 0.62267080 0.0171875 0.02380952
0 0.57109375 0.62267080 0.0171875 0.02380952
0 0.6125 0.61283643 0.0140625 0.01863354
0 0.47929687 0.57608695 0.02578125 0.02380952
0 0.32617187 0.56884057 0.01484375 0.01966873
0 0.68125 0.56677018 0.0109375 0.01759834
0 0.53164062 0.54710144 0.01015625 0.01138716
0 0.55039062 0.53002070 0.02265625 0.02277432
0 0.42304687 0.52070393 0.00859375 0.01242236
0 0.35078125 0.52122153 0.0125 0.01966873
0 0.3921875 0.51708074 0.009375 0.01345755
0 0.31757812 0.51552795 0.01171875 0.01449275
0 0.30117187 0.51293995 0.01171875 0.01345755
0 0.49570312 0.50414078 0.01171875 0.01656314
0 0.4421875 0.49378881 0.0140625 0.01242236
0 0.46640625 0.46428571 0.0109375 0.01759834
0 0.39296875 0.46066252 0.0109375 0.01242236
0 0.67929687 0.45238095 0.00859375 0.01656314
0 0.39960937 0.44461697 0.01328125 0.02173913
0 0.52265625 0.44254658 0.0171875 0.02380952
0 0.34960937 0.43685300 0.01171875 0.01449275
0 0.38476562 0.42287784 0.01015625 0.01345755
0 0.29414062 0.42132505 0.01171875 0.01449275
0 0.3828125 0.39648033 0.0109375 0.01035196
0 0.45703125 0.39337474 0.0125 0.01242236
0 0.65546875 0.39130434 0.0203125 0.01449275
0 0.434375 0.37939958 0.0171875 0.02380952
0 0.55898437 0.36594202 0.02109375 0.00931677
0 0.3375 0.37215320 0.0125 0.02380952
0 0.64453125 0.34834368 0.0171875 0.02380952
0 0.47421875 0.33799171 0.01875 0.01345755
0 0.4203125 0.33954451 0.0109375 0.01863354
0 0.63789062 0.32142857 0.01484375 0.00931677
0 0.45585937 0.32298136 0.02421875 0.02484472
0 0.421875 0.31159420 0.0171875 0.02484472
0 0.38242187 0.30020703 0.01171875 0.01449275
0 0.6421875 0.27691511 0.0109375 0.01759834
0 0.575 0.27432712 0.01875 0.02277432
0 0.33164062 0.26759834 0.01171875 0.02380952
0 0.41171875 0.25724637 0.0171875 0.02380952
0 0.59101562 0.24430641 0.01796875 0.01242236
0 0.57109375 0.23084886 0.0109375 0.01449275
0 0.44609375 0.22101449 0.0171875 0.02380952
0 0.54960937 0.19720496 0.01015625 0.01759834
0 0.5078125 0.16200828 0.0125 0.01345755
0 0.38867187 0.15372670 0.01015625 0.01759834
0 0.63554687 0.15165631 0.01484375 0.01966873
0 0.54414062 0.13975155 0.01796875 0.04140786
0 0.546875 0.05590062 0.0125 0.01656314
0 0.3703125 0.01449275 0.0171875 0.02484472
0 0.33359375 0.01138716 0.0171875 0.02277432