0 0.6734375 0.82556935 0.0171875 0.03002070
0 0.47773437 0.80072463 0.01171875 0.01966873
0 0.36132812 0.78416149 0.01171875 0.02795031
0 0.64296875 0.77743271 0.0140625 0.01863354
0 0.3171875 0.77070393 0.0140625 0.01759834
0 0.659375 0.56159420 0.0359375 0.01966873
0 0.59453125 0.54399585 0.021875 0.02380952
0 0.42539062 0.53416149 0.02890625 0.04761904
0 0.5515625 0.49792960 0.0234375 0.02484472
0 0.36015625 0.39699792 0.0140625 0.01759834
0 0.40820312 0.36024844 0.02421875 0.02277432
0 0.42265625 0.31677018 0.0296875 0.02070393
0 0.51015625 0.30590062 0.0203125 0.01552795
0 0.62421875 0.28726708 0.021875 0.02795031
0 0.48476562 0.27484472 0.03046875 0.02173913
0 0.42382812 0.26345755 0.02421875 0.01552795
0 0.62421875 0.22826086 0.0171875 0.02795031
0 0.57148437 0.20962732 0.01640625 0.01759834