0 0.46484375 0.94875776 0.01875 0.03209109
0 0.35195312 0.91925465 0.01171875 0.01449275
0 0.5 0.91563146 0.0171875 0.02380952
0 0.465625 0.90890269 0.0125 0.01656314
0 0.4765625 0.89130434 0.0078125 0.01035196
0 0.6140625 0.90269151 0.0171875 0.03519668
0 0.35273437 0.88250517 0.01015625 0.01759834
0 0.54960937 0.87267080 0.01328125 0.01035196
0 0.39921875 0.87991718 0.0171875 0.03726708
0 0.67109375 0.86387163 0.009375 0.01138716
0 0.57109375 0.86594202 0.0125 0.01966873
0 0.64960937 0.86283643 0.01640625 0.03623188
0 0.51328125 0.83178053 0.0109375 0.01345755
0 0.45898437 0.83281573 0.01484375 0.01966873
0 0.33476562 0.82919254 0.01484375 0.01242236
0 0.4640625 0.80797101 0.0140625 0.01138716
0 0.52304687 0.79968944 0.02109375 0.02380952
0 0.59101562 0.78830227 0.01171875 0.01552795
0 0.409375 0.78830227 0.0078125 0.01966873
0 0.3140625 0.78157349 0.0078125 0.01242236
0 0.38632812 0.78157349 0.01171875 0.01449275
0 0.47890625 0.77122153 0.0109375 0.01449275
0 0.31054687 0.75362318 0.01015625 0.01242236
0 0.4765625 0.74016563 0.0078125 0.02070393
0 0.35585937 0.73291925 0.01328125 0.01863354
0 0.60703125 0.72153209 0.009375 0.01242236
0 0.33476562 0.72049689 0.01171875 0.01449275
0 0.3203125 0.70962732 0.0109375 0.01552795
0 0.51171875 0.69254658 0.0125 0.01863354
0 0.5125 0.67132505 0.0125 0.01759834
0 0.646875 0.64751552 0.0109375 0.01345755
0 0.60078125 0.64958592 0.0109375 0.01759834
0 0.31015625 0.64648033 0.0171875 0.02380952
0 0.565625 0.62784679 0.0109375 0.01759834
0 0.59140625 0.61853002 0.0171875 0.02380952
0 0.66015625 0.60559006 0.0234375 0.01863354
0 0.30625 0.58695652 0.0171875 0.01035196
0 0.51484375 0.58747412 0.015625 0.02173913
0 0.47226562 0.57453416 0.01015625 0.01242236
0 0.4671875 0.55848861 0.0109375 0.01345755
0 0.66757812 0.55020703 0.00859375 0.01552795
0 0.55664062 0.54968944 0.01171875 0.02484472
0 0.47773437 0.55020703 0.02109375 0.03002070
0 0.59570312 0.51604554 0.01171875 0.01345755
0 0.44257812 0.50621118 0.01328125 0.02484472
0 0.52304687 0.49585921 0.01171875 0.01242236
0 0.6609375 0.49637681 0.0109375 0.01552795
0 0.41914062 0.48861283 0.01328125 0.01656314
0 0.64296875 0.48550724 0.0125 0.01656314
0 0.51992187 0.47153209 0.00859375 0.01552795
0 0.3578125 0.45910973 0.009375 0.01345755
0 0.33632812 0.45496894 0.01171875 0.01552795
0 0.60820312 0.45445134 0.01328125 0.01863354
0 0.31132812 0.44409937 0.01171875 0.01449275
0 0.40859375 0.42857142 0.0140625 0.01656314
0 0.37578125 0.41977225 0.0078125 0.01552795
0 0.46054687 0.41614906 0.01953125 0.01035196
0 0.52890625 0.41614906 0.009375 0.01242236
0 0.58828125 0.41511387 0.0140625 0.01863354
0 0.44101562 0.41459627 0.01484375 0.01966873
0 0.42421875 0.41252587 0.0171875 0.02173913
0 0.48125 0.38457556 0.0078125 0.01345755
0 0.38007812 0.37888198 0.00859375 0.01449275
0 0.39492187 0.37215320 0.00859375 0.01759834
0 0.61640625 0.34627329 0.0171875 0.02380952
0 0.36015625 0.34161490 0.0140625 0.01656314
0 0.5453125 0.32608695 0.0078125 0.01449275
0 0.40234375 0.32867494 0.0171875 0.02380952
0 0.41875 0.32298136 0.0125 0.01656314
0 0.43164062 0.28571428 0.01015625 0.01656314
0 0.52265625 0.28778467 0.0109375 0.02898550
0 0.5546875 0.27587991 0.0171875 0.02380952
0 0.4984375 0.25879917 0.0109375 0.01449275
0 0.3328125 0.23395445 0.0140625 0.01656314
0 0.36953125 0.23447204 0.0171875 0.02380952
0 0.33828125 0.19409937 0.0171875 0.02380952
0 0.37773437 0.11283643 0.01171875 0.01656314
0 0.45742187 0.11024844 0.01171875 0.01552795
0 0.56640625 0.10869565 0.0140625 0.01863354
0 0.35390625 0.10662525 0.028125 0.03105590
0 0.62226562 0.09057971 0.01171875 0.01552795
0 0.63125 0.06469979 0.0078125 0.01552795
0 0.5421875 0.06004140 0.009375 0.01656314
0 0.68007812 0.02277432 0.00859375 0.01656314
0 0.6046875 0.02122153 0.0171875 0.02380952
0 0.45664062 0.01242236 0.01328125 0.01863354
0 0.57734375 0.01397515 0.0171875 0.02380952