0 0.53984375 0.91200828 0.0109375 0.01863354
0 0.52773437 0.87836438 0.01640625 0.00931677
0 0.46679687 0.72929606 0.01328125 0.01759834
0 0.48476562 0.73136645 0.01796875 0.02380952
0 0.42617187 0.71687370 0.01640625 0.01138716
0 0.59570312 0.65734989 0.02109375 0.04968944
0 0.6390625 0.63146997 0.015625 0.02070393
0 0.67578125 0.61594202 0.01875 0.02070393
0 0.49414062 0.57608695 0.01328125 0.01552795
0 0.3296875 0.55124223 0.0171875 0.01552795
0 0.35195312 0.54399585 0.01328125 0.02173913
0 0.67265625 0.52380952 0.0171875 0.02070393
0 0.48007812 0.50414078 0.01328125 0.01656314
0 0.5765625 0.45496894 0.01875 0.02795031
0 0.44257812 0.42650103 0.02109375 0.02070393
0 0.54804687 0.39751552 0.01484375 0.03312629
0 0.63554687 0.38768115 0.02421875 0.03416149
0 0.34648437 0.30693581 0.01640625 0.02173913
0 0.41757812 0.28881987 0.01328125 0.01449275
0 0.61484375 0.26552795 0.01875 0.02380952
0 0.6375 0.23913043 0.0140625 0.01863354
0 0.36640625 0.13354037 0.0109375 0.01656314
0 0.63476562 0.05434782 0.01640625 0.02380952
0 0.68398437 0.03157349 0.01328125 0.01966873