0 0.63046875 0.85766045 0.0125 0.01552795
0 0.53632812 0.79037267 0.01640625 0.01759834
0 0.325 0.78778467 0.0234375 0.02898550
0 0.67148437 0.77846790 0.01015625 0.01242236
0 0.50351562 0.71583850 0.02109375 0.02587991
0 0.67578125 0.53933747 0.00625 0.01449275
0 0.33203125 0.51086956 0.0140625 0.02795031
0 0.53007812 0.40942028 0.01484375 0.02173913
0 0.65 0.36697722 0.0140625 0.01345755
0 0.4078125 0.31935817 0.00625 0.01138716
0 0.59609375 0.29917184 0.0234375 0.02898550
0 0.50664062 0.14855072 0.01953125 0.01966873
0 0.43515625 0.08540372 0.0203125 0.01966873