0 0.63710937 0.89285714 0.01953125 0.02587991
0 0.34179687 0.83385093 0.01953125 0.02795031
0 0.63945312 0.81573498 0.01171875 0.02277432
0 0.3171875 0.78881987 0.0203125 0.03726708
0 0.63828125 0.76604554 0.015625 0.02484472
0 0.35585937 0.75776397 0.02265625 0.02070393
0 0.55625 0.72826086 0.0125 0.02380952
0 0.64335937 0.71842650 0.01484375 0.02070393
0 0.60703125 0.65165631 0.01875 0.02173913
0 0.42773437 0.47877846 0.01796875 0.01966873
0 0.52109375 0.47412008 0.040625 0.02691511
0 0.3328125 0.48136645 0.040625 0.04761904
0 0.64648437 0.43892339 0.01640625 0.03726708
0 0.40585937 0.40683229 0.01796875 0.01656314
0 0.4359375 0.37474120 0.0140625 0.02277432
0 0.6390625 0.36283643 0.01875 0.01759834
0 0.61328125 0.30590062 0.0265625 0.02795031
0 0.4765625 0.29554865 0.0140625 0.02173913
0 0.52773437 0.28985507 0.01640625 0.02484472
0 0.63945312 0.27587991 0.01796875 0.02380952
0 0.51757812 0.22360248 0.01640625 0.02691511
0 0.44335937 0.20962732 0.02421875 0.01966873
0 0.63945312 0.06935817 0.01171875 0.01863354
0 0.34609375 0.07039337 0.0203125 0.02691511