0 0.3796875 0.98757763 0.01875 0.01863354
0 0.459375 0.97153209 0.025 0.01345755
0 0.61328125 0.91407867 0.0109375 0.01449275
0 0.33398437 0.88612836 0.00703125 0.01035196
0 0.64492187 0.89026915 0.02109375 0.02898550
0 0.55742187 0.87784679 0.01015625 0.01035196
0 0.440625 0.87991718 0.0078125 0.02070393
0 0.43125 0.84316770 0.0140625 0.02173913
0 0.38554687 0.83695652 0.01328125 0.01552795
0 0.57382812 0.83281573 0.01015625 0.01345755
0 0.5125 0.82505175 0.0109375 0.01242236
0 0.46757812 0.82298136 0.01015625 0.01656314
0 0.29648437 0.81884057 0.01171875 0.01656314
0 0.41367187 0.81004140 0.01015625 0.01552795
0 0.33203125 0.81418219 0.01875 0.03209109
0 0.46132812 0.79658385 0.01171875 0.01552795
0 0.67382812 0.79140786 0.01171875 0.01759834
0 0.41640625 0.77846790 0.0125 0.01449275
0 0.44257812 0.77743271 0.01796875 0.01656314
0 0.50820312 0.77484472 0.01015625 0.01345755
0 0.58203125 0.75828157 0.0078125 0.01138716
0 0.56835937 0.75983436 0.00859375 0.01863354
0 0.54609375 0.74016563 0.009375 0.01656314
0 0.44414062 0.73913043 0.01328125 0.02070393
0 0.68515625 0.74223602 0.0125 0.03312629
0 0.3203125 0.73550724 0.0140625 0.02173913
0 0.33359375 0.73033126 0.0125 0.01966873
0 0.5828125 0.71790890 0.009375 0.01138716
0 0.65 0.72256728 0.0171875 0.02277432
0 0.52695312 0.71428571 0.01484375 0.02070393
0 0.50742187 0.69565217 0.01015625 0.01449275
0 0.559375 0.65942028 0.0109375 0.01242236
0 0.68476562 0.63819875 0.01171875 0.01759834
0 0.36757812 0.61180124 0.01796875 0.01242236
0 0.6671875 0.61180124 0.0171875 0.02070393
0 0.30664062 0.61283643 0.01171875 0.02277432
0 0.51054687 0.60351966 0.01171875 0.01449275
0 0.43984375 0.60507246 0.0171875 0.02380952
0 0.56953125 0.58747412 0.009375 0.01345755
0 0.52734375 0.58695652 0.0125 0.01449275
0 0.425 0.57401656 0.0171875 0.02380952
0 0.378125 0.56159420 0.0109375 0.01138716
0 0.3515625 0.52691511 0.009375 0.01656314
0 0.64804687 0.51863354 0.01171875 0.01449275
0 0.65117187 0.50207039 0.00859375 0.01242236
0 0.57421875 0.50362318 0.0171875 0.02380952
0 0.4671875 0.48188405 0.009375 0.01345755
0 0.3125 0.47256728 0.009375 0.01138716
0 0.475 0.46428571 0.0140625 0.01552795
0 0.68242187 0.45910973 0.01640625 0.01138716
0 0.49023437 0.43530020 0.02421875 0.02380952
0 0.678125 0.42494824 0.0140625 0.01552795
0 0.43242187 0.41407867 0.01171875 0.01449275
0 0.40664062 0.40010351 0.01015625 0.01345755
0 0.62773437 0.39078674 0.01484375 0.01552795
0 0.65742187 0.38146997 0.01015625 0.01345755
0 0.54726562 0.37732919 0.02578125 0.01759834
0 0.4796875 0.36956521 0.0109375 0.01656314
0 0.41054687 0.36387163 0.01171875 0.01552795
0 0.42304687 0.36490683 0.00859375 0.02380952
0 0.534375 0.33747412 0.0109375 0.01656314
0 0.47734375 0.32608695 0.0109375 0.01449275
0 0.540625 0.31677018 0.0203125 0.02070393
0 0.64453125 0.30641821 0.009375 0.02277432
0 0.55195312 0.28105590 0.01171875 0.01138716
0 0.59648437 0.27173913 0.01171875 0.01345755
0 0.38554687 0.27639751 0.01484375 0.02898550
0 0.39882812 0.24689440 0.00703125 0.01966873
0 0.60039062 0.21687370 0.01171875 0.00931677
0 0.55195312 0.21273291 0.01171875 0.01759834
0 0.54140625 0.19616977 0.0125 0.01345755
0 0.38867187 0.18685300 0.01328125 0.01552795
0 0.37148437 0.18426501 0.00703125 0.01449275
0 0.61484375 0.16200828 0.0109375 0.02173913
0 0.43710937 0.15113871 0.01171875 0.01449275
0 0.51523437 0.14544513 0.01171875 0.01138716
0 0.34179687 0.14596273 0.01171875 0.01242236
0 0.53867187 0.14285714 0.01015625 0.01449275
0 0.46796875 0.14337474 0.0125 0.01552795
0 0.58945312 0.11542443 0.01171875 0.01552795
0 0.346875 0.11180124 0.009375 0.01656314
0 0.63554687 0.09886128 0.01171875 0.01552795
0 0.37617187 0.09730848 0.01328125 0.01656314
0 0.57851562 0.09368530 0.01328125 0.01552795
0 0.53867187 0.07763975 0.01484375 0.01656314
0 0.41953125 0.07194616 0.0125 0.01759834
0 0.46171875 0.06832298 0.0078125 0.02070393
0 0.57695312 0.06469979 0.02265625 0.02173913
0 0.67070312 0.02898550 0.01640625 0.02277432
0 0.52265625 0.01449275 0.009375 0.01242236
0 0.30390625 0.01293995 0.015625 0.02587991