0 0.49882812 0.99689440 0.01171875 0.00621118
0 0.42695312 0.98809523 0.01640625 0.02380952
0 0.69023437 0.97670807 0.00859375 0.01345755
0 0.29296875 0.97722567 0.0125 0.01449275
0 0.39414062 0.98447204 0.04453125 0.03105590
0 0.5265625 0.97412008 0.0125 0.01242236
0 0.353125 0.96946169 0.009375 0.01345755
0 0.63320312 0.93581780 0.01328125 0.02070393
0 0.29921875 0.93271221 0.0125 0.02691511
0 0.45976562 0.92132505 0.01796875 0.01449275
0 0.6765625 0.90942028 0.0109375 0.01345755
0 0.60429687 0.90527950 0.01171875 0.01966873
0 0.36679687 0.90631469 0.00859375 0.02173913
0 0.52070312 0.90269151 0.01328125 0.02070393
0 0.578125 0.89648033 0.009375 0.01449275
0 0.63554687 0.89337474 0.01171875 0.01035196
0 0.52929687 0.88405797 0.01015625 0.01035196
0 0.58867187 0.88302277 0.01328125 0.01449275
0 0.56523437 0.87318840 0.01171875 0.01345755
0 0.66835937 0.87111801 0.01015625 0.01138716
0 0.3421875 0.87215320 0.009375 0.01345755
0 0.31640625 0.86749482 0.0109375 0.02070393
0 0.6859375 0.86490683 0.0109375 0.01759834
0 0.41054687 0.87111801 0.00703125 0.03002070
0 0.415625 0.84679089 0.021875 0.01242236
0 0.51132812 0.83229813 0.00859375 0.01656314
0 0.39570312 0.84006211 0.00859375 0.03209109
0 0.67226562 0.82763975 0.01171875 0.01345755
0 0.61445312 0.82971014 0.01015625 0.02380952
0 0.4765625 0.81625258 0.0125 0.01759834
0 0.53242187 0.80590062 0.00859375 0.01759834
0 0.67773437 0.79037267 0.01171875 0.01552795
0 0.60859375 0.79503105 0.03125 0.02484472
0 0.36015625 0.79399585 0.009375 0.02277432
0 0.35195312 0.77070393 0.01015625 0.01552795
0 0.4390625 0.74171842 0.0140625 0.01759834
0 0.51640625 0.71790890 0.0171875 0.02380952
0 0.5671875 0.69047619 0.021875 0.01656314
0 0.68515625 0.63871635 0.0078125 0.01863354
0 0.55703125 0.61801242 0.0140625 0.01863354
0 0.51875 0.62060041 0.0171875 0.02380952
0 0.65664062 0.60144927 0.01015625 0.01449275
0 0.590625 0.59989648 0.0109375 0.01552795
0 0.34179687 0.55331262 0.01171875 0.01759834
0 0.43359375 0.54917184 0.0109375 0.01345755
0 0.51445312 0.54710144 0.00859375 0.01345755
0 0.47148437 0.53881987 0.01015625 0.01345755
0 0.4734375 0.52432712 0.009375 0.01345755
0 0.45703125 0.52795031 0.015625 0.02277432
0 0.38007812 0.52225672 0.01015625 0.01345755
0 0.6671875 0.51915113 0.0109375 0.01759834
0 0.4 0.51759834 0.0078125 0.01449275
0 0.31875 0.47774327 0.0265625 0.02380952
0 0.43359375 0.46946169 0.0171875 0.02380952
0 0.309375 0.45445134 0.0078125 0.01035196
0 0.63320312 0.45393374 0.01328125 0.01759834
0 0.54570312 0.44461697 0.01171875 0.01345755
0 0.40078125 0.43633540 0.0171875 0.02380952
0 0.54023437 0.42028985 0.01796875 0.03312629
0 0.35234375 0.42236024 0.021875 0.03933747
0 0.47265625 0.39182194 0.009375 0.01345755
0 0.684375 0.39078674 0.0109375 0.01759834
0 0.590625 0.39078674 0.0171875 0.02380952
0 0.60703125 0.38302277 0.0125 0.01656314
0 0.38554687 0.37629399 0.00859375 0.01345755
0 0.5671875 0.36024844 0.0125 0.01449275
0 0.44648437 0.35766045 0.01328125 0.01759834
0 0.44375 0.32660455 0.0125 0.01552795
0 0.58007812 0.30693581 0.01171875 0.01552795
0 0.39296875 0.30175983 0.0125 0.01552795
0 0.52265625 0.29296066 0.0109375 0.01449275
0 0.60664062 0.26190476 0.01328125 0.01656314
0 0.52890625 0.25724637 0.0171875 0.02380952
0 0.36015625 0.25672877 0.0171875 0.02277432
0 0.63398437 0.22153209 0.01015625 0.01449275
0 0.50859375 0.22101449 0.0109375 0.02380952
0 0.3515625 0.20341614 0.0203125 0.01552795
0 0.55820312 0.19565217 0.01015625 0.01656314
0 0.55976562 0.17805383 0.01328125 0.01656314
0 0.39921875 0.17028985 0.0140625 0.01966873
0 0.6359375 0.12732919 0.0109375 0.01449275
0 0.55703125 0.10403726 0.0171875 0.01759834
0 0.60859375 0.10196687 0.0140625 0.01552795
0 0.61835937 0.07815734 0.01015625 0.01552795
0 0.35273437 0.04244306 0.01640625 0.02277432
0 0.6734375 0.02950310 0.0140625 0.01759834