0 0.35273437 0.94824016 0.00703125 0.01449275
0 0.60507812 0.92857142 0.01171875 0.01449275
0 0.49492187 0.89906832 0.01171875 0.01759834
0 0.29335937 0.90424430 0.01015625 0.02795031
0 0.32109375 0.89492753 0.0125 0.01345755
0 0.55273437 0.87629399 0.00703125 0.00931677
0 0.49492187 0.86853002 0.00859375 0.01242236
0 0.43867187 0.86749482 0.01015625 0.01449275
0 0.42070312 0.86024844 0.01328125 0.02070393
0 0.465625 0.85300207 0.0109375 0.01449275
0 0.54140625 0.83385093 0.009375 0.01138716
0 0.57851562 0.83436853 0.01015625 0.01449275
0 0.5515625 0.81832298 0.009375 0.01138716
0 0.65195312 0.80383022 0.00859375 0.01138716
0 0.6578125 0.78053830 0.0109375 0.01449275
0 0.36835937 0.74948240 0.01640625 0.01242236
0 0.3984375 0.74844720 0.0109375 0.01449275
0 0.60820312 0.73550724 0.01015625 0.01138716
0 0.32148437 0.72619047 0.01015625 0.01966873
0 0.67382812 0.71066252 0.01171875 0.01345755
0 0.52421875 0.71480331 0.0171875 0.03209109
0 0.3796875 0.70134575 0.0125 0.01345755
0 0.39648437 0.69668737 0.01640625 0.02484472
0 0.56953125 0.67546583 0.0109375 0.01345755
0 0.62929687 0.67753623 0.01328125 0.02380952
0 0.6 0.68115942 0.015625 0.03105590
0 0.64648437 0.65010351 0.01015625 0.01449275
0 0.55507812 0.63716356 0.01171875 0.01345755
0 0.56953125 0.62318840 0.0125 0.01449275
0 0.63203125 0.59886128 0.0125 0.02380952
0 0.40664062 0.56625258 0.01171875 0.01656314
0 0.4671875 0.54399585 0.009375 0.01345755
0 0.45742187 0.55383022 0.01484375 0.03726708
0 0.50117187 0.52329192 0.01015625 0.01138716
0 0.34296875 0.51656314 0.015625 0.01242236
0 0.63242187 0.49792960 0.01015625 0.01242236
0 0.32148437 0.48343685 0.01171875 0.01449275
0 0.49257812 0.47929606 0.00859375 0.01656314
0 0.45625 0.48084886 0.0203125 0.02795031
0 0.3703125 0.46428571 0.01875 0.02173913
0 0.56445312 0.45600414 0.01015625 0.01345755
0 0.50390625 0.44565217 0.009375 0.02173913
0 0.34492187 0.43426501 0.01640625 0.01138716
0 0.5421875 0.42857142 0.0078125 0.01656314
0 0.3140625 0.42753623 0.0171875 0.02484472
0 0.64492187 0.41045548 0.02421875 0.01552795
0 0.44609375 0.40734989 0.0171875 0.02380952
0 0.2953125 0.40734989 0.0140625 0.02380952
0 0.36210937 0.39440993 0.01171875 0.01863354
0 0.325 0.39285714 0.0078125 0.01552795
0 0.34296875 0.39492753 0.01875 0.02173913
0 0.64140625 0.38354037 0.0171875 0.03002070
0 0.60625 0.37060041 0.0203125 0.04761904
0 0.54375 0.35144927 0.009375 0.01552795
0 0.38554687 0.35351966 0.03828125 0.02795031
0 0.51523437 0.34057971 0.01328125 0.01242236
0 0.43046875 0.33954451 0.0125 0.01449275
0 0.6 0.33695652 0.01875 0.01759834
0 0.48710937 0.31884057 0.01015625 0.01242236
0 0.59492187 0.30538302 0.02109375 0.03105590
0 0.3734375 0.29813664 0.0171875 0.01656314
0 0.3359375 0.29347826 0.0109375 0.01345755
0 0.44882812 0.28726708 0.01015625 0.02795031
0 0.590625 0.26966873 0.0109375 0.01552795
0 0.54726562 0.25155279 0.01328125 0.01449275
0 0.46914062 0.24948240 0.00859375 0.01242236
0 0.60039062 0.24741200 0.01484375 0.01656314
0 0.453125 0.24637681 0.021875 0.02691511
0 0.553125 0.23706004 0.009375 0.01242236
0 0.63125 0.23550724 0.0125 0.02173913
0 0.57109375 0.22877846 0.009375 0.01035196
0 0.37890625 0.23447204 0.0171875 0.04451345
0 0.49570312 0.21739130 0.01328125 0.01656314
0 0.390625 0.20910973 0.0140625 0.01863354
0 0.52617187 0.20496894 0.01328125 0.02070393
0 0.45703125 0.16304347 0.0171875 0.02380952
0 0.42851562 0.15786749 0.00703125 0.01345755
0 0.62929687 0.15269151 0.00703125 0.02380952
0 0.525 0.09265010 0.0109375 0.01138716
0 0.39375 0.09316770 0.0125 0.01449275
0 0.4359375 0.08385093 0.0109375 0.01035196
0 0.60507812 0.08799171 0.01171875 0.02277432
0 0.5015625 0.05952380 0.0109375 0.01345755
0 0.36523437 0.01966873 0.01640625 0.02277432
0 0.68398437 0.00931677 0.00859375 0.01035196