0 0.565625 0.89492753 0.0140625 0.02173913
0 0.67695312 0.87422360 0.01640625 0.01759834
0 0.53554687 0.87577639 0.02890625 0.04968944
0 0.30820312 0.80952380 0.01796875 0.01242236
0 0.38125 0.81521739 0.0203125 0.02587991
0 0.62695312 0.81055900 0.01796875 0.02484472
0 0.35742187 0.77898550 0.01796875 0.01552795
0 0.66796875 0.72101449 0.0203125 0.02380952
0 0.56875 0.71635610 0.015625 0.02070393
0 0.59570312 0.66045548 0.01640625 0.02691511
0 0.49375 0.63923395 0.0203125 0.00724637
0 0.33398437 0.63250517 0.01328125 0.01656314
0 0.46679687 0.62474120 0.01171875 0.01966873
0 0.67734375 0.61542443 0.015625 0.02587991
0 0.653125 0.59213250 0.0171875 0.01863354
0 0.32734375 0.49378881 0.0109375 0.01656314
0 0.43632812 0.48706004 0.01328125 0.01552795
0 0.3984375 0.42236024 0.015625 0.02070393
0 0.43046875 0.39078674 0.01875 0.02380952
0 0.36054687 0.22463768 0.01328125 0.01656314
0 0.5296875 0.21376811 0.0375 0.03002070
0 0.54453125 0.16045548 0.015625 0.02484472
0 0.40742187 0.15631469 0.01484375 0.02070393
0 0.3625 0.09420289 0.0140625 0.01863354
0 0.40234375 0.04347826 0.00625 0.01863354
0 0.409375 0.02173913 0.01875 0.04347826