0 0.6390625 0.86283643 0.01875 0.02380952
0 0.31953125 0.85144927 0.01875 0.02173913
0 0.53671875 0.84472049 0.0171875 0.02484472
0 0.45820312 0.82298136 0.01640625 0.03933747
0 0.31757812 0.80486542 0.02109375 0.05072463
0 0.64570312 0.64803312 0.01953125 0.02691511
0 0.66992187 0.61490683 0.03046875 0.02898550
0 0.44453125 0.52691511 0.021875 0.01449275
0 0.51171875 0.53312629 0.05 0.05797101
0 0.41289062 0.51915113 0.02265625 0.03002070
0 0.37304687 0.48084886 0.02109375 0.01966873
0 0.43164062 0.43840579 0.01796875 0.01966873
0 0.328125 0.38664596 0.0140625 0.02380952
0 0.40820312 0.36024844 0.02421875 0.02277432
0 0.47617187 0.32763975 0.01328125 0.01552795
0 0.62421875 0.22826086 0.0171875 0.02795031
0 0.56796875 0.22101449 0.015625 0.02173913
0 0.44335937 0.20962732 0.02421875 0.01966873