0 0.38828125 0.93737060 0.015625 0.02587991
0 0.49609375 0.89544513 0.0109375 0.01656314
0 0.49375 0.80124223 0.0171875 0.01863354
0 0.59296875 0.79761904 0.021875 0.02173913
0 0.41171875 0.73188405 0.0140625 0.02070393
0 0.50664062 0.55279503 0.02265625 0.02070393
0 0.46523437 0.44927536 0.01484375 0.02070393
0 0.6375 0.44720496 0.0171875 0.02277432
0 0.32148437 0.38716356 0.01796875 0.02898550
0 0.48828125 0.31521739 0.0109375 0.01966873
0 0.61601562 0.31262939 0.01484375 0.03105590
0 0.41289062 0.24482401 0.01796875 0.02380952
0 0.59570312 0.24120082 0.01328125 0.01863354
0 0.475 0.22204968 0.025 0.02795031
0 0.33125 0.20807453 0.009375 0.01035196