0 0.328125 0.97722567 0.0125 0.01449275
0 0.67421875 0.97308488 0.0109375 0.02277432
0 0.44570312 0.95600414 0.02578125 0.02380952
0 0.49375 0.92908902 0.0171875 0.02795031
0 0.6640625 0.91356107 0.0171875 0.02380952
0 0.328125 0.89026915 0.0109375 0.01656314
0 0.42226562 0.87163561 0.01171875 0.01242236
0 0.50078125 0.87888198 0.021875 0.03726708
0 0.41132812 0.85921325 0.01171875 0.01863354
0 0.53476562 0.85041407 0.01171875 0.01345755
0 0.46445312 0.84937888 0.00859375 0.02173913
0 0.66796875 0.83902691 0.0171875 0.02380952
0 0.4390625 0.83281573 0.0125 0.01552795
0 0.66445312 0.80072463 0.01015625 0.01552795
0 0.42109375 0.79244306 0.0109375 0.01552795
0 0.31289062 0.78674948 0.01328125 0.02484472
0 0.34492187 0.77277432 0.01171875 0.01345755
0 0.40351562 0.75207039 0.01015625 0.01345755
0 0.484375 0.74792960 0.0125 0.01759834
0 0.38789062 0.74482401 0.00859375 0.01138716
0 0.35742187 0.73964803 0.01328125 0.01966873
0 0.42578125 0.73343685 0.0125 0.01552795
0 0.31835937 0.71014492 0.02578125 0.03726708
0 0.30390625 0.68788819 0.0109375 0.01138716
0 0.4546875 0.66252587 0.0140625 0.01863354
0 0.303125 0.64803312 0.0125 0.01449275
0 0.63398437 0.64855072 0.01015625 0.02173913
0 0.5796875 0.64648033 0.0140625 0.01759834
0 0.41054687 0.62681159 0.01953125 0.02795031
0 0.48203125 0.62008281 0.0140625 0.01656314
0 0.31953125 0.61749482 0.0109375 0.01552795
0 0.66796875 0.60041407 0.009375 0.01449275
0 0.63984375 0.59782608 0.0125 0.01759834
0 0.51757812 0.58281573 0.02421875 0.01656314
0 0.42890625 0.54192546 0.009375 0.01138716
0 0.6703125 0.53157349 0.0125 0.01966873
0 0.54765625 0.51966873 0.0109375 0.01449275
0 0.68710937 0.51604554 0.01015625 0.01552795
0 0.50546875 0.51552795 0.009375 0.01656314
0 0.3375 0.51345755 0.0109375 0.01656314
0 0.3859375 0.51086956 0.028125 0.04451345
0 0.546875 0.49585921 0.0109375 0.01656314
0 0.52578125 0.49534161 0.0125 0.01552795
0 0.44726562 0.49482401 0.01328125 0.01656314
0 0.646875 0.49016563 0.0203125 0.02587991
0 0.34921875 0.47619047 0.009375 0.01449275
0 0.63359375 0.47204968 0.0125 0.01449275
0 0.31171875 0.46014492 0.0109375 0.01345755
0 0.34414062 0.45031055 0.01171875 0.01656314
0 0.41289062 0.42287784 0.01171875 0.01759834
0 0.64375 0.41770186 0.0109375 0.01345755
0 0.67578125 0.41770186 0.0171875 0.02173913
0 0.60703125 0.40476190 0.009375 0.01242236
0 0.40507812 0.39906832 0.01015625 0.01345755
0 0.5640625 0.40372670 0.01875 0.02484472
0 0.57929687 0.39906832 0.00859375 0.01759834
0 0.52734375 0.38664596 0.0078125 0.01552795
0 0.50859375 0.38457556 0.01875 0.01552795
0 0.37773437 0.37991718 0.01171875 0.01242236
0 0.60585937 0.37939958 0.01171875 0.01759834
0 0.48984375 0.37474120 0.009375 0.01656314
0 0.4453125 0.37111801 0.0171875 0.02380952
0 0.509375 0.35817805 0.009375 0.01242236
0 0.63046875 0.33178053 0.0109375 0.01345755
0 0.35976562 0.33074534 0.01328125 0.01759834
0 0.39414062 0.32660455 0.01015625 0.01552795
0 0.33945312 0.32091097 0.01640625 0.01863354
0 0.50390625 0.30952380 0.0125 0.01863354
0 0.37539062 0.30434782 0.00859375 0.01242236
0 0.48867187 0.28312629 0.02109375 0.01759834
0 0.3328125 0.28467908 0.0140625 0.02691511
0 0.59140625 0.25 0.0140625 0.01345755
0 0.38554687 0.21997929 0.01796875 0.01552795
0 0.59335937 0.22153209 0.01015625 0.02070393
0 0.55390625 0.19668737 0.0078125 0.01242236
0 0.33203125 0.18478260 0.0109375 0.01552795
0 0.3921875 0.18685300 0.015625 0.02380952
0 0.51757812 0.14596273 0.01015625 0.01035196
0 0.4125 0.10973084 0.0171875 0.02070393
0 0.6015625 0.10196687 0.0109375 0.01345755
0 0.50507812 0.10196687 0.01015625 0.01966873
0 0.34023437 0.08281573 0.01796875 0.02070393
0 0.63984375 0.06987577 0.0140625 0.01552795
0 0.49414062 0.05279503 0.02265625 0.03105590
0 0.69765625 0.02743271 0.015625 0.02380952
0 0.47851562 0.01501035 0.01171875 0.01759834