0 0.57070312 0.99016563 0.01328125 0.01966873
0 0.59023437 0.98395445 0.01640625 0.01345755
0 0.67890625 0.98084886 0.0171875 0.02173913
0 0.60859375 0.96583850 0.0265625 0.03312629
0 0.61992187 0.93219461 0.00703125 0.01759834
0 0.66171875 0.92701863 0.0171875 0.02380952
0 0.41835937 0.91045548 0.02421875 0.02380952
0 0.53398437 0.91200828 0.01328125 0.03105590
0 0.503125 0.88664596 0.0109375 0.01759834
0 0.65390625 0.88095238 0.015625 0.02277432
0 0.66875 0.87008281 0.009375 0.01966873
0 0.32304687 0.85662525 0.01640625 0.01345755
0 0.58203125 0.85351966 0.01875 0.01966873
0 0.39570312 0.84265010 0.01171875 0.01449275
0 0.31210937 0.77950310 0.01171875 0.01035196
0 0.6390625 0.77277432 0.009375 0.01138716
0 0.59335937 0.77122153 0.01328125 0.01449275
0 0.459375 0.76449275 0.0109375 0.01966873
0 0.34375 0.75724637 0.0125 0.01552795
0 0.39804687 0.75362318 0.01328125 0.01449275
0 0.48867187 0.74171842 0.01796875 0.01759834
0 0.49804687 0.72204968 0.01171875 0.01552795
0 0.375 0.69720496 0.0109375 0.03002070
0 0.55234375 0.68944099 0.009375 0.01656314
0 0.3484375 0.68167701 0.0171875 0.02380952
0 0.36328125 0.64906832 0.0109375 0.01449275
0 0.43242187 0.64026915 0.02109375 0.03002070
0 0.65429687 0.62370600 0.01328125 0.01552795
0 0.30429687 0.61904761 0.02109375 0.01449275
0 0.46523437 0.59316770 0.01953125 0.01449275
0 0.61328125 0.59575569 0.0171875 0.02380952
0 0.36679687 0.58850931 0.01796875 0.01138716
0 0.49140625 0.58850931 0.015625 0.02587991
0 0.42695312 0.58229813 0.01171875 0.01759834
0 0.67109375 0.56677018 0.0171875 0.02380952
0 0.42421875 0.55797101 0.01875 0.01656314
0 0.32148437 0.54089026 0.00859375 0.01138716
0 0.53671875 0.54140786 0.0109375 0.01449275
0 0.47460937 0.51708074 0.01171875 0.03209109
0 0.6015625 0.50517598 0.009375 0.01242236
0 0.58554687 0.50207039 0.01171875 0.02898550
0 0.33007812 0.49275362 0.01015625 0.01449275
0 0.31328125 0.48757763 0.0109375 0.01242236
0 0.48398437 0.48550724 0.00859375 0.01656314
0 0.43789062 0.47826086 0.01171875 0.01656314
0 0.3390625 0.46997929 0.0078125 0.01035196
0 0.66992187 0.47153209 0.01015625 0.01552795
0 0.578125 0.47049689 0.021875 0.02173913
0 0.58320312 0.44979296 0.01171875 0.01759834
0 0.4328125 0.43633540 0.0171875 0.04037267
0 0.38554687 0.41614906 0.01640625 0.01449275
0 0.4484375 0.41563146 0.0171875 0.02173913
0 0.63984375 0.40890269 0.0125 0.01449275
0 0.42851562 0.40010351 0.01171875 0.01345755
0 0.5609375 0.40010351 0.0140625 0.01759834
0 0.32226562 0.39026915 0.01171875 0.01449275
0 0.671875 0.38819875 0.021875 0.01449275
0 0.62578125 0.38302277 0.0109375 0.01449275
0 0.40703125 0.37732919 0.0078125 0.00931677
0 0.56054687 0.37474120 0.02265625 0.01035196
0 0.5609375 0.35041407 0.0171875 0.02380952
0 0.59296875 0.34627329 0.0171875 0.02380952
0 0.3921875 0.34161490 0.0125 0.01449275
0 0.50390625 0.31418219 0.0171875 0.02380952
0 0.39140625 0.30538302 0.0109375 0.01449275
0 0.59609375 0.30900621 0.0171875 0.02380952
0 0.3671875 0.29968944 0.0203125 0.01345755
0 0.52148437 0.29451345 0.01796875 0.01759834
0 0.4125 0.27018633 0.009375 0.01656314
0 0.44296875 0.27018633 0.009375 0.01863354
0 0.34140625 0.26759834 0.0171875 0.02380952
0 0.46679687 0.25879917 0.02890625 0.01035196
0 0.54179687 0.26552795 0.01953125 0.02587991
0 0.5375 0.24637681 0.0078125 0.01035196
0 0.54453125 0.22204968 0.015625 0.01759834
0 0.44570312 0.21997929 0.01484375 0.01345755
0 0.43320312 0.17080745 0.01015625 0.01863354
0 0.5203125 0.15579710 0.009375 0.01345755
0 0.35585937 0.12836438 0.03203125 0.04140786
0 0.61132812 0.08385093 0.01171875 0.01449275
0 0.4328125 0.07919254 0.01875 0.03623188
0 0.63085937 0.06055900 0.00859375 0.01138716
0 0.678125 0.03881987 0.01875 0.01345755
0 0.41679687 0.03881987 0.00859375 0.03209109
0 0.38476562 0.02380952 0.01640625 0.01449275
0 0.28867187 0.01811594 0.01328125 0.02173913
0 0.53789062 0.01138716 0.02421875 0.01863354