0 0.43203125 0.98291925 0.0125 0.01966873
0 0.628125 0.93012422 0.0171875 0.02380952
0 0.37539062 0.87370600 0.01484375 0.02277432
0 0.40390625 0.86697722 0.0140625 0.01552795
0 0.62109375 0.86801242 0.0171875 0.02795031
0 0.6515625 0.84213250 0.0109375 0.01345755
0 0.48203125 0.83592132 0.0171875 0.02380952
0 0.6015625 0.81055900 0.0140625 0.01863354
0 0.6609375 0.80279503 0.0125 0.01138716
0 0.47851562 0.79140786 0.01484375 0.01966873
0 0.38476562 0.77691511 0.01171875 0.01345755
0 0.62734375 0.78002070 0.009375 0.02173913
0 0.32304687 0.76242236 0.01484375 0.01345755
0 0.5578125 0.75465838 0.0140625 0.01035196
0 0.65234375 0.75621118 0.0125 0.01552795
0 0.47109375 0.75414078 0.009375 0.01138716
0 0.58945312 0.74948240 0.00859375 0.01449275
0 0.39570312 0.75051759 0.01171875 0.01863354
0 0.58007812 0.73550724 0.01484375 0.01966873
0 0.45546875 0.73550724 0.0171875 0.02380952
0 0.66132812 0.72722567 0.01015625 0.01345755
0 0.54921875 0.72412008 0.015625 0.02380952
0 0.57148437 0.71066252 0.01015625 0.01138716
0 0.40664062 0.71118012 0.00859375 0.01863354
0 0.37070312 0.70859213 0.01171875 0.02173913
0 0.5953125 0.69668737 0.0171875 0.01449275
0 0.40898437 0.68064182 0.01171875 0.02380952
0 0.4640625 0.67753623 0.0109375 0.02173913
0 0.3265625 0.66356107 0.009375 0.01242236
0 0.42890625 0.65372670 0.03125 0.02587991
0 0.46328125 0.63819875 0.0109375 0.01759834
0 0.49023437 0.64078674 0.00859375 0.02484472
0 0.34335937 0.63768115 0.01328125 0.02070393
0 0.375 0.63768115 0.0109375 0.03312629
0 0.32695312 0.60714285 0.02578125 0.01759834
0 0.42851562 0.59730848 0.01015625 0.01449275
0 0.58164062 0.59213250 0.01171875 0.01449275
0 0.45703125 0.56418219 0.0078125 0.01449275
0 0.30234375 0.57091097 0.015625 0.02795031
0 0.67890625 0.54606625 0.009375 0.01759834
0 0.56367187 0.53985507 0.01640625 0.01138716
0 0.528125 0.52639751 0.021875 0.02795031
0 0.3109375 0.51811594 0.0171875 0.02380952
0 0.3734375 0.49223602 0.009375 0.01552795
0 0.45195312 0.49068322 0.01328125 0.01656314
0 0.37929687 0.44772256 0.01484375 0.02587991
0 0.58828125 0.43530020 0.009375 0.01345755
0 0.55234375 0.43685300 0.021875 0.01863354
0 0.35859375 0.43633540 0.0109375 0.01759834
0 0.571875 0.43374741 0.0109375 0.01449275
0 0.56953125 0.41459627 0.009375 0.01138716
0 0.62578125 0.40631469 0.015625 0.01966873
0 0.54023437 0.37525879 0.00859375 0.01345755
0 0.66679687 0.37267080 0.01640625 0.02070393
0 0.4734375 0.37422360 0.0171875 0.02380952
0 0.56835937 0.35041407 0.01796875 0.01138716
0 0.41289062 0.34782608 0.01953125 0.01242236
0 0.46445312 0.32919254 0.01328125 0.01863354
0 0.48007812 0.30175983 0.01328125 0.01345755
0 0.42617187 0.29710144 0.01796875 0.02070393
0 0.57851562 0.28830227 0.01328125 0.01966873
0 0.33828125 0.28416149 0.015625 0.01552795
0 0.48046875 0.26811594 0.0125 0.01242236
0 0.515625 0.25931677 0.009375 0.01552795
0 0.47734375 0.24948240 0.0109375 0.01242236
0 0.58945312 0.24275362 0.01328125 0.01552795
0 0.4203125 0.23343685 0.0171875 0.02380952
0 0.6171875 0.22567287 0.01875 0.01242236
0 0.4515625 0.22515527 0.0125 0.01759834
0 0.43046875 0.18115942 0.0125 0.01656314
0 0.59257812 0.18322981 0.02421875 0.02277432
0 0.51796875 0.18064182 0.0171875 0.02380952
0 0.5203125 0.16045548 0.009375 0.01242236
0 0.39648437 0.15165631 0.01484375 0.01759834
0 0.41953125 0.14544513 0.0125 0.01966873
0 0.44921875 0.13612836 0.0078125 0.01552795
0 0.37265625 0.11956521 0.015625 0.01345755
0 0.48125 0.11024844 0.0171875 0.02173913
0 0.41210937 0.07919254 0.01171875 0.01552795
0 0.61835937 0.07556935 0.01171875 0.01656314
0 0.35039062 0.07298136 0.00859375 0.01345755
0 0.37109375 0.07453416 0.0171875 0.01863354
0 0.5453125 0.06107660 0.0109375 0.01656314
0 0.41015625 0.05538302 0.0109375 0.01552795
0 0.50898437 0.03209109 0.01328125 0.01656314
0 0.56132812 0.02846790 0.01640625 0.01966873
0 0.33789062 0.01966873 0.01640625 0.02898550
0 0.45234375 0.01035196 0.009375 0.01863354