0 0.49335937 0.99689440 0.00859375 0.00621118
0 0.34609375 0.95755693 0.0125 0.01449275
0 0.371875 0.93012422 0.0171875 0.02380952
0 0.5671875 0.90320910 0.0109375 0.01552795
0 0.54882812 0.87836438 0.00859375 0.01345755
0 0.35703125 0.87422360 0.0109375 0.01552795
0 0.51953125 0.86801242 0.0078125 0.01552795
0 0.48867187 0.86387163 0.01640625 0.02380952
0 0.43203125 0.84523809 0.0109375 0.01552795
0 0.65976562 0.84316770 0.01015625 0.01345755
0 0.35195312 0.83022774 0.01484375 0.01656314
0 0.49921875 0.82298136 0.0234375 0.01449275
0 0.371875 0.82712215 0.009375 0.02277432
0 0.4046875 0.81573498 0.0078125 0.01035196
0 0.52695312 0.81159420 0.01015625 0.01449275
0 0.37578125 0.79606625 0.0125 0.01449275
0 0.45117187 0.79761904 0.02421875 0.02795031
0 0.48789062 0.78881987 0.01484375 0.02277432
0 0.35820312 0.76242236 0.01171875 0.01138716
0 0.57539062 0.76345755 0.01796875 0.02795031
0 0.66367187 0.74689440 0.01015625 0.01552795
0 0.47226562 0.74534161 0.01015625 0.01656314
0 0.48789062 0.74223602 0.01015625 0.01242236
0 0.37070312 0.74534161 0.01015625 0.02484472
0 0.43945312 0.72877846 0.01015625 0.01449275
0 0.39609375 0.71532091 0.015625 0.01449275
0 0.55625 0.71687370 0.0171875 0.02173913
0 0.37578125 0.71376811 0.0171875 0.02380952
0 0.66054687 0.70859213 0.01328125 0.01966873
0 0.5890625 0.70859213 0.0171875 0.02380952
0 0.340625 0.70496894 0.0125 0.01656314
0 0.35703125 0.66718426 0.0078125 0.01966873
0 0.63203125 0.66304347 0.0125 0.01552795
0 0.584375 0.66097308 0.0125 0.01345755
0 0.5984375 0.63975155 0.015625 0.02898550
0 0.3265625 0.62267080 0.025 0.01759834
0 0.65039062 0.60300207 0.01328125 0.02380952
0 0.39921875 0.60196687 0.0328125 0.02380952
0 0.57890625 0.59109730 0.0125 0.01242236
0 0.671875 0.56004140 0.0125 0.01035196
0 0.42226562 0.55227743 0.00859375 0.00931677
0 0.39648437 0.54968944 0.01015625 0.01449275
0 0.3765625 0.54503105 0.0078125 0.01138716
0 0.63867187 0.52743271 0.01953125 0.00931677
0 0.409375 0.52173913 0.0109375 0.01242236
0 0.59804687 0.51552795 0.01015625 0.01242236
0 0.34023437 0.51293995 0.00859375 0.01138716
0 0.5078125 0.50414078 0.015625 0.01656314
0 0.32421875 0.49223602 0.0140625 0.02587991
0 0.4078125 0.48033126 0.0109375 0.01242236
0 0.42460937 0.47412008 0.01171875 0.01656314
0 0.6796875 0.47670807 0.0171875 0.02380952
0 0.49570312 0.45962732 0.00859375 0.02070393
0 0.4125 0.45341614 0.0078125 0.01035196
0 0.44726562 0.45341614 0.01484375 0.02070393
0 0.66015625 0.44099378 0.0125 0.01449275
0 0.34765625 0.43788819 0.009375 0.01242236
0 0.57890625 0.43322981 0.0109375 0.01345755
0 0.43007812 0.41718426 0.01328125 0.01656314
0 0.67304687 0.41252587 0.02265625 0.01138716
0 0.37382812 0.39855072 0.01171875 0.01449275
0 0.475 0.38405797 0.009375 0.01242236
0 0.61953125 0.38457556 0.0171875 0.02380952
0 0.65117187 0.35921325 0.01015625 0.01242236
0 0.34765625 0.35869565 0.0171875 0.02380952
0 0.63320312 0.35248447 0.01015625 0.01345755
0 0.521875 0.34316770 0.0171875 0.02380952
0 0.33984375 0.33695652 0.015625 0.01138716
0 0.60625 0.33281573 0.0171875 0.02380952
0 0.37734375 0.30900621 0.0109375 0.01138716
0 0.6 0.30383022 0.0078125 0.02587991
0 0.5265625 0.29347826 0.0125 0.02173913
0 0.571875 0.25776397 0.009375 0.01242236
0 0.45820312 0.25879917 0.01015625 0.01449275
0 0.48359375 0.25672877 0.009375 0.01242236
0 0.403125 0.25569358 0.0109375 0.02277432
0 0.6 0.24482401 0.009375 0.02173913
0 0.42773437 0.23240165 0.00859375 0.01138716
0 0.65117187 0.22256728 0.00703125 0.01035196
0 0.35039062 0.16977225 0.01015625 0.01242236
0 0.39492187 0.15372670 0.00703125 0.02795031
0 0.55664062 0.14544513 0.01015625 0.01345755
0 0.58984375 0.13819875 0.025 0.02173913
0 0.64609375 0.13716356 0.0171875 0.02380952
0 0.52070312 0.12991718 0.01171875 0.01759834
0 0.38515625 0.10093167 0.0140625 0.01345755
0 0.59140625 0.07867494 0.0125 0.01863354
0 0.5640625 0.07712215 0.0171875 0.02380952
0 0.5171875 0.04503105 0.0203125 0.01759834