0 0.38867187 0.98757763 0.01328125 0.01656314
0 0.56914062 0.98706004 0.01171875 0.01759834
0 0.32421875 0.95703933 0.0109375 0.01759834
0 0.35273437 0.94616977 0.00703125 0.01863354
0 0.6796875 0.92805383 0.0171875 0.02380952
0 0.39140625 0.91821946 0.009375 0.01863354
0 0.5453125 0.90993788 0.01875 0.01656314
0 0.51914062 0.89648033 0.01015625 0.01242236
0 0.34882812 0.90372670 0.01328125 0.03726708
0 0.315625 0.88405797 0.0109375 0.01035196
0 0.54882812 0.88561076 0.01328125 0.01759834
0 0.59179687 0.88975155 0.02265625 0.02795031
0 0.5515625 0.84368530 0.0125 0.01863354
0 0.63164062 0.84057971 0.00859375 0.01449275
0 0.6046875 0.84109730 0.021875 0.01552795
0 0.40078125 0.83385093 0.0125 0.01345755
0 0.53007812 0.83178053 0.01328125 0.01345755
0 0.453125 0.82194616 0.009375 0.01242236
0 0.6609375 0.82453416 0.0171875 0.02380952
0 0.30898437 0.81418219 0.01484375 0.01759834
0 0.31679687 0.79710144 0.01484375 0.01863354
0 0.4078125 0.79503105 0.009375 0.01656314
0 0.58242187 0.76966873 0.01015625 0.01138716
0 0.5546875 0.75621118 0.0171875 0.02173913
0 0.39375 0.76604554 0.0171875 0.04761904
0 0.61796875 0.73964803 0.0171875 0.02380952
0 0.59648437 0.73240165 0.01015625 0.01966873
0 0.44648437 0.71842650 0.01328125 0.01035196
0 0.3984375 0.72308488 0.0078125 0.02587991
0 0.59414062 0.69151138 0.01015625 0.01242236
0 0.47929687 0.68271221 0.01171875 0.01552795
0 0.33632812 0.67598343 0.01328125 0.01656314
0 0.31015625 0.66511387 0.0125 0.01966873
0 0.49609375 0.63509316 0.0234375 0.02173913
0 0.32421875 0.62111801 0.0109375 0.01863354
0 0.51875 0.61645962 0.0125 0.01966873
0 0.65117187 0.61024844 0.01171875 0.01552795
0 0.340625 0.60559006 0.021875 0.01863354
0 0.525 0.59834368 0.01875 0.01449275
0 0.43515625 0.58902691 0.0109375 0.01449275
0 0.60234375 0.59161490 0.0171875 0.02380952
0 0.55351562 0.58592132 0.01484375 0.01449275
0 0.68046875 0.58385093 0.0109375 0.01449275
0 0.57929687 0.58126293 0.01171875 0.01552795
0 0.48203125 0.57867494 0.021875 0.01656314
0 0.48632812 0.55590062 0.01953125 0.01656314
0 0.51796875 0.54658385 0.009375 0.01242236
0 0.31171875 0.54658385 0.0140625 0.01656314
0 0.50117187 0.53933747 0.01484375 0.01035196
0 0.6 0.52329192 0.0109375 0.01345755
0 0.29414062 0.51863354 0.01171875 0.01449275
0 0.3234375 0.51863354 0.0171875 0.02070393
0 0.41953125 0.51293995 0.0109375 0.01345755
0 0.56835937 0.50983436 0.01484375 0.02587991
0 0.39296875 0.49792960 0.0125 0.01863354
0 0.53398437 0.49482401 0.00859375 0.01449275
0 0.37851562 0.48706004 0.01171875 0.01552795
0 0.46054687 0.47360248 0.01484375 0.03002070
0 0.31796875 0.44565217 0.0171875 0.02380952
0 0.5546875 0.43478260 0.009375 0.01242236
0 0.6234375 0.43115942 0.0171875 0.02380952
0 0.49765625 0.41407867 0.0125 0.01656314
0 0.31484375 0.40165631 0.0140625 0.01656314
0 0.54296875 0.36387163 0.0125 0.01345755
0 0.45273437 0.35610766 0.02578125 0.02484472
0 0.54179687 0.34161490 0.01171875 0.01449275
0 0.43828125 0.32815734 0.015625 0.01863354
0 0.48398437 0.31884057 0.01796875 0.01242236
0 0.54101562 0.31262939 0.01328125 0.01656314
0 0.50429687 0.28467908 0.01171875 0.02070393
0 0.48828125 0.25517598 0.0140625 0.01138716
0 0.62109375 0.22463768 0.0125 0.01656314
0 0.4171875 0.21894409 0.0125 0.01552795
0 0.55585937 0.19668737 0.01171875 0.02070393
0 0.64179687 0.17857142 0.01796875 0.03830227
0 0.44375 0.16718426 0.0171875 0.02380952
0 0.52851562 0.13302277 0.01328125 0.01138716
0 0.44570312 0.13043478 0.00859375 0.01656314
0 0.51679687 0.10921325 0.01328125 0.01552795
0 0.42421875 0.10248447 0.009375 0.01242236
0 0.3546875 0.08592132 0.009375 0.01656314
0 0.62773437 0.08850931 0.01796875 0.02795031
0 0.46679687 0.05952380 0.01171875 0.01552795
0 0.38789062 0.05434782 0.01171875 0.01552795
0 0.6921875 0.04140786 0.0109375 0.01242236
0 0.56015625 0.03260869 0.01875 0.02380952
0 0.30898437 0.02122153 0.00859375 0.02380952
0 0.62578125 0.01708074 0.0171875 0.02380952
0 0.54414062 0.01138716 0.01328125 0.01656314
0 0.50234375 0.00672877 0.0078125 0.01345755