0 0.51835937 0.98913043 0.01796875 0.02173913
0 0.4703125 0.96790890 0.0109375 0.01449275
0 0.5359375 0.90320910 0.00625 0.01138716
0 0.53164062 0.80745341 0.00859375 0.02484472
0 0.39492187 0.79503105 0.00859375 0.02070393
0 0.31523437 0.79089026 0.00546875 0.01863354
0 0.50976562 0.71894409 0.02421875 0.03002070
0 0.3296875 0.57919254 0.0234375 0.02587991
0 0.39960937 0.57401656 0.01640625 0.01759834
0 0.68359375 0.55124223 0.0140625 0.01552795
0 0.353125 0.54917184 0.015625 0.01759834
0 0.44609375 0.55124223 0.0171875 0.02380952
0 0.59179687 0.52018633 0.01171875 0.02173913
0 0.67148437 0.51708074 0.02109375 0.02587991
0 0.49140625 0.48188405 0.0125 0.02173913
0 0.3484375 0.37215320 0.0140625 0.01966873
0 0.54609375 0.36490683 0.0140625 0.01966873
0 0.46328125 0.36438923 0.015625 0.02277432
0 0.64882812 0.35610766 0.01640625 0.02277432
0 0.50585937 0.32556935 0.01484375 0.01759834
0 0.59804687 0.30745341 0.01640625 0.02691511
0 0.42617187 0.28881987 0.01328125 0.02277432
0 0.44179687 0.15372670 0.01015625 0.01345755
0 0.61914062 0.11231884 0.01796875 0.03002070
0 0.64921875 0.10455486 0.0109375 0.01656314
0 0.3609375 0.07919254 0.0125 0.01966873