0 0.48085937 0.96376811 0.02109375 0.01242236
0 0.60742187 0.95962732 0.00859375 0.01863354
0 0.62148437 0.96118012 0.01484375 0.02380952
0 0.32734375 0.93633540 0.0203125 0.01345755
0 0.49101562 0.93322981 0.00859375 0.01138716
0 0.64921875 0.93219461 0.028125 0.01138716
0 0.41171875 0.91252587 0.015625 0.02795031
0 0.56914062 0.88561076 0.01171875 0.01552795
0 0.4453125 0.88302277 0.009375 0.01242236
0 0.45507812 0.87008281 0.01171875 0.01345755
0 0.54023437 0.86231884 0.01640625 0.02070393
0 0.33710937 0.85559006 0.01015625 0.01138716
0 0.63984375 0.85300207 0.009375 0.01449275
0 0.3203125 0.85300207 0.0109375 0.01449275
0 0.5734375 0.84316770 0.0171875 0.02380952
0 0.41367187 0.83954451 0.01328125 0.01656314
0 0.36640625 0.82815734 0.0125 0.01656314
0 0.4484375 0.81211180 0.0109375 0.01345755
0 0.3640625 0.78674948 0.009375 0.01449275
0 0.5296875 0.78416149 0.0171875 0.02380952
0 0.34648437 0.77795031 0.01328125 0.01138716
0 0.42695312 0.76966873 0.01328125 0.01966873
0 0.2984375 0.76501035 0.0140625 0.01449275
0 0.5 0.76190476 0.009375 0.01242236
0 0.553125 0.75828157 0.009375 0.01138716
0 0.45195312 0.73809523 0.01015625 0.01035196
0 0.68476562 0.73913043 0.01328125 0.01863354
0 0.4640625 0.72204968 0.009375 0.01345755
0 0.44414062 0.68892339 0.00859375 0.01138716
0 0.64414062 0.68737060 0.00859375 0.01242236
0 0.51679687 0.69047619 0.01484375 0.02277432
0 0.66953125 0.68064182 0.0171875 0.02380952
0 0.42460937 0.67339544 0.01015625 0.01759834
0 0.36210937 0.65993788 0.01328125 0.01138716
0 0.61328125 0.65683229 0.0109375 0.01138716
0 0.58554687 0.64596273 0.01015625 0.01035196
0 0.39609375 0.64544513 0.01875 0.01759834
0 0.68632812 0.63561076 0.01171875 0.01863354
0 0.42421875 0.63457556 0.0125 0.01656314
0 0.328125 0.62939958 0.0140625 0.02070393
0 0.35 0.62577639 0.0109375 0.01552795
0 0.67109375 0.61283643 0.0125 0.01242236
0 0.35625 0.59886128 0.0171875 0.02380952
0 0.31601562 0.57401656 0.01015625 0.01552795
0 0.66367187 0.57815734 0.01171875 0.03002070
0 0.29960937 0.56107660 0.01015625 0.01449275
0 0.38671875 0.55797101 0.0140625 0.01035196
0 0.59804687 0.54658385 0.01171875 0.01656314
0 0.43671875 0.53623188 0.009375 0.01449275
0 0.52148437 0.51863354 0.00859375 0.01656314
0 0.41210937 0.51604554 0.00859375 0.01345755
0 0.54960937 0.49378881 0.01171875 0.01863354
0 0.65976562 0.48602484 0.01171875 0.01138716
0 0.37851562 0.43737060 0.01640625 0.01138716
0 0.52382812 0.43633540 0.01015625 0.01552795
0 0.31640625 0.43944099 0.0125 0.02380952
0 0.63007812 0.43271221 0.01015625 0.01242236
0 0.34335937 0.43064182 0.01015625 0.01242236
0 0.440625 0.41821946 0.0125 0.01449275
0 0.45507812 0.39130434 0.01015625 0.01863354
0 0.57460937 0.38250517 0.02890625 0.03623188
0 0.34804687 0.37629399 0.02421875 0.02795031
0 0.51484375 0.36594202 0.0125 0.01552795
0 0.39726562 0.35973084 0.01484375 0.01759834
0 0.37578125 0.35559006 0.0125 0.01345755
0 0.5890625 0.34627329 0.01875 0.01759834
0 0.56328125 0.34109730 0.009375 0.01345755
0 0.49570312 0.33229813 0.00859375 0.01449275
0 0.50976562 0.32349896 0.01328125 0.01138716
0 0.43789062 0.32505175 0.01328125 0.01656314
0 0.36757812 0.31314699 0.01328125 0.02173913
0 0.62773437 0.30538302 0.00859375 0.01242236
0 0.54335937 0.29606625 0.01171875 0.01449275
0 0.61992187 0.29140786 0.01171875 0.01345755
0 0.36601562 0.29089026 0.03203125 0.01656314
0 0.47382812 0.25414078 0.01015625 0.01345755
0 0.52890625 0.22308488 0.0109375 0.01345755
0 0.38710937 0.22360248 0.01640625 0.01656314
0 0.503125 0.21946169 0.0125 0.01656314
0 0.43007812 0.21946169 0.01171875 0.01656314
0 0.35898437 0.21480331 0.01171875 0.01966873
0 0.57539062 0.19875776 0.01015625 0.01035196
0 0.51601562 0.20082815 0.01796875 0.02691511
0 0.5375 0.18581780 0.009375 0.01345755
0 0.62890625 0.16563146 0.0109375 0.01656314
0 0.50351562 0.16097308 0.01171875 0.01345755
0 0.5046875 0.12008281 0.0140625 0.01656314
0 0.33046875 0.10093167 0.0078125 0.01345755
0 0.61210937 0.09316770 0.01171875 0.01449275
0 0.58164062 0.06987577 0.01015625 0.01345755
0 0.35195312 0.06625258 0.01328125 0.01449275
0 0.6 0.03260869 0.0125 0.01552795
0 0.5203125 0.03053830 0.0078125 0.01345755
0 0.4875 0.03002070 0.0140625 0.02277432
0 0.55585937 0.02587991 0.01015625 0.01863354