0 0.66523437 0.81366459 0.01953125 0.02070393
0 0.35585937 0.75776397 0.02265625 0.02070393
0 0.42617187 0.74275362 0.01640625 0.02587991
0 0.5609375 0.53674948 0.021875 0.03830227
0 0.5734375 0.42236024 0.0203125 0.02277432
0 0.4828125 0.38664596 0.021875 0.02587991
0 0.540625 0.38198757 0.021875 0.03312629
0 0.59804687 0.32815734 0.01640625 0.02484472
0 0.37578125 0.32349896 0.0171875 0.01966873
0 0.5078125 0.29606625 0.015625 0.02484472
0 0.42109375 0.28519668 0.0140625 0.01552795
0 0.346875 0.11231884 0.0203125 0.02587991