0 0.30898437 0.97049689 0.02421875 0.03209109
0 0.2921875 0.95445134 0.01875 0.01449275
0 0.49804687 0.95082815 0.01796875 0.04451345
0 0.634375 0.91149068 0.0171875 0.02380952
0 0.47460937 0.89544513 0.01171875 0.01242236
0 0.55625 0.89130434 0.0140625 0.01656314
0 0.58476562 0.88664596 0.01015625 0.01345755
0 0.38515625 0.88871635 0.0171875 0.02380952
0 0.6296875 0.87215320 0.0109375 0.01759834
0 0.5859375 0.85300207 0.0140625 0.02484472
0 0.40429687 0.84161490 0.01328125 0.01656314
0 0.68242187 0.84989648 0.01796875 0.03726708
0 0.65664062 0.81677018 0.01484375 0.01242236
0 0.66953125 0.81573498 0.009375 0.01449275
0 0.41210937 0.80693581 0.00703125 0.01759834
0 0.31835937 0.80175983 0.01328125 0.03002070
0 0.39335937 0.79968944 0.02421875 0.02795031
0 0.67734375 0.77795031 0.0171875 0.02380952
0 0.64257812 0.77018633 0.01328125 0.01449275
0 0.60273437 0.73809523 0.01015625 0.01242236
0 0.36914062 0.73964803 0.01171875 0.01552795
0 0.48476562 0.72619047 0.00859375 0.01345755
0 0.51914062 0.71842650 0.01484375 0.01656314
0 0.61875 0.70962732 0.028125 0.01759834
0 0.65 0.70393374 0.0125 0.01449275
0 0.37695312 0.70341614 0.01171875 0.01552795
0 0.58320312 0.68840579 0.01484375 0.01242236
0 0.48125 0.68788819 0.0171875 0.02380952
0 0.55351562 0.68167701 0.01015625 0.01552795
0 0.6171875 0.67184265 0.0125 0.02070393
0 0.62226562 0.65372670 0.01015625 0.01345755
0 0.56796875 0.65062111 0.03125 0.01966873
0 0.43867187 0.62629399 0.01484375 0.01656314
0 0.58984375 0.61645962 0.0109375 0.01552795
0 0.67226562 0.61490683 0.01953125 0.01863354
0 0.653125 0.60455486 0.009375 0.01449275
0 0.41914062 0.58902691 0.00859375 0.02277432
0 0.46484375 0.57867494 0.0140625 0.01863354
0 0.45195312 0.56211180 0.01171875 0.01449275
0 0.41445312 0.53467908 0.01015625 0.01552795
0 0.4984375 0.52846790 0.0171875 0.02380952
0 0.45390625 0.52639751 0.0125 0.03623188
0 0.56523437 0.50155279 0.01328125 0.01552795
0 0.3984375 0.50569358 0.009375 0.02795031
0 0.34296875 0.48964803 0.0125 0.01656314
0 0.29414062 0.48240165 0.01171875 0.01449275
0 0.65117187 0.45910973 0.01796875 0.01138716
0 0.31875 0.44254658 0.0125 0.01966873
0 0.57421875 0.44254658 0.0171875 0.02380952
0 0.55859375 0.43322981 0.009375 0.01345755
0 0.53359375 0.43737060 0.0109375 0.02587991
0 0.6703125 0.43064182 0.0140625 0.02691511
0 0.37929687 0.42132505 0.01015625 0.01656314
0 0.3046875 0.39492753 0.0125 0.01759834
0 0.36015625 0.39233954 0.0109375 0.01449275
0 0.45390625 0.38664596 0.0171875 0.02587991
0 0.43007812 0.37836438 0.01171875 0.01552795
0 0.38242187 0.37629399 0.02265625 0.02795031
0 0.4359375 0.36283643 0.0125 0.00931677
0 0.5171875 0.36594202 0.0171875 0.02380952
0 0.3734375 0.35144927 0.0109375 0.01759834
0 0.46328125 0.35041407 0.0125 0.01759834
0 0.51640625 0.34368530 0.0140625 0.01242236
0 0.38945312 0.34213250 0.01640625 0.02173913
0 0.46640625 0.33333333 0.0078125 0.01449275
0 0.63046875 0.32919254 0.01875 0.01863354
0 0.54375 0.32349896 0.0171875 0.02380952
0 0.5140625 0.29554865 0.0109375 0.01345755
0 0.5359375 0.28519668 0.0125 0.01552795
0 0.61679687 0.27898550 0.02265625 0.01138716
0 0.446875 0.27587991 0.0171875 0.02380952
0 0.50820312 0.22981366 0.01953125 0.02070393
0 0.57382812 0.22412008 0.01328125 0.01552795
0 0.35039062 0.22515527 0.02890625 0.01966873
0 0.48710937 0.20341614 0.06171875 0.03002070
0 0.5265625 0.18064182 0.0109375 0.01759834
0 0.4859375 0.14958592 0.0109375 0.01345755
0 0.46484375 0.13509316 0.0125 0.01552795
0 0.54453125 0.13612836 0.0171875 0.02380952
0 0.52109375 0.09627329 0.0109375 0.02484472
0 0.534375 0.09730848 0.0171875 0.03726708
0 0.40351562 0.07763975 0.01328125 0.01449275
0 0.69375 0.02018633 0.0125 0.01138716
0 0.3734375 0.02225672 0.0125 0.01552795
0 0.59296875 0.01086956 0.0203125 0.02173913