0 0.603125 0.96842650 0.0109375 0.01966873
0 0.31289062 0.95496894 0.01796875 0.01966873
0 0.58359375 0.94565217 0.01875 0.01138716
0 0.45117187 0.91407867 0.01015625 0.03105590
0 0.38515625 0.89958592 0.0171875 0.01656314
0 0.50625 0.90217391 0.0171875 0.02380952
0 0.57304687 0.88664596 0.00859375 0.01138716
0 0.68203125 0.88198757 0.0109375 0.01449275
0 0.55117187 0.87111801 0.01015625 0.01138716
0 0.35039062 0.86387163 0.01015625 0.01138716
0 0.52421875 0.85196687 0.0140625 0.01863354
0 0.3203125 0.84265010 0.0140625 0.01242236
0 0.6296875 0.84006211 0.0171875 0.02380952
0 0.5390625 0.82763975 0.0203125 0.02173913
0 0.42851562 0.82091097 0.01953125 0.03105590
0 0.51445312 0.80538302 0.01484375 0.01863354
0 0.621875 0.78830227 0.0140625 0.01345755
0 0.54335937 0.78623188 0.01015625 0.01552795
0 0.37304687 0.78364389 0.01171875 0.01656314
0 0.5765625 0.77846790 0.0109375 0.01449275
0 0.39414062 0.76138716 0.01953125 0.02380952
0 0.62265625 0.75672877 0.015625 0.03105590
0 0.58320312 0.73757763 0.01171875 0.01345755
0 0.44101562 0.72929606 0.01015625 0.01759834
0 0.58867187 0.72204968 0.01171875 0.01552795
0 0.5125 0.70445134 0.0171875 0.02380952
0 0.33867187 0.69565217 0.01328125 0.01863354
0 0.48359375 0.69202898 0.009375 0.01345755
0 0.66953125 0.69151138 0.0125 0.01656314
0 0.60507812 0.67236024 0.01015625 0.01345755
0 0.33476562 0.66770186 0.01796875 0.01035196
0 0.37304687 0.65476190 0.01015625 0.01138716
0 0.44375 0.65010351 0.0125 0.01449275
0 0.32773437 0.64906832 0.01171875 0.01449275
0 0.48398437 0.64751552 0.01171875 0.01552795
0 0.50625 0.64906832 0.0078125 0.02484472
0 0.634375 0.61180124 0.009375 0.01242236
0 0.48867187 0.60455486 0.00859375 0.02070393
0 0.29804687 0.59627329 0.00859375 0.01035196
0 0.55859375 0.59420289 0.0125 0.01035196
0 0.49960937 0.54761904 0.01484375 0.01035196
0 0.55273437 0.54761904 0.01171875 0.01449275
0 0.47109375 0.54503105 0.0109375 0.01345755
0 0.321875 0.54813664 0.009375 0.01966873
0 0.34140625 0.54658385 0.0171875 0.02070393
0 0.64023437 0.52743271 0.01484375 0.01552795
0 0.37617187 0.50103519 0.01328125 0.01656314
0 0.33164062 0.49378881 0.01015625 0.01242236
0 0.30703125 0.48550724 0.0140625 0.02277432
0 0.4921875 0.48809523 0.021875 0.03002070
0 0.55898437 0.42960662 0.01171875 0.01656314
0 0.47109375 0.42598343 0.0171875 0.02380952
0 0.63203125 0.41407867 0.0109375 0.01656314
0 0.34804687 0.40062111 0.01171875 0.01863354
0 0.55 0.38819875 0.0125 0.01656314
0 0.32265625 0.38509316 0.0265625 0.01242236
0 0.56328125 0.37939958 0.0109375 0.01966873
0 0.45195312 0.36904761 0.01953125 0.01759834
0 0.41953125 0.36231884 0.01875 0.01242236
0 0.37070312 0.35662525 0.01015625 0.02380952
0 0.61210937 0.34420289 0.01015625 0.01345755
0 0.38984375 0.33592132 0.028125 0.03209109
0 0.55195312 0.31935817 0.01171875 0.01552795
0 0.3765625 0.28881987 0.0140625 0.01242236
0 0.59140625 0.28571428 0.0265625 0.03312629
0 0.48710937 0.27484472 0.01328125 0.01552795
0 0.61953125 0.26397515 0.0140625 0.01449275
0 0.55898437 0.25569358 0.01328125 0.01656314
0 0.346875 0.25362318 0.0125 0.01656314
0 0.5 0.23913043 0.009375 0.02277432
0 0.4734375 0.21325051 0.0109375 0.01449275
0 0.53398437 0.21066252 0.01015625 0.01345755
0 0.44453125 0.20755693 0.009375 0.01552795
0 0.45234375 0.17184265 0.015625 0.01242236
0 0.421875 0.17339544 0.0171875 0.02380952
0 0.33320312 0.14855072 0.00859375 0.01552795
0 0.571875 0.13561076 0.01875 0.01656314
0 0.38203125 0.13250517 0.015625 0.01863354
0 0.59921875 0.09782608 0.0109375 0.00931677
0 0.57265625 0.10403726 0.0171875 0.02380952
0 0.459375 0.10041407 0.0234375 0.01863354
0 0.384375 0.09575569 0.0109375 0.01345755
0 0.340625 0.07556935 0.0109375 0.01242236
0 0.50820312 0.06107660 0.01015625 0.01242236
0 0.59882812 0.05952380 0.01015625 0.01759834
0 0.55117187 0.02639751 0.00859375 0.01138716
0 0.590625 0.03157349 0.0171875 0.02380952
0 0.6953125 0.01604554 0.0171875 0.02380952
0 0.59101562 0.00465838 0.01640625 0.00931677