0 0.2828125 0.98343685 0.0078125 0.01035196
0 0.59882812 0.98809523 0.01015625 0.02380952
0 0.41875 0.93840579 0.0078125 0.01552795
0 0.65898437 0.91614906 0.01171875 0.01656314
0 0.515625 0.90838509 0.0234375 0.01138716
0 0.415625 0.90890269 0.0125 0.01863354
0 0.48046875 0.88716356 0.0109375 0.01449275
0 0.40742187 0.87681159 0.02890625 0.01656314
0 0.31796875 0.86594202 0.0171875 0.02380952
0 0.34101562 0.85714285 0.00859375 0.01242236
0 0.38085937 0.84937888 0.01015625 0.01552795
0 0.47578125 0.85455486 0.0125 0.02795031
0 0.51289062 0.84316770 0.01171875 0.01759834
0 0.42226562 0.84161490 0.00859375 0.02070393
0 0.53242187 0.82556935 0.00703125 0.02380952
0 0.45976562 0.81521739 0.00859375 0.01345755
0 0.60585937 0.77432712 0.00703125 0.01035196
0 0.66289062 0.76293995 0.01171875 0.01242236
0 0.4765625 0.76345755 0.0109375 0.01552795
0 0.30234375 0.76397515 0.0109375 0.01656314
0 0.54726562 0.75517598 0.01171875 0.02587991
0 0.51328125 0.75103519 0.0171875 0.02380952
0 0.49296875 0.74171842 0.0171875 0.02380952
0 0.44101562 0.70652173 0.01484375 0.00931677
0 0.65898437 0.69254658 0.00859375 0.01035196
0 0.30117187 0.66666666 0.01015625 0.02898550
0 0.50351562 0.64648033 0.01484375 0.01552795
0 0.59570312 0.64182194 0.00703125 0.01242236
0 0.39101562 0.63975155 0.00703125 0.02691511
0 0.67890625 0.63095238 0.0171875 0.02380952
0 0.57773437 0.61438923 0.01328125 0.01759834
0 0.51484375 0.61335403 0.0171875 0.02380952
0 0.45429687 0.60300207 0.00859375 0.02173913
0 0.50351562 0.59472049 0.00859375 0.01345755
0 0.55273437 0.58333333 0.00859375 0.01345755
0 0.49140625 0.56107660 0.015625 0.01863354
0 0.37929687 0.55072463 0.01171875 0.01863354
0 0.65195312 0.54296066 0.01015625 0.01345755
0 0.42226562 0.54296066 0.00859375 0.01345755
0 0.453125 0.53726708 0.0109375 0.02277432
0 0.32148437 0.52225672 0.01015625 0.01345755
0 0.3609375 0.51501035 0.0125 0.02380952
0 0.39882812 0.48706004 0.01015625 0.01552795
0 0.39804687 0.46169772 0.02265625 0.02070393
0 0.64101562 0.45652173 0.01015625 0.01242236
0 0.3375 0.46118012 0.009375 0.02173913
0 0.46132812 0.42908902 0.01015625 0.01345755
0 0.58046875 0.42132505 0.0125 0.01449275
0 0.66640625 0.42339544 0.01875 0.02484472
0 0.33046875 0.41304347 0.0171875 0.01656314
0 0.55 0.40476190 0.0171875 0.02898550
0 0.3953125 0.39906832 0.0171875 0.02380952
0 0.66953125 0.37836438 0.009375 0.01759834
0 0.57304687 0.38612836 0.02578125 0.03519668
0 0.52773437 0.37060041 0.01171875 0.01656314
0 0.55195312 0.34834368 0.01328125 0.01759834
0 0.33867187 0.34109730 0.01484375 0.01759834
0 0.39453125 0.33747412 0.0109375 0.01449275
0 0.43203125 0.33385093 0.0109375 0.01759834
0 0.6296875 0.32142857 0.0125 0.01759834
0 0.39179687 0.30900621 0.00859375 0.01345755
0 0.42578125 0.29347826 0.0125 0.01345755
0 0.47929687 0.29089026 0.01015625 0.01242236
0 0.46289062 0.28571428 0.01171875 0.01449275
0 0.52226562 0.27225672 0.00859375 0.01449275
0 0.40546875 0.26501035 0.015625 0.01656314
0 0.575 0.26138716 0.0140625 0.01759834
0 0.41289062 0.24068322 0.01015625 0.01138716
0 0.45234375 0.24068322 0.0140625 0.01966873
0 0.60625 0.23343685 0.0171875 0.02380952
0 0.36328125 0.22567287 0.0109375 0.01449275
0 0.34140625 0.23033126 0.0171875 0.02380952
0 0.465625 0.19772256 0.009375 0.02277432
0 0.63828125 0.19409937 0.01875 0.02173913
0 0.5578125 0.18995859 0.015625 0.02380952
0 0.42382812 0.18530020 0.02890625 0.03519668
0 0.4796875 0.17443064 0.0109375 0.01552795
0 0.51367187 0.16770186 0.01953125 0.03726708
0 0.55390625 0.13405797 0.0140625 0.01759834
0 0.5328125 0.14026915 0.015625 0.03623188
0 0.6171875 0.11387163 0.015625 0.01449275
0 0.44921875 0.11335403 0.0109375 0.01552795
0 0.58476562 0.08022774 0.01171875 0.01759834
0 0.6359375 0.06366459 0.015625 0.01759834
0 0.49570312 0.07556935 0.01796875 0.04554865
0 0.5109375 0.05952380 0.009375 0.01552795
0 0.52382812 0.05900621 0.01171875 0.02898550
0 0.69140625 0.03778467 0.0171875 0.01966873
0 0.38203125 0.00569358 0.0109375 0.01138716