0 0.5 0.89026915 0.0515625 0.02484472
0 0.31953125 0.87784679 0.01875 0.02070393
0 0.35585937 0.75776397 0.02265625 0.02070393
0 0.6265625 0.69358178 0.01875 0.02277432
0 0.58789062 0.68012422 0.01171875 0.02070393
0 0.57851562 0.60041407 0.01953125 0.02277432
0 0.55546875 0.51915113 0.0125 0.01759834
0 0.42070312 0.53105590 0.03828125 0.05383022
0 0.4171875 0.48498964 0.015625 0.02795031
0 0.45742187 0.45238095 0.01640625 0.03105590
0 0.38046875 0.41718426 0.0171875 0.02070393
0 0.57578125 0.38768115 0.021875 0.02173913
0 0.540625 0.37629399 0.021875 0.02173913
0 0.51328125 0.33540372 0.0171875 0.01242236
0 0.3953125 0.33488612 0.015625 0.02380952
0 0.48476562 0.29554865 0.03046875 0.02173913
0 0.42265625 0.30590062 0.0296875 0.04244306
0 0.49648437 0.23861283 0.01796875 0.03002070
0 0.44335937 0.20962732 0.02421875 0.01966873