0 0.51757812 0.83747412 0.01328125 0.01035196
0 0.5859375 0.81935817 0.015625 0.01552795
0 0.66367187 0.80175983 0.01796875 0.03416149
0 0.346875 0.78674948 0.0125 0.01863354
0 0.36757812 0.72567287 0.01328125 0.03726708
0 0.29609375 0.66459627 0.015625 0.01863354
0 0.43359375 0.65269151 0.015625 0.01552795
0 0.609375 0.62525879 0.0140625 0.01449275
0 0.43046875 0.58022774 0.015625 0.01345755
0 0.49726562 0.53623188 0.01484375 0.01449275
0 0.67851562 0.52536231 0.02109375 0.02380952
0 0.41054687 0.51035196 0.02265625 0.02070393
0 0.36132812 0.28002070 0.01953125 0.02380952
0 0.55976562 0.20652173 0.01640625 0.03209109
0 0.63476562 0.19358178 0.01953125 0.02691511
0 0.49882812 0.19358178 0.02265625 0.03105590
0 0.33125 0.12215320 0.009375 0.01863354