0 0.55429687 0.97049689 0.00859375 0.01138716
0 0.41171875 0.96997929 0.0078125 0.02691511
0 0.32890625 0.96687370 0.0125 0.03105590
0 0.66367187 0.91511387 0.00859375 0.03312629
0 0.45 0.90527950 0.0140625 0.01552795
0 0.596875 0.89078674 0.0171875 0.02380952
0 0.5546875 0.88509316 0.0078125 0.01449275
0 0.49296875 0.88716356 0.0234375 0.03519668
0 0.65117187 0.86283643 0.00859375 0.01966873
0 0.60273437 0.86180124 0.01328125 0.01966873
0 0.309375 0.85300207 0.0109375 0.01449275
0 0.42070312 0.83488612 0.00859375 0.01138716
0 0.32773437 0.82763975 0.01328125 0.01552795
0 0.34140625 0.81625258 0.0140625 0.01759834
0 0.45078125 0.81159420 0.0109375 0.01449275
0 0.678125 0.80486542 0.0109375 0.01345755
0 0.36835937 0.80331262 0.02421875 0.02484472
0 0.63359375 0.79968944 0.0171875 0.02380952
0 0.50507812 0.79347826 0.01328125 0.01966873
0 0.41171875 0.77587991 0.015625 0.00931677
0 0.31601562 0.75724637 0.01171875 0.01138716
0 0.38046875 0.76035196 0.0171875 0.02173913
0 0.40859375 0.74844720 0.01875 0.02484472
0 0.63476562 0.73964803 0.01171875 0.01759834
0 0.5109375 0.74068322 0.0171875 0.02380952
0 0.5296875 0.73033126 0.009375 0.01552795
0 0.50507812 0.71428571 0.01796875 0.01863354
0 0.44726562 0.70031055 0.01171875 0.01552795
0 0.55625 0.68788819 0.0140625 0.01759834
0 0.29882812 0.67391304 0.01171875 0.01035196
0 0.34101562 0.67857142 0.02421875 0.02380952
0 0.68359375 0.64389233 0.015625 0.01863354
0 0.41835937 0.64078674 0.01484375 0.02898550
0 0.45859375 0.62422360 0.0109375 0.01449275
0 0.48398437 0.62008281 0.01328125 0.01242236
0 0.40234375 0.61853002 0.0109375 0.01345755
0 0.52734375 0.59886128 0.0140625 0.02380952
0 0.37851562 0.58799171 0.01015625 0.01449275
0 0.34609375 0.57660455 0.01875 0.01035196
0 0.59609375 0.53726708 0.009375 0.01035196
0 0.67539062 0.53209109 0.02421875 0.02484472
0 0.49492187 0.51863354 0.01171875 0.01449275
0 0.36601562 0.49016563 0.01484375 0.03830227
0 0.58515625 0.47101449 0.009375 0.01242236
0 0.3375 0.46739130 0.0109375 0.01345755
0 0.50976562 0.46325051 0.01171875 0.02173913
0 0.31679687 0.48240165 0.05703125 0.08074534
0 0.4671875 0.42701863 0.0078125 0.01759834
0 0.49765625 0.42598343 0.0171875 0.02795031
0 0.38242187 0.39492753 0.01328125 0.01552795
0 0.5703125 0.38457556 0.01875 0.01345755
0 0.6578125 0.38871635 0.0171875 0.02380952
0 0.49375 0.38095238 0.0234375 0.01449275
0 0.56132812 0.36853002 0.01953125 0.01035196
0 0.5296875 0.36283643 0.025 0.01966873
0 0.38945312 0.36024844 0.01171875 0.01656314
0 0.64414062 0.34834368 0.01171875 0.01552795
0 0.4984375 0.34368530 0.0078125 0.01242236
0 0.34882812 0.34730848 0.01796875 0.01966873
0 0.43632812 0.33643892 0.01015625 0.01656314
0 0.559375 0.33074534 0.01875 0.01345755
0 0.45351562 0.30797101 0.01171875 0.01345755
0 0.56171875 0.28933747 0.0125 0.01552795
0 0.39375 0.28674948 0.009375 0.01242236
0 0.540625 0.26759834 0.0125 0.01552795
0 0.43515625 0.26501035 0.021875 0.01863354
0 0.50234375 0.25672877 0.0125 0.01449275
0 0.38203125 0.25103519 0.0171875 0.02380952
0 0.49023437 0.23291925 0.01171875 0.01449275
0 0.55820312 0.20962732 0.00859375 0.01345755
0 0.4171875 0.21169772 0.015625 0.01759834
0 0.44882812 0.19099378 0.01171875 0.01345755
0 0.48867187 0.18581780 0.01328125 0.01552795
0 0.5859375 0.17753623 0.0171875 0.02380952
0 0.39023437 0.17028985 0.01171875 0.01345755
0 0.44179687 0.16407867 0.01015625 0.01138716
0 0.33320312 0.16666666 0.01328125 0.01863354
0 0.51054687 0.15476190 0.00703125 0.01552795
0 0.53203125 0.14182194 0.0140625 0.01242236
0 0.51328125 0.12267080 0.0171875 0.02380952
0 0.4796875 0.11128364 0.0171875 0.01345755
0 0.58359375 0.10403726 0.0125 0.01759834
0 0.6453125 0.09368530 0.0125 0.01759834
0 0.4765625 0.06677018 0.0125 0.01552795
0 0.49921875 0.00362318 0.0109375 0.00724637