0 0.38359375 0.97981366 0.0125 0.01552795
0 0.61640625 0.94513457 0.021875 0.01035196
0 0.69023437 0.93944099 0.00859375 0.02173913
0 0.5671875 0.88923395 0.0109375 0.01242236
0 0.64140625 0.86594202 0.0109375 0.01966873
0 0.5203125 0.86542443 0.01875 0.01863354
0 0.39882812 0.84834368 0.01171875 0.01138716
0 0.4390625 0.83436853 0.009375 0.01242236
0 0.42421875 0.81469979 0.00625 0.01035196
0 0.45664062 0.81107660 0.01015625 0.01345755
0 0.33476562 0.80952380 0.01015625 0.01449275
0 0.4453125 0.78209109 0.0171875 0.02380952
0 0.65898437 0.74637681 0.01171875 0.01242236
0 0.34257812 0.74637681 0.01328125 0.01242236
0 0.51992187 0.73291925 0.02421875 0.01242236
0 0.51132812 0.70652173 0.00703125 0.01552795
0 0.46289062 0.70548654 0.01484375 0.01345755
0 0.42851562 0.70134575 0.00703125 0.01759834
0 0.44140625 0.69565217 0.0125 0.01863354
0 0.38632812 0.68374741 0.01328125 0.01138716
0 0.64960937 0.67391304 0.01328125 0.01656314
0 0.34140625 0.67701863 0.028125 0.03519668
0 0.47890625 0.66200828 0.0078125 0.01966873
0 0.61328125 0.65890269 0.0171875 0.02380952
0 0.64179687 0.64751552 0.00859375 0.01345755
0 0.68632812 0.64596273 0.01015625 0.01863354
0 0.39765625 0.64440993 0.0171875 0.02380952
0 0.58867187 0.63250517 0.02265625 0.02898550
0 0.640625 0.60559006 0.0140625 0.01035196
0 0.59414062 0.60403726 0.01015625 0.01138716
0 0.38164062 0.60507246 0.02109375 0.01552795
0 0.34257812 0.59989648 0.00859375 0.01552795
0 0.50820312 0.59523809 0.00859375 0.01242236
0 0.61875 0.59316770 0.015625 0.02691511
0 0.63007812 0.57971014 0.01484375 0.01035196
0 0.578125 0.58229813 0.0109375 0.01552795
0 0.6765625 0.56262939 0.009375 0.01345755
0 0.66328125 0.55848861 0.0078125 0.01138716
0 0.45625 0.56262939 0.0171875 0.02380952
0 0.53007812 0.55279503 0.01015625 0.01449275
0 0.38125 0.55538302 0.0109375 0.02587991
0 0.47265625 0.54710144 0.0109375 0.02173913
0 0.64609375 0.51656314 0.0078125 0.01863354
0 0.52695312 0.51035196 0.01171875 0.02070393
0 0.3515625 0.50983436 0.0171875 0.02380952
0 0.48945312 0.49689440 0.00859375 0.01449275
0 0.51015625 0.49068322 0.0109375 0.01656314
0 0.3546875 0.46635610 0.0140625 0.01759834
0 0.43046875 0.45859213 0.009375 0.01449275
0 0.67382812 0.46583850 0.01484375 0.03105590
0 0.58984375 0.43219461 0.0078125 0.00931677
0 0.43710937 0.42391304 0.01484375 0.00931677
0 0.459375 0.42028985 0.009375 0.01242236
0 0.33046875 0.41821946 0.009375 0.01242236
0 0.66054687 0.41718426 0.01953125 0.01449275
0 0.31367187 0.40942028 0.03203125 0.02173913
0 0.60742187 0.38302277 0.01015625 0.01449275
0 0.56992187 0.38509316 0.01484375 0.01863354
0 0.40664062 0.36335403 0.01640625 0.01035196
0 0.50273437 0.31832298 0.01171875 0.01552795
0 0.3359375 0.32142857 0.0078125 0.02173913
0 0.42773437 0.29658385 0.01015625 0.01345755
0 0.62578125 0.30072463 0.01875 0.03209109
0 0.49335937 0.29503105 0.01796875 0.02070393
0 0.49257812 0.25724637 0.01328125 0.01138716
0 0.50898437 0.25569358 0.01171875 0.01035196
0 0.33203125 0.26035196 0.0125 0.02380952
0 0.58554687 0.23084886 0.01328125 0.02277432
0 0.46015625 0.22463768 0.015625 0.01656314
0 0.425 0.20703933 0.0109375 0.01656314
0 0.4078125 0.20082815 0.021875 0.02277432
0 0.384375 0.19720496 0.021875 0.01966873
0 0.421875 0.17908902 0.015625 0.01863354
0 0.34492187 0.17339544 0.01484375 0.01138716
0 0.44960937 0.15838509 0.01328125 0.01035196
0 0.37734375 0.15993788 0.0140625 0.01759834
0 0.45898437 0.14182194 0.01015625 0.01242236
0 0.6484375 0.13975155 0.009375 0.01242236
0 0.628125 0.13561076 0.0140625 0.01656314
0 0.35 0.12836438 0.0078125 0.01656314
0 0.64257812 0.11956521 0.01640625 0.02173913
0 0.61875 0.09782608 0.009375 0.01552795
0 0.51210937 0.09213250 0.01171875 0.01656314
0 0.34609375 0.07660455 0.0109375 0.01035196
0 0.49335937 0.07608695 0.01796875 0.02380952
0 0.62734375 0.06987577 0.01875 0.02173913
0 0.41328125 0.06262939 0.0171875 0.02380952
0 0.60742187 0.03312629 0.01953125 0.01242236
0 0.309375 0.01604554 0.015625 0.01759834