0 0.6109375 0.99223602 0.015625 0.01552795
0 0.515625 0.98188405 0.0109375 0.01345755
0 0.54804687 0.98188405 0.00703125 0.01552795
0 0.37929687 0.96946169 0.01015625 0.01966873
0 0.52578125 0.96842650 0.009375 0.02380952
0 0.62734375 0.96066252 0.0109375 0.01449275
0 0.59921875 0.94099378 0.0078125 0.02070393
0 0.30898437 0.91252587 0.01171875 0.01345755
0 0.46875 0.92908902 0.0375 0.04865424
0 0.35664062 0.90734989 0.01015625 0.01552795
0 0.51757812 0.89751552 0.01328125 0.01242236
0 0.56132812 0.89182194 0.01171875 0.01345755
0 0.37304687 0.88095238 0.01015625 0.01656314
0 0.5796875 0.87732919 0.0109375 0.01759834
0 0.540625 0.87318840 0.0125 0.01552795
0 0.48242187 0.87163561 0.01171875 0.01449275
0 0.45820312 0.87008281 0.01015625 0.01345755
0 0.63554687 0.86801242 0.02109375 0.01759834
0 0.46953125 0.84523809 0.015625 0.00931677
0 0.53632812 0.83954451 0.00859375 0.01035196
0 0.67421875 0.84006211 0.0140625 0.02380952
0 0.33320312 0.82815734 0.01171875 0.01449275
0 0.47578125 0.81366459 0.0125 0.01449275
0 0.5328125 0.81418219 0.0171875 0.02380952
0 0.38359375 0.81107660 0.0171875 0.02380952
0 0.34023437 0.80279503 0.01328125 0.01552795
0 0.55742187 0.80175983 0.01171875 0.01966873
0 0.49140625 0.79451345 0.0109375 0.01138716
0 0.41015625 0.79037267 0.0125 0.01759834
0 0.37539062 0.78312629 0.01015625 0.01345755
0 0.46015625 0.78157349 0.009375 0.02277432
0 0.29882812 0.77380952 0.01640625 0.01138716
0 0.5046875 0.76397515 0.009375 0.01449275
0 0.31875 0.74482401 0.015625 0.02587991
0 0.37695312 0.73136645 0.01953125 0.03002070
0 0.31757812 0.68685300 0.01171875 0.01345755
0 0.34804687 0.67339544 0.01171875 0.01552795
0 0.42851562 0.67598343 0.01953125 0.02691511
0 0.67382812 0.67236024 0.01484375 0.03830227
0 0.55820312 0.65113871 0.01015625 0.01863354
0 0.521875 0.62318840 0.0109375 0.01449275
0 0.571875 0.61231884 0.0109375 0.01552795
0 0.66328125 0.59834368 0.015625 0.02898550
0 0.609375 0.59316770 0.009375 0.02484472
0 0.30273437 0.58747412 0.01015625 0.01966873
0 0.45507812 0.57763975 0.01171875 0.01449275
0 0.50351562 0.57349896 0.00703125 0.01035196
0 0.49492187 0.54192546 0.00859375 0.01138716
0 0.58125 0.53467908 0.0078125 0.00931677
0 0.3765625 0.54140786 0.0203125 0.05383022
0 0.5296875 0.52329192 0.0171875 0.02380952
0 0.56640625 0.51811594 0.0171875 0.02380952
0 0.40703125 0.48861283 0.0109375 0.01242236
0 0.34765625 0.46790890 0.0109375 0.01449275
0 0.41953125 0.44824016 0.0078125 0.01863354
0 0.453125 0.44720496 0.009375 0.02898550
0 0.38828125 0.44047619 0.0171875 0.03416149
0 0.43828125 0.42701863 0.01875 0.01966873
0 0.61171875 0.41925465 0.0109375 0.01656314
0 0.4078125 0.41459627 0.0109375 0.01345755
0 0.47148437 0.43581780 0.02109375 0.06004140
0 0.30234375 0.37939958 0.009375 0.00931677
0 0.62265625 0.37370600 0.009375 0.01656314
0 0.54609375 0.37267080 0.0109375 0.01449275
0 0.63984375 0.36853002 0.0171875 0.02484472
0 0.6015625 0.35662525 0.0078125 0.01552795
0 0.62773437 0.35093167 0.01015625 0.01242236
0 0.52539062 0.28105590 0.01015625 0.01552795
0 0.36953125 0.21790890 0.0171875 0.02380952
0 0.45234375 0.21428571 0.0171875 0.04140786
0 0.409375 0.19513457 0.0234375 0.01345755
0 0.53398437 0.18271221 0.01015625 0.01345755
0 0.51210937 0.15838509 0.01015625 0.01242236
0 0.43359375 0.14906832 0.009375 0.01242236
0 0.60234375 0.14389233 0.009375 0.01863354
0 0.40976562 0.13819875 0.01171875 0.01552795
0 0.50117187 0.12784679 0.01328125 0.01966873
0 0.53671875 0.12577639 0.0171875 0.02380952
0 0.34492187 0.11904761 0.01015625 0.01449275
0 0.60859375 0.11128364 0.015625 0.01138716
0 0.428125 0.11438923 0.0203125 0.01759834
0 0.37851562 0.10817805 0.01796875 0.00931677
0 0.3578125 0.07091097 0.0171875 0.02380952