0 0.64335937 0.99637681 0.01015625 0.00724637
0 0.37851562 0.99016563 0.01015625 0.01552795
0 0.4109375 0.98861283 0.0125 0.01656314
0 0.66484375 0.96842650 0.0171875 0.02587991
0 0.47617187 0.96066252 0.01484375 0.01863354
0 0.55 0.94668737 0.0171875 0.02380952
0 0.34882812 0.93944099 0.01015625 0.01138716
0 0.33671875 0.91511387 0.015625 0.02070393
0 0.54140625 0.91045548 0.0078125 0.02173913
0 0.50351562 0.90320910 0.01328125 0.01759834
0 0.31210937 0.90424430 0.01953125 0.02380952
0 0.58554687 0.86853002 0.01171875 0.01449275
0 0.5671875 0.85455486 0.0125 0.01759834
0 0.60117187 0.85248447 0.01171875 0.01552795
0 0.41914062 0.86076604 0.01640625 0.03830227
0 0.68476562 0.83333333 0.01328125 0.01242236
0 0.36367187 0.83229813 0.01484375 0.02070393
0 0.384375 0.81884057 0.0125 0.01863354
0 0.40664062 0.81366459 0.01171875 0.01656314
0 0.50429687 0.81573498 0.00859375 0.02691511
0 0.44023437 0.79089026 0.00859375 0.02070393
0 0.484375 0.78881987 0.009375 0.01863354
0 0.65742187 0.78571428 0.01328125 0.01449275
0 0.3984375 0.78519668 0.0078125 0.02380952
0 0.57929687 0.77691511 0.01015625 0.01138716
0 0.46210937 0.77329192 0.01171875 0.01242236
0 0.36953125 0.77329192 0.009375 0.01656314
0 0.35742187 0.74534161 0.01328125 0.01863354
0 0.56210937 0.74068322 0.01328125 0.02587991
0 0.54609375 0.73136645 0.009375 0.01759834
0 0.47773437 0.73343685 0.00859375 0.02173913
0 0.40585937 0.72153209 0.01328125 0.02070393
0 0.35390625 0.71480331 0.0125 0.01552795
0 0.6609375 0.71635610 0.0171875 0.02277432
0 0.33203125 0.70031055 0.0140625 0.01759834
0 0.31171875 0.70238095 0.0171875 0.02380952
0 0.64453125 0.69668737 0.0109375 0.01656314
0 0.38242187 0.69668737 0.01171875 0.01863354
0 0.61289062 0.69254658 0.01171875 0.02277432
0 0.53007812 0.67857142 0.00859375 0.01345755
0 0.49179687 0.65631469 0.01015625 0.01449275
0 0.35507812 0.64958592 0.01328125 0.01552795
0 0.64375 0.63302277 0.0140625 0.01759834
0 0.4046875 0.63405797 0.0109375 0.01966873
0 0.30625 0.62163561 0.0171875 0.03002070
0 0.37578125 0.60351966 0.0140625 0.01863354
0 0.63320312 0.58436853 0.01640625 0.01552795
0 0.52109375 0.56677018 0.0109375 0.01345755
0 0.47304687 0.55279503 0.02265625 0.03105590
0 0.54648437 0.53726708 0.01328125 0.01656314
0 0.684375 0.52846790 0.015625 0.02380952
0 0.415625 0.48498964 0.009375 0.01138716
0 0.46484375 0.47722567 0.0109375 0.01449275
0 0.49882812 0.46946169 0.00859375 0.01345755
0 0.5765625 0.47360248 0.0171875 0.02380952
0 0.3140625 0.46066252 0.0109375 0.01449275
0 0.34023437 0.43737060 0.01484375 0.01552795
0 0.48125 0.43581780 0.0125 0.01863354
0 0.6578125 0.43322981 0.0171875 0.02380952
0 0.62109375 0.42028985 0.0109375 0.01242236
0 0.58125 0.40010351 0.0171875 0.02380952
0 0.45664062 0.37836438 0.01015625 0.01759834
0 0.37929687 0.37318840 0.02890625 0.02380952
0 0.4671875 0.35300207 0.0078125 0.01035196
0 0.38164062 0.34782608 0.01015625 0.01449275
0 0.60390625 0.33850931 0.015625 0.01863354
0 0.46835937 0.32091097 0.01328125 0.01863354
0 0.39609375 0.31418219 0.0140625 0.02380952
0 0.57382812 0.30434782 0.01171875 0.01656314
0 0.45390625 0.29554865 0.0171875 0.02380952
0 0.54179687 0.27277432 0.01484375 0.02587991
0 0.371875 0.25051759 0.015625 0.02070393
0 0.59257812 0.23757763 0.00703125 0.01138716
0 0.63359375 0.23550724 0.0125 0.01552795
0 0.51171875 0.21894409 0.025 0.02380952
0 0.42226562 0.20238095 0.01640625 0.01138716
0 0.55078125 0.19099378 0.009375 0.01345755
0 0.3421875 0.18581780 0.009375 0.01138716
0 0.61054687 0.16821946 0.02265625 0.01138716
0 0.459375 0.17184265 0.01875 0.02691511
0 0.5015625 0.16718426 0.0171875 0.02380952
0 0.40351562 0.16097308 0.01328125 0.01345755
0 0.43242187 0.16097308 0.01328125 0.01759834
0 0.375 0.07401656 0.0109375 0.01759834
0 0.69726562 0.04296066 0.01171875 0.00931677
0 0.47578125 0.04399585 0.0171875 0.02380952
0 0.51328125 0.03623188 0.0078125 0.01863354
0 0.30429687 0.02691511 0.01484375 0.02691511
0 0.321875 0.01086956 0.01875 0.02173913