0 0.51132812 0.97877846 0.01171875 0.01138716
0 0.46171875 0.97929606 0.0109375 0.02070393
0 0.34648437 0.96842650 0.00703125 0.01345755
0 0.67148437 0.96066252 0.00859375 0.03312629
0 0.34726562 0.93944099 0.01015625 0.01966873
0 0.42890625 0.93271221 0.0203125 0.01863354
0 0.68046875 0.91718426 0.0140625 0.01242236
0 0.31679687 0.91097308 0.01640625 0.01242236
0 0.5421875 0.90838509 0.0125 0.02380952
0 0.56875 0.89182194 0.009375 0.01138716
0 0.4546875 0.89440993 0.015625 0.01656314
0 0.34609375 0.88975155 0.0203125 0.01759834
0 0.52695312 0.86749482 0.01015625 0.01449275
0 0.56992187 0.85093167 0.01328125 0.01449275
0 0.41875 0.85559006 0.0171875 0.02380952
0 0.36523437 0.84834368 0.01015625 0.01552795
0 0.58867187 0.83902691 0.00859375 0.01552795
0 0.54960937 0.84265010 0.01796875 0.03312629
0 0.34804687 0.83178053 0.01953125 0.01552795
0 0.29570312 0.83022774 0.01015625 0.01863354
0 0.5734375 0.82349896 0.009375 0.03209109
0 0.40195312 0.81469979 0.02265625 0.03312629
0 0.37265625 0.80331262 0.009375 0.01449275
0 0.5546875 0.79503105 0.0109375 0.01242236
0 0.471875 0.78726708 0.0171875 0.02380952
0 0.50273437 0.77070393 0.01328125 0.01138716
0 0.45546875 0.76086956 0.0109375 0.01242236
0 0.6140625 0.75879917 0.009375 0.01449275
0 0.55703125 0.75621118 0.009375 0.01138716
0 0.33046875 0.74120082 0.0109375 0.01449275
0 0.43867187 0.73291925 0.01171875 0.01656314
0 0.37148437 0.72256728 0.01015625 0.01656314
0 0.57890625 0.72412008 0.0171875 0.02380952
0 0.65976562 0.68478260 0.00859375 0.01138716
0 0.58867187 0.65527950 0.00859375 0.01035196
0 0.34453125 0.64492753 0.015625 0.01656314
0 0.61796875 0.64026915 0.0140625 0.01759834
0 0.57460937 0.64337474 0.02265625 0.02380952
0 0.66757812 0.63043478 0.01484375 0.01449275
0 0.63671875 0.60817805 0.0109375 0.01138716
0 0.62226562 0.59834368 0.00703125 0.01656314
0 0.54726562 0.59472049 0.01015625 0.01345755
0 0.58125 0.58799171 0.0203125 0.01863354
0 0.4453125 0.57712215 0.0171875 0.02380952
0 0.42265625 0.56832298 0.009375 0.02691511
0 0.57539062 0.55331262 0.01328125 0.01552795
0 0.59140625 0.54503105 0.0078125 0.01345755
0 0.29375 0.55020703 0.0109375 0.02380952
0 0.6546875 0.54503105 0.0125 0.01552795
0 0.44140625 0.54347826 0.0171875 0.01242236
0 0.35742187 0.53571428 0.01328125 0.01759834
0 0.65820312 0.52743271 0.00859375 0.00931677
0 0.46992187 0.51501035 0.01640625 0.01345755
0 0.40742187 0.50828157 0.01953125 0.02898550
0 0.51914062 0.49844720 0.01171875 0.01138716
0 0.46640625 0.47567287 0.0078125 0.00931677
0 0.43359375 0.44202898 0.009375 0.02484472
0 0.60039062 0.44099378 0.02734375 0.03726708
0 0.44414062 0.43064182 0.01171875 0.01656314
0 0.62929687 0.42236024 0.01328125 0.01449275
0 0.48007812 0.41666666 0.00859375 0.01138716
0 0.60976562 0.40010351 0.01015625 0.01345755
0 0.58554687 0.37474120 0.01640625 0.02070393
0 0.33945312 0.35248447 0.01171875 0.01552795
0 0.5703125 0.31884057 0.009375 0.01656314
0 0.528125 0.31625258 0.0140625 0.01345755
0 0.60117187 0.30383022 0.01015625 0.01552795
0 0.51367187 0.30124223 0.01640625 0.02898550
0 0.48046875 0.27225672 0.0109375 0.02070393
0 0.64804687 0.26242236 0.01328125 0.01966873
0 0.49609375 0.25672877 0.0171875 0.02277432
0 0.55585937 0.23809523 0.00859375 0.01035196
0 0.43125 0.22670807 0.009375 0.01242236
0 0.46484375 0.21428571 0.0109375 0.01449275
0 0.35351562 0.21687370 0.01796875 0.02380952
0 0.35273437 0.19616977 0.01171875 0.01966873
0 0.4890625 0.15683229 0.0140625 0.02380952
0 0.3734375 0.15010351 0.021875 0.01449275
0 0.5984375 0.14182194 0.0171875 0.01035196
0 0.51445312 0.13043478 0.00703125 0.01035196
0 0.47890625 0.13509316 0.0171875 0.02380952
0 0.41796875 0.11283643 0.0109375 0.01449275
0 0.40117187 0.10662525 0.01640625 0.02277432
0 0.48632812 0.09265010 0.01171875 0.01552795
0 0.57421875 0.05434782 0.009375 0.01759834
0 0.46445312 0.05486542 0.01640625 0.02070393
0 0.55390625 0.02950310 0.015625 0.01138716
0 0.45117187 0.03260869 0.01796875 0.01759834
0 0.57695312 0.01863354 0.01015625 0.02277432
0 0.41796875 0.01449275 0.0140625 0.02898550