0 0.51210937 0.86024844 0.02265625 0.02898550
0 0.45820312 0.82298136 0.01640625 0.03933747
0 0.65078125 0.79710144 0.0390625 0.03726708
0 0.33359375 0.78571428 0.015625 0.04968944
0 0.36835937 0.73861283 0.01640625 0.02380952
0 0.57304687 0.71997929 0.01484375 0.02173913
0 0.62851562 0.65165631 0.01328125 0.02173913
0 0.55859375 0.63198757 0.0265625 0.03623188
0 0.4296875 0.52277432 0.0203125 0.02484472
0 0.3515625 0.51915113 0.01875 0.02380952
0 0.42382812 0.45755693 0.01328125 0.02484472
0 0.371875 0.45652173 0.01875 0.02484472
0 0.540625 0.37629399 0.021875 0.02173913
0 0.64570312 0.37060041 0.02109375 0.01863354
0 0.42265625 0.33799171 0.0296875 0.02173913
0 0.3953125 0.33488612 0.015625 0.02380952
0 0.49375 0.32815734 0.0140625 0.02070393
0 0.5390625 0.32091097 0.0171875 0.03105590
0 0.49375 0.28519668 0.0125 0.01552795
0 0.48554687 0.25569358 0.07734375 0.02070393
0 0.53945312 0.18685300 0.01796875 0.02380952