0 0.55546875 0.95962732 0.0140625 0.01863354
0 0.39453125 0.87784679 0.0171875 0.01035196
0 0.49375 0.87629399 0.0265625 0.03002070
0 0.51796875 0.82401656 0.015625 0.02070393
0 0.5 0.80072463 0.0140625 0.01759834
0 0.525 0.79503105 0.0125 0.02070393
0 0.68007812 0.73084886 0.02265625 0.02691511
0 0.58398437 0.69202898 0.01484375 0.02173913
0 0.65039062 0.67960662 0.01953125 0.02173913
0 0.45507812 0.67494824 0.01953125 0.02277432
0 0.375 0.63095238 0.021875 0.02587991
0 0.50039062 0.54503105 0.01328125 0.01966873
0 0.36796875 0.54658385 0.0234375 0.03726708
0 0.4859375 0.52950310 0.0171875 0.01966873
0 0.4203125 0.52173913 0.015625 0.01449275
0 0.4 0.50517598 0.0203125 0.02070393
0 0.42734375 0.47515527 0.0125 0.02277432
0 0.68671875 0.47153209 0.0109375 0.01966873
0 0.58164062 0.34989648 0.01484375 0.01656314
0 0.39765625 0.33695652 0.021875 0.03002070
0 0.47382812 0.27173913 0.01484375 0.01759834
0 0.60273437 0.26035196 0.01171875 0.01759834
0 0.6171875 0.17857142 0.01875 0.02587991
0 0.43515625 0.15993788 0.0125 0.01966873
0 0.56523437 0.03830227 0.01796875 0.02484472