0 0.57773437 0.99327122 0.01328125 0.01345755
0 0.46601562 0.98033126 0.01484375 0.02898550
0 0.31796875 0.94772256 0.034375 0.03002070
0 0.45390625 0.94151138 0.0171875 0.02380952
0 0.49492187 0.93426501 0.01015625 0.01138716
0 0.6375 0.93840579 0.0171875 0.02380952
0 0.5703125 0.91200828 0.009375 0.01863354
0 0.63632812 0.90734989 0.01640625 0.01966873
0 0.521875 0.88509316 0.0125 0.01449275
0 0.484375 0.88819875 0.015625 0.02691511
0 0.67226562 0.87370600 0.01171875 0.01035196
0 0.65 0.87163561 0.0109375 0.01449275
0 0.41445312 0.86749482 0.01015625 0.01656314
0 0.61679687 0.86438923 0.01171875 0.01656314
0 0.43945312 0.85921325 0.00859375 0.01449275
0 0.596875 0.85817805 0.0171875 0.01656314
0 0.29648437 0.85766045 0.01015625 0.01759834
0 0.4765625 0.85351966 0.0171875 0.02380952
0 0.53789062 0.83540372 0.01328125 0.01656314
0 0.3640625 0.83178053 0.009375 0.01345755
0 0.4015625 0.83178053 0.0140625 0.01966873
0 0.36835937 0.81314699 0.01328125 0.01759834
0 0.6359375 0.80486542 0.0125 0.02173913
0 0.61484375 0.79347826 0.0109375 0.01552795
0 0.5671875 0.76708074 0.009375 0.01449275
0 0.6671875 0.75724637 0.0125 0.01138716
0 0.34648437 0.73964803 0.01015625 0.01345755
0 0.41992187 0.73809523 0.01171875 0.02070393
0 0.5671875 0.72722567 0.0171875 0.02380952
0 0.35234375 0.71842650 0.0171875 0.01449275
0 0.66953125 0.70962732 0.0109375 0.01759834
0 0.68085937 0.70600414 0.01328125 0.01656314
0 0.6171875 0.70031055 0.009375 0.03416149
0 0.41484375 0.69202898 0.0171875 0.02380952
0 0.51054687 0.68737060 0.01015625 0.02484472
0 0.48945312 0.66356107 0.01484375 0.01863354
0 0.2953125 0.62939958 0.0140625 0.02070393
0 0.40507812 0.59782608 0.01328125 0.01966873
0 0.40429687 0.57660455 0.01171875 0.01449275
0 0.47734375 0.57867494 0.0171875 0.02691511
0 0.6671875 0.55331262 0.009375 0.00931677
0 0.58945312 0.54658385 0.01015625 0.01656314
0 0.5484375 0.51035196 0.015625 0.01863354
0 0.50546875 0.49948240 0.0125 0.01138716
0 0.32773437 0.49534161 0.00859375 0.01138716
0 0.6828125 0.49948240 0.0171875 0.02380952
0 0.5890625 0.47360248 0.0078125 0.01345755
0 0.56914062 0.48084886 0.02265625 0.02795031
0 0.51875 0.47567287 0.0140625 0.01759834
0 0.65898437 0.47515527 0.01171875 0.01863354
0 0.49335937 0.46583850 0.00703125 0.01449275
0 0.32539062 0.45962732 0.01171875 0.01449275
0 0.42851562 0.44254658 0.01171875 0.01759834
0 0.63867187 0.43788819 0.01484375 0.01863354
0 0.5703125 0.42701863 0.015625 0.02173913
0 0.4015625 0.41200828 0.0109375 0.01449275
0 0.59257812 0.40786749 0.00859375 0.01242236
0 0.359375 0.40579710 0.009375 0.01035196
0 0.66289062 0.40372670 0.01171875 0.01449275
0 0.53515625 0.39130434 0.0078125 0.01242236
0 0.30820312 0.39130434 0.01796875 0.01863354
0 0.58007812 0.38716356 0.01328125 0.01449275
0 0.66054687 0.38457556 0.01015625 0.01345755
0 0.60742187 0.38095238 0.00859375 0.01242236
0 0.6421875 0.36645962 0.0125 0.01449275
0 0.43203125 0.35559006 0.0171875 0.02380952
0 0.57460937 0.34420289 0.01015625 0.01345755
0 0.61523437 0.32142857 0.01015625 0.01345755
0 0.46328125 0.30590062 0.0171875 0.02380952
0 0.37382812 0.29658385 0.00703125 0.01345755
0 0.46367187 0.28416149 0.01328125 0.01345755
0 0.4234375 0.27898550 0.009375 0.01345755
0 0.35664062 0.27225672 0.01484375 0.02484472
0 0.48242187 0.25879917 0.01640625 0.01035196
0 0.55859375 0.24741200 0.0125 0.01449275
0 0.459375 0.24585921 0.0171875 0.02380952
0 0.3859375 0.23861283 0.021875 0.02587991
0 0.52734375 0.22619047 0.0296875 0.02173913
0 0.60742187 0.20755693 0.01640625 0.00931677
0 0.36757812 0.17391304 0.01640625 0.01035196
0 0.50351562 0.17753623 0.01328125 0.01966873
0 0.3578125 0.14699792 0.0078125 0.01035196
0 0.40273437 0.12060041 0.01015625 0.01345755
0 0.340625 0.12008281 0.0203125 0.02484472
0 0.64882812 0.10973084 0.01171875 0.01656314
0 0.36679687 0.10196687 0.01640625 0.01759834
0 0.51757812 0.09730848 0.02890625 0.02898550
0 0.47304687 0.08643892 0.01328125 0.01138716
0 0.60429687 0.06625258 0.01796875 0.01449275