0 0.4765625 0.83850931 0.0171875 0.02898550
0 0.64960937 0.81728778 0.02265625 0.01966873
0 0.45078125 0.75517598 0.0234375 0.03209109
0 0.64140625 0.69358178 0.015625 0.02277432
0 0.49765625 0.66873706 0.0171875 0.02691511
0 0.32929687 0.62784679 0.01640625 0.01552795
0 0.3234375 0.49741200 0.0171875 0.02173913
0 0.41328125 0.47204968 0.0140625 0.02070393
0 0.684375 0.45031055 0.015625 0.02277432
0 0.46054687 0.44720496 0.00546875 0.02277432
0 0.596875 0.44306418 0.0140625 0.01863354
0 0.39101562 0.42908902 0.02109375 0.02173913
0 0.5546875 0.42132505 0.00625 0.01449275
0 0.54140625 0.33643892 0.01875 0.01863354
0 0.55546875 0.31832298 0.0140625 0.01966873
0 0.3640625 0.29503105 0.0140625 0.02277432
0 0.49765625 0.20393374 0.0109375 0.01449275
0 0.64023437 0.06884057 0.00703125 0.01759834
0 0.34960937 0.01138716 0.01484375 0.01656314