0 0.446875 0.98498964 0.0171875 0.01138716
0 0.57773437 0.95548654 0.01328125 0.01449275
0 0.37421875 0.94927536 0.0109375 0.01863354
0 0.29726562 0.90527950 0.01796875 0.01345755
0 0.646875 0.89596273 0.0109375 0.01552795
0 0.67304687 0.89078674 0.01640625 0.01966873
0 0.66328125 0.86904761 0.0140625 0.02173913
0 0.31015625 0.86594202 0.0171875 0.01966873
0 0.62109375 0.86128364 0.0109375 0.01449275
0 0.36992187 0.86024844 0.01953125 0.02691511
0 0.51835937 0.84730848 0.01484375 0.01138716
0 0.52265625 0.83436853 0.009375 0.01242236
0 0.4546875 0.82298136 0.015625 0.01035196
0 0.47382812 0.81987577 0.01015625 0.02070393
0 0.3640625 0.79244306 0.0171875 0.02380952
0 0.45820312 0.77795031 0.01796875 0.01759834
0 0.39140625 0.78105590 0.0171875 0.02380952
0 0.63828125 0.77536231 0.0125 0.01656314
0 0.54882812 0.76966873 0.01484375 0.01966873
0 0.44140625 0.74637681 0.0078125 0.02277432
0 0.31445312 0.73136645 0.01015625 0.01759834
0 0.64375 0.72619047 0.0171875 0.02380952
0 0.46289062 0.71583850 0.01328125 0.01759834
0 0.30117187 0.71066252 0.01171875 0.01759834
0 0.375 0.69824016 0.0140625 0.01552795
0 0.55351562 0.69565217 0.00859375 0.01242236
0 0.41015625 0.68995859 0.0109375 0.01138716
0 0.66796875 0.68737060 0.009375 0.01242236
0 0.646875 0.66252587 0.0125 0.01656314
0 0.390625 0.65942028 0.015625 0.01035196
0 0.33789062 0.65269151 0.01171875 0.01552795
0 0.59882812 0.65010351 0.01171875 0.01656314
0 0.62226562 0.64182194 0.01640625 0.02070393
0 0.30820312 0.63768115 0.01640625 0.01242236
0 0.40078125 0.63302277 0.01875 0.01138716
0 0.36914062 0.63146997 0.01171875 0.01449275
0 0.64921875 0.61128364 0.0125 0.01966873
0 0.32421875 0.58488612 0.01875 0.01035196
0 0.61875 0.58178053 0.015625 0.01242236
0 0.296875 0.58229813 0.0078125 0.01759834
0 0.36679687 0.59161490 0.02421875 0.04451345
0 0.29882812 0.56469979 0.01484375 0.01552795
0 0.48789062 0.56107660 0.01171875 0.01863354
0 0.36484375 0.55797101 0.0109375 0.01449275
0 0.6484375 0.55124223 0.0109375 0.01345755
0 0.6375 0.54968944 0.009375 0.01449275
0 0.59726562 0.54503105 0.01015625 0.01345755
0 0.40117187 0.51397515 0.00859375 0.01345755
0 0.66289062 0.51345755 0.01171875 0.01656314
0 0.58828125 0.5 0.0078125 0.01242236
0 0.50195312 0.49689440 0.00859375 0.01242236
0 0.43945312 0.49016563 0.01015625 0.01552795
0 0.39335937 0.49275362 0.02890625 0.02070393
0 0.36992187 0.48602484 0.01015625 0.01345755
0 0.31210937 0.47049689 0.01640625 0.01345755
0 0.61132812 0.46583850 0.00703125 0.01863354
0 0.4203125 0.46014492 0.0125 0.02380952
0 0.56484375 0.45289855 0.0125 0.01759834
0 0.68125 0.42908902 0.0078125 0.01552795
0 0.3953125 0.43012422 0.0140625 0.01759834
0 0.57539062 0.42391304 0.01015625 0.01138716
0 0.65039062 0.37060041 0.00859375 0.01242236
0 0.5359375 0.36853002 0.0109375 0.01035196
0 0.37929687 0.36231884 0.02109375 0.01863354
0 0.39804687 0.35662525 0.01171875 0.01138716
0 0.64648437 0.35403726 0.01796875 0.01242236
0 0.42929687 0.35714285 0.01015625 0.01863354
0 0.50351562 0.35403726 0.01484375 0.01449275
0 0.55039062 0.25931677 0.01328125 0.01552795
0 0.36132812 0.25879917 0.01796875 0.03312629
0 0.42265625 0.24792960 0.009375 0.01552795
0 0.49492187 0.24689440 0.00859375 0.02173913
0 0.465625 0.24171842 0.0109375 0.01966873
0 0.55703125 0.22463768 0.0125 0.01656314
0 0.5921875 0.22826086 0.0140625 0.03002070
0 0.496875 0.21894409 0.0171875 0.02380952
0 0.58125 0.19409937 0.0171875 0.02380952
0 0.50429687 0.18892339 0.01328125 0.01759834
0 0.64648437 0.18581780 0.01640625 0.01552795
0 0.54179687 0.18322981 0.01015625 0.01656314
0 0.5265625 0.18167701 0.0109375 0.01345755
0 0.5671875 0.17960662 0.0125 0.01966873
0 0.46757812 0.16252587 0.01328125 0.01656314
0 0.44492187 0.16149068 0.01328125 0.01449275
0 0.58710937 0.13354037 0.01015625 0.01242236
0 0.48359375 0.13819875 0.0171875 0.02380952
0 0.51640625 0.12629399 0.0109375 0.01656314
0 0.53203125 0.10662525 0.009375 0.01656314
0 0.38632812 0.10093167 0.01171875 0.01345755
0 0.61445312 0.07039337 0.01796875 0.01863354
0 0.59726562 0.07246376 0.01484375 0.02484472
0 0.41367187 0.04347826 0.00859375 0.01656314
0 0.36953125 0.03364389 0.0140625 0.01759834
0 0.57773437 0.01397515 0.01484375 0.01966873