0 0.6234375 0.93322981 0.00625 0.01552795
0 0.29453125 0.83229813 0.0078125 0.01863354
0 0.5140625 0.82867494 0.015625 0.02173913
0 0.34335937 0.66563146 0.02109375 0.02898550
0 0.6625 0.61283643 0.015625 0.02070393
0 0.34257812 0.57298136 0.01953125 0.02380952
0 0.48164062 0.51966873 0.01484375 0.01863354
0 0.42695312 0.48136645 0.01640625 0.02484472
0 0.30976562 0.46014492 0.01328125 0.01552795
0 0.49960937 0.44668737 0.02265625 0.02587991
0 0.52070312 0.37681159 0.01953125 0.02277432
0 0.42929687 0.36853002 0.01484375 0.01656314
0 0.44492187 0.36180124 0.01484375 0.01552795
0 0.51054687 0.32660455 0.01484375 0.01552795
0 0.628125 0.26190476 0.0109375 0.01863354
0 0.47578125 0.25155279 0.0109375 0.01449275
0 0.53203125 0.24171842 0.0140625 0.01345755
0 0.3828125 0.19720496 0.0125 0.01552795
0 0.50742187 0.16821946 0.01171875 0.01552795
0 0.54609375 0.06935817 0.0203125 0.02484472
0 0.58007812 0.05797101 0.01171875 0.01449275
0 0.43164062 0.00983436 0.01953125 0.01966873