0 0.59492187 0.88871635 0.02734375 0.02795031
0 0.40742187 0.87370600 0.02265625 0.01449275
0 0.36679687 0.86231884 0.02421875 0.02691511
0 0.31796875 0.82453416 0.0203125 0.03623188
0 0.35195312 0.78416149 0.01328125 0.02380952
0 0.3765625 0.76966873 0.0140625 0.01552795
0 0.58789062 0.68012422 0.01171875 0.02070393
0 0.60703125 0.65372670 0.01875 0.01759834
0 0.67226562 0.61076604 0.01484375 0.02484472
0 0.621875 0.60351966 0.0203125 0.02691511
0 0.57773437 0.54347826 0.02421875 0.01449275
0 0.44453125 0.54399585 0.0234375 0.01552795
0 0.38164062 0.54710144 0.01640625 0.02173913
0 0.41054687 0.45755693 0.02578125 0.02484472
0 0.45898437 0.44979296 0.01328125 0.02587991
0 0.64648437 0.43892339 0.01640625 0.03726708
0 0.4796875 0.33488612 0.0203125 0.01552795
0 0.39492187 0.31211180 0.01640625 0.02380952
0 0.52773437 0.29296066 0.01640625 0.01863354
0 0.4390625 0.22360248 0.028125 0.02691511
0 0.44570312 0.15165631 0.01484375 0.01759834
0 0.37109375 0.07971014 0.0140625 0.05175983