0 0.57851562 0.88509316 0.01796875 0.01656314
0 0.39375 0.88198757 0.0171875 0.03105590
0 0.56132812 0.75724637 0.03359375 0.05279503
0 0.525 0.50517598 0.015625 0.01656314
0 0.32695312 0.47153209 0.01484375 0.02173913
0 0.43164062 0.45341614 0.01640625 0.03105590
0 0.4078125 0.39544513 0.0234375 0.02277432
0 0.51328125 0.32091097 0.0171875 0.03105590
0 0.60898437 0.28053830 0.02109375 0.01449275
0 0.63242187 0.28053830 0.01484375 0.02277432
0 0.55546875 0.25465838 0.0203125 0.02898550
0 0.44335937 0.22308488 0.01171875 0.01759834