0 0.4 0.96532091 0.015625 0.01552795
0 0.56132812 0.96376811 0.01640625 0.02484472
0 0.3828125 0.94513457 0.015625 0.02070393
0 0.6796875 0.92184265 0.0171875 0.01138716
0 0.55859375 0.90683229 0.0171875 0.02070393
0 0.67148437 0.89855072 0.01484375 0.01035196
0 0.46757812 0.90320910 0.01953125 0.01966873
0 0.60078125 0.89958592 0.0203125 0.01863354
0 0.5796875 0.86801242 0.009375 0.01345755
0 0.38867187 0.85196687 0.01484375 0.01656314
0 0.36367187 0.84937888 0.01015625 0.02173913
0 0.53789062 0.85351966 0.01328125 0.03416149
0 0.55351562 0.84420289 0.01640625 0.01759834
0 0.38125 0.83385093 0.0125 0.01759834
0 0.3671875 0.82712215 0.0109375 0.01035196
0 0.66484375 0.82349896 0.0078125 0.01345755
0 0.49101562 0.80434782 0.01171875 0.01656314
0 0.30585937 0.80538302 0.01484375 0.01863354
0 0.634375 0.79503105 0.015625 0.01449275
0 0.65742187 0.78519668 0.01328125 0.01552795
0 0.51289062 0.78105590 0.01640625 0.01759834
0 0.48867187 0.77277432 0.01484375 0.01138716
0 0.41523437 0.76966873 0.00859375 0.01138716
0 0.58632812 0.76656314 0.01484375 0.02587991
0 0.45976562 0.76345755 0.00859375 0.01966873
0 0.44453125 0.75621118 0.0109375 0.01966873
0 0.665625 0.74844720 0.0125 0.01656314
0 0.40546875 0.74327122 0.025 0.02484472
0 0.634375 0.74016563 0.0109375 0.02070393
0 0.3375 0.72877846 0.0125 0.01656314
0 0.5875 0.71480331 0.0109375 0.01345755
0 0.58828125 0.69927536 0.009375 0.01138716
0 0.47421875 0.66459627 0.009375 0.01449275
0 0.31835937 0.65734989 0.00859375 0.01035196
0 0.66210937 0.66200828 0.01484375 0.02380952
0 0.5875 0.65372670 0.01875 0.02173913
0 0.41601562 0.64648033 0.01171875 0.01966873
0 0.30234375 0.60455486 0.0140625 0.01656314
0 0.6421875 0.59161490 0.015625 0.03416149
0 0.51289062 0.57556935 0.00859375 0.01449275
0 0.30976562 0.57453416 0.01328125 0.01656314
0 0.61367187 0.57505175 0.01953125 0.02173913
0 0.68125 0.56366459 0.0171875 0.02380952
0 0.50390625 0.55693581 0.0109375 0.01449275
0 0.54140625 0.55434782 0.0140625 0.01966873
0 0.35390625 0.53416149 0.015625 0.01035196
0 0.62929687 0.53002070 0.01015625 0.01449275
0 0.44140625 0.53467908 0.0171875 0.03623188
0 0.46835937 0.51966873 0.01484375 0.01449275
0 0.30390625 0.51138716 0.0109375 0.01449275
0 0.40195312 0.50879917 0.01015625 0.01345755
0 0.34804687 0.49637681 0.01484375 0.01345755
0 0.46484375 0.48757763 0.0140625 0.01035196
0 0.38164062 0.49120082 0.01015625 0.02380952
0 0.37070312 0.47049689 0.01796875 0.01345755
0 0.51054687 0.46635610 0.01171875 0.01345755
0 0.42382812 0.46325051 0.00859375 0.01552795
0 0.60585937 0.46221532 0.01171875 0.01552795
0 0.4609375 0.42753623 0.0109375 0.02070393
0 0.36953125 0.41459627 0.0171875 0.02380952
0 0.64257812 0.40217391 0.01015625 0.01345755
0 0.39101562 0.39648033 0.01640625 0.02070393
0 0.5703125 0.38923395 0.009375 0.01242236
0 0.33945312 0.39285714 0.00859375 0.01966873
0 0.4875 0.37888198 0.0109375 0.01242236
0 0.4765625 0.35869565 0.0078125 0.01966873
0 0.38125 0.35869565 0.0171875 0.02380952
0 0.58554687 0.35973084 0.01328125 0.03002070
0 0.57070312 0.34368530 0.01015625 0.01863354
0 0.4125 0.32453416 0.009375 0.01759834
0 0.384375 0.32298136 0.009375 0.01656314
0 0.3734375 0.31366459 0.009375 0.01035196
0 0.39453125 0.29089026 0.0125 0.01863354
0 0.60507812 0.28105590 0.01328125 0.01966873
0 0.36601562 0.26863354 0.01328125 0.01345755
0 0.48515625 0.26035196 0.0171875 0.02380952
0 0.55585937 0.24741200 0.01171875 0.02691511
0 0.53515625 0.22619047 0.0171875 0.01552795
0 0.46796875 0.22463768 0.028125 0.02691511
0 0.60859375 0.18478260 0.0125 0.01345755
0 0.35234375 0.17546583 0.0171875 0.02380952
0 0.56796875 0.17028985 0.0109375 0.01759834
0 0.3859375 0.16200828 0.0171875 0.02380952
0 0.64179687 0.14492753 0.00859375 0.01035196
0 0.56914062 0.14648033 0.01171875 0.02587991
0 0.4078125 0.13923395 0.0171875 0.02380952
0 0.46601562 0.12888198 0.01015625 0.01552795
0 0.46328125 0.08333333 0.015625 0.01966873
0 0.43945312 0.08022774 0.01171875 0.01552795
0 0.50273437 0.07091097 0.01328125 0.00931677
0 0.39101562 0.00517598 0.01796875 0.01035196