0 0.50507812 0.99068322 0.01640625 0.01242236
0 0.6953125 0.98291925 0.0171875 0.01759834
0 0.4640625 0.92287784 0.0171875 0.02380952
0 0.6671875 0.90269151 0.0125 0.01863354
0 0.37773437 0.89130434 0.01171875 0.01656314
0 0.41132812 0.88768115 0.00703125 0.01759834
0 0.56328125 0.88198757 0.0109375 0.01449275
0 0.59257812 0.87888198 0.01015625 0.01242236
0 0.49921875 0.88198757 0.015625 0.03933747
0 0.57421875 0.86024844 0.015625 0.01242236
0 0.35859375 0.86387163 0.0234375 0.02173913
0 0.60507812 0.85973084 0.01171875 0.01552795
0 0.40039062 0.86024844 0.00859375 0.01863354
0 0.446875 0.86024844 0.015625 0.03312629
0 0.5390625 0.84523809 0.0078125 0.01138716
0 0.40585937 0.83902691 0.01171875 0.01345755
0 0.58789062 0.82712215 0.01171875 0.01656314
0 0.31445312 0.82712215 0.01328125 0.01863354
0 0.60273437 0.81832298 0.00859375 0.01552795
0 0.328125 0.81573498 0.01875 0.01242236
0 0.56015625 0.80175983 0.0171875 0.02380952
0 0.2921875 0.76449275 0.0078125 0.01345755
0 0.46367187 0.76138716 0.01171875 0.01552795
0 0.6546875 0.74378881 0.0125 0.01345755
0 0.42109375 0.72619047 0.0171875 0.02380952
0 0.66992187 0.71169772 0.01328125 0.01759834
0 0.640625 0.69513457 0.0125 0.01138716
0 0.50820312 0.68115942 0.01171875 0.01449275
0 0.30625 0.68219461 0.0125 0.02070393
0 0.6453125 0.67339544 0.021875 0.01966873
0 0.57695312 0.66977225 0.01171875 0.01449275
0 0.40234375 0.67080745 0.0125 0.02070393
0 0.67421875 0.64751552 0.0203125 0.03002070
0 0.29453125 0.64285714 0.0125 0.02070393
0 0.5640625 0.62422360 0.0140625 0.01449275
0 0.3671875 0.62060041 0.0125 0.01345755
0 0.34726562 0.61801242 0.01171875 0.01656314
0 0.52265625 0.60921325 0.0171875 0.02380952
0 0.55820312 0.59989648 0.01171875 0.01552795
0 0.64882812 0.60921325 0.01328125 0.03623188
0 0.3625 0.59989648 0.0171875 0.02380952
0 0.67617187 0.58902691 0.00703125 0.01656314
0 0.40820312 0.57608695 0.01328125 0.01966873
0 0.34140625 0.57298136 0.0171875 0.02380952
0 0.38789062 0.57298136 0.01953125 0.02587991
0 0.49804687 0.53881987 0.01171875 0.01966873
0 0.35507812 0.50621118 0.01015625 0.01449275
0 0.51015625 0.49792960 0.0109375 0.01242236
0 0.46523437 0.49223602 0.00859375 0.01345755
0 0.33828125 0.48861283 0.0078125 0.01035196
0 0.440625 0.48498964 0.0109375 0.01138716
0 0.36679687 0.47981366 0.01015625 0.01138716
0 0.30976562 0.47670807 0.00859375 0.01138716
0 0.59570312 0.43944099 0.02578125 0.02587991
0 0.67695312 0.43012422 0.01484375 0.00931677
0 0.61445312 0.42805383 0.01015625 0.01345755
0 0.59765625 0.39699792 0.0140625 0.01138716
0 0.54609375 0.39648033 0.0203125 0.01242236
0 0.33046875 0.39078674 0.0296875 0.02795031
0 0.51601562 0.34782608 0.01015625 0.01449275
0 0.57421875 0.34213250 0.0109375 0.01552795
0 0.36796875 0.34627329 0.0171875 0.02380952
0 0.44296875 0.33850931 0.0140625 0.01449275
0 0.4671875 0.33902691 0.0109375 0.03416149
0 0.54960937 0.30797101 0.01171875 0.01552795
0 0.52929687 0.28674948 0.01484375 0.02070393
0 0.49453125 0.28157349 0.009375 0.01035196
0 0.59960937 0.25465838 0.00859375 0.01035196
0 0.33359375 0.26086956 0.015625 0.02691511
0 0.528125 0.20186335 0.0140625 0.02070393
0 0.33359375 0.20031055 0.0140625 0.02380952
0 0.34414062 0.15942028 0.01015625 0.01035196
0 0.425 0.15890269 0.0234375 0.01345755
0 0.48515625 0.12888198 0.0171875 0.02380952
0 0.46367187 0.11749482 0.01171875 0.01966873
0 0.40429687 0.11542443 0.01796875 0.01966873
0 0.62226562 0.09006211 0.01171875 0.01656314
0 0.59414062 0.08643892 0.01015625 0.01345755
0 0.41875 0.08954451 0.0125 0.03209109
0 0.54414062 0.07608695 0.02734375 0.00931677
0 0.49921875 0.08333333 0.0078125 0.03209109
0 0.40195312 0.07039337 0.01796875 0.01035196
0 0.34101562 0.06987577 0.01015625 0.01759834
0 0.5546875 0.03778467 0.0125 0.01345755
0 0.35625 0.02173913 0.01875 0.02484472
0 0.46171875 0.00879917 0.0078125 0.01759834