0 0.628125 0.99482401 0.01875 0.01035196
0 0.28476562 0.98136645 0.01171875 0.01863354
0 0.52421875 0.97567287 0.0171875 0.02380952
0 0.41132812 0.97256728 0.01328125 0.02380952
0 0.30742187 0.96842650 0.01953125 0.01552795
0 0.51601562 0.95393374 0.00859375 0.01966873
0 0.31992187 0.89389233 0.01171875 0.00931677
0 0.46289062 0.88768115 0.01015625 0.01759834
0 0.55898437 0.87732919 0.01015625 0.01138716
0 0.49414062 0.87060041 0.02890625 0.01863354
0 0.31953125 0.87215320 0.0171875 0.02380952
0 0.30546875 0.86490683 0.009375 0.01345755
0 0.3859375 0.84368530 0.0125 0.02484472
0 0.328125 0.82246376 0.0109375 0.01552795
0 0.38007812 0.82039337 0.01328125 0.01759834
0 0.34101562 0.80590062 0.00859375 0.01138716
0 0.5046875 0.80590062 0.0125 0.01345755
0 0.63671875 0.79813664 0.009375 0.01656314
0 0.3859375 0.78726708 0.0109375 0.01552795
0 0.66015625 0.78364389 0.009375 0.01449275
0 0.31875 0.76915113 0.0140625 0.01656314
0 0.63945312 0.75879917 0.01328125 0.01656314
0 0.55 0.75724637 0.0171875 0.02380952
0 0.45898437 0.73757763 0.01171875 0.01345755
0 0.6796875 0.73964803 0.0171875 0.02380952
0 0.30429687 0.75258799 0.02109375 0.04968944
0 0.378125 0.71790890 0.009375 0.02173913
0 0.59101562 0.70807453 0.00859375 0.01242236
0 0.62734375 0.68995859 0.0140625 0.01552795
0 0.64492187 0.66718426 0.01328125 0.01552795
0 0.615625 0.65890269 0.009375 0.01138716
0 0.49414062 0.65942028 0.01484375 0.02070393
0 0.36289062 0.63302277 0.01171875 0.01759834
0 0.43945312 0.62784679 0.01015625 0.01966873
0 0.615625 0.62318840 0.0171875 0.01449275
0 0.48046875 0.62836438 0.0171875 0.03726708
0 0.61757812 0.60662525 0.01015625 0.01242236
0 0.671875 0.59109730 0.0109375 0.01656314
0 0.58125 0.57971014 0.009375 0.01449275
0 0.51210937 0.57815734 0.00859375 0.01345755
0 0.35429687 0.54968944 0.01328125 0.01863354
0 0.49960937 0.54503105 0.01484375 0.02173913
0 0.453125 0.53105590 0.0109375 0.01449275
0 0.55664062 0.53002070 0.01953125 0.02070393
0 0.67382812 0.52484472 0.01171875 0.01656314
0 0.4671875 0.51604554 0.009375 0.01138716
0 0.34335937 0.52018633 0.01328125 0.02173913
0 0.38632812 0.51345755 0.01015625 0.01242236
0 0.4 0.50828157 0.015625 0.01035196
0 0.34453125 0.49948240 0.009375 0.01138716
0 0.56445312 0.5 0.01328125 0.02484472
0 0.5109375 0.49327122 0.0078125 0.01345755
0 0.56445312 0.46066252 0.01015625 0.01242236
0 0.65078125 0.45755693 0.0140625 0.01035196
0 0.56796875 0.44513457 0.0109375 0.01449275
0 0.67578125 0.42701863 0.009375 0.01138716
0 0.3796875 0.41459627 0.015625 0.01966873
0 0.67734375 0.40372670 0.028125 0.02484472
0 0.42851562 0.40010351 0.00859375 0.01759834
0 0.41835937 0.38768115 0.01171875 0.01552795
0 0.31289062 0.37267080 0.01328125 0.01656314
0 0.38867187 0.37318840 0.01484375 0.03416149
0 0.40039062 0.35662525 0.01015625 0.01552795
0 0.3546875 0.35507246 0.0171875 0.03519668
0 0.63554687 0.33747412 0.01484375 0.01656314
0 0.60820312 0.33022774 0.01640625 0.01242236
0 0.53945312 0.32194616 0.01171875 0.01035196
0 0.49296875 0.32298136 0.009375 0.01449275
0 0.51601562 0.32453416 0.01953125 0.02380952
0 0.36054687 0.31987577 0.01015625 0.01449275
0 0.62890625 0.30434782 0.0125 0.01242236
0 0.54609375 0.28209109 0.0171875 0.02380952
0 0.43046875 0.27484472 0.0125 0.01138716
0 0.41796875 0.27070393 0.009375 0.01345755
0 0.58554687 0.22722567 0.01015625 0.01138716
0 0.35585937 0.22567287 0.01328125 0.01449275
0 0.6265625 0.23033126 0.0359375 0.02587991
0 0.5109375 0.21014492 0.015625 0.02070393
0 0.61796875 0.20238095 0.009375 0.02173913
0 0.55585937 0.19461697 0.01015625 0.01242236
0 0.58359375 0.17287784 0.0140625 0.01863354
0 0.54609375 0.15113871 0.009375 0.01035196
0 0.4078125 0.14130434 0.0171875 0.02380952
0 0.43867187 0.11335403 0.01015625 0.01345755
0 0.41210937 0.08488612 0.01171875 0.02277432
0 0.62304687 0.05848861 0.01015625 0.01345755
0 0.50429687 0.02484472 0.01015625 0.01449275
0 0.34570312 0.02122153 0.01640625 0.01966873
0 0.46640625 0.00362318 0.009375 0.00724637