0 0.4921875 0.99120082 0.009375 0.01759834
0 0.309375 0.97774327 0.0078125 0.01345755
0 0.61015625 0.97049689 0.009375 0.01138716
0 0.32695312 0.97204968 0.01015625 0.03105590
0 0.63515625 0.92805383 0.0171875 0.03002070
0 0.40820312 0.90993788 0.00859375 0.01656314
0 0.54765625 0.90838509 0.0078125 0.01552795
0 0.390625 0.91149068 0.0171875 0.02380952
0 0.56601562 0.88457556 0.01171875 0.01552795
0 0.65625 0.87577639 0.009375 0.01449275
0 0.54804687 0.87318840 0.01015625 0.01552795
0 0.440625 0.86749482 0.0171875 0.01656314
0 0.50117187 0.86283643 0.01015625 0.01345755
0 0.51875 0.85610766 0.0078125 0.01242236
0 0.68203125 0.85455486 0.015625 0.02173913
0 0.56171875 0.85455486 0.0109375 0.03002070
0 0.66875 0.83799171 0.0171875 0.02380952
0 0.640625 0.81521739 0.0140625 0.01759834
0 0.57460937 0.80797101 0.01484375 0.01759834
0 0.29570312 0.78985507 0.01171875 0.01242236
0 0.48984375 0.77898550 0.0078125 0.03209109
0 0.67890625 0.75931677 0.0125 0.01966873
0 0.32890625 0.76035196 0.0140625 0.03416149
0 0.58828125 0.74068322 0.0171875 0.01345755
0 0.40078125 0.74637681 0.0203125 0.02691511
0 0.66679687 0.71687370 0.01015625 0.01966873
0 0.6859375 0.71169772 0.0109375 0.02173913
0 0.58554687 0.68788819 0.01015625 0.01345755
0 0.634375 0.68944099 0.0171875 0.02484472
0 0.4796875 0.66356107 0.021875 0.01242236
0 0.43359375 0.66666666 0.009375 0.01863354
0 0.35820312 0.65890269 0.01328125 0.00931677
0 0.58007812 0.66200828 0.01171875 0.01966873
0 0.37070312 0.65372670 0.01015625 0.01345755
0 0.56875 0.65062111 0.0078125 0.01345755
0 0.55039062 0.64751552 0.01640625 0.02380952
0 0.34882812 0.61438923 0.01015625 0.01345755
0 0.51171875 0.61387163 0.0125 0.01449275
0 0.48515625 0.61128364 0.0140625 0.01759834
0 0.36796875 0.57142857 0.0140625 0.01863354
0 0.49921875 0.55331262 0.0140625 0.00931677
0 0.44023437 0.55641821 0.01171875 0.01759834
0 0.68476562 0.54140786 0.01484375 0.03519668
0 0.53398437 0.51501035 0.00859375 0.01345755
0 0.39609375 0.51293995 0.0125 0.01345755
0 0.58164062 0.49534161 0.01171875 0.01759834
0 0.55351562 0.49016563 0.01171875 0.01552795
0 0.34804687 0.47619047 0.01328125 0.01242236
0 0.56914062 0.46428571 0.01640625 0.01552795
0 0.64453125 0.46739130 0.0171875 0.02380952
0 0.48515625 0.45910973 0.0171875 0.02380952
0 0.68320312 0.44720496 0.01796875 0.01035196
0 0.42382812 0.44099378 0.01328125 0.01242236
0 0.37695312 0.42753623 0.01328125 0.01863354
0 0.5640625 0.42236024 0.0109375 0.01035196
0 0.45429687 0.42184265 0.00703125 0.01966873
0 0.58476562 0.40631469 0.01484375 0.01552795
0 0.46640625 0.40320910 0.0125 0.01345755
0 0.67773437 0.40476190 0.01640625 0.02898550
0 0.64023437 0.37267080 0.01328125 0.01449275
0 0.48984375 0.36594202 0.0203125 0.01966873
0 0.4375 0.36542443 0.0140625 0.01863354
0 0.525 0.36542443 0.0171875 0.02691511
0 0.50703125 0.35817805 0.0078125 0.01449275
0 0.36796875 0.34575569 0.0140625 0.01863354
0 0.51171875 0.34161490 0.009375 0.01242236
0 0.56171875 0.31780538 0.0125 0.01863354
0 0.60117187 0.30072463 0.01796875 0.02380952
0 0.51132812 0.28778467 0.01171875 0.01449275
0 0.56992187 0.28105590 0.01015625 0.01138716
0 0.59726562 0.27846790 0.00859375 0.01449275
0 0.44648437 0.27846790 0.01328125 0.01863354
0 0.44023437 0.25465838 0.01640625 0.02070393
0 0.64765625 0.23913043 0.0125 0.01449275
0 0.34257812 0.24792960 0.01953125 0.03209109
0 0.37070312 0.21635610 0.01015625 0.02070393
0 0.48359375 0.20341614 0.0140625 0.01966873
0 0.43476562 0.18944099 0.01328125 0.01863354
0 0.36953125 0.17701863 0.0109375 0.01449275
0 0.33046875 0.17080745 0.0078125 0.01449275
0 0.43359375 0.15993788 0.0125 0.01345755
0 0.4859375 0.16304347 0.0171875 0.02380952
0 0.64179687 0.15113871 0.01328125 0.01242236
0 0.33476562 0.15010351 0.00859375 0.01863354
0 0.34140625 0.13146997 0.0125 0.01656314
0 0.38359375 0.08954451 0.009375 0.01345755
0 0.56289062 0.07919254 0.01015625 0.01345755
0 0.38125 0.07039337 0.0125 0.01656314
0 0.33554687 0.06469979 0.01484375 0.01552795
0 0.55273437 0.06469979 0.01796875 0.03209109
0 0.5546875 0.00828157 0.0171875 0.01656314