0 0.41953125 0.88198757 0.0171875 0.03105590
0 0.59492187 0.82505175 0.01640625 0.01449275
0 0.40976562 0.82349896 0.01640625 0.04037267
0 0.32929687 0.77225672 0.04453125 0.07660455
0 0.35898437 0.73395445 0.01484375 0.01449275
0 0.40976562 0.73240165 0.01640625 0.02173913
0 0.60742187 0.69358178 0.01953125 0.02277432
0 0.58789062 0.68012422 0.01171875 0.02070393
0 0.45507812 0.54658385 0.04453125 0.02277432
0 0.59453125 0.52691511 0.021875 0.01863354
0 0.37304687 0.48706004 0.02109375 0.03209109
0 0.3890625 0.45755693 0.0140625 0.02484472
0 0.4078125 0.39544513 0.0234375 0.02277432
0 0.45664062 0.37111801 0.01328125 0.01552795
0 0.57304687 0.31728778 0.02421875 0.02173913
0 0.49257812 0.28623188 0.04609375 0.04451345
0 0.50429687 0.22360248 0.01328125 0.02691511
0 0.62773437 0.07971014 0.02578125 0.05175983