0 0.42929687 0.89026915 0.01484375 0.01449275
0 0.5046875 0.85351966 0.0609375 0.06521739
0 0.44179687 0.82349896 0.01640625 0.04037267
0 0.31640625 0.80693581 0.015625 0.01966873
0 0.35703125 0.80641821 0.0203125 0.02484472
0 0.33359375 0.78571428 0.015625 0.04968944
0 0.63828125 0.76604554 0.015625 0.02484472
0 0.60703125 0.65372670 0.01875 0.01759834
0 0.47695312 0.57867494 0.01953125 0.02691511
0 0.6671875 0.54710144 0.021875 0.02173913
0 0.41757812 0.53002070 0.01328125 0.02898550
0 0.3890625 0.45755693 0.0140625 0.02484472
0 0.32617187 0.43840579 0.01484375 0.03002070
0 0.5734375 0.42236024 0.0203125 0.02277432
0 0.5875 0.36904761 0.01875 0.02173913
0 0.3765625 0.34523809 0.01875 0.01345755
0 0.42265625 0.31677018 0.0296875 0.02070393
0 0.52773437 0.27432712 0.01640625 0.02484472
0 0.45039062 0.24120082 0.01484375 0.02484472
0 0.34609375 0.07039337 0.0203125 0.02691511