0 0.62773437 0.88612836 0.01640625 0.02070393
0 0.67109375 0.86801242 0.0203125 0.03623188
0 0.40976562 0.84886128 0.01640625 0.03105590
0 0.584375 0.84316770 0.0203125 0.02795031
0 0.6734375 0.82556935 0.0171875 0.03002070
0 0.31640625 0.80693581 0.015625 0.01966873
0 0.50351562 0.76656314 0.01484375 0.02173913
0 0.35585937 0.75776397 0.02265625 0.02070393
0 0.4578125 0.75207039 0.015625 0.01966873
0 0.60742187 0.71687370 0.01640625 0.02380952
0 0.64726562 0.64648033 0.01640625 0.02380952
0 0.66367187 0.59886128 0.01640625 0.02173913
0 0.47148437 0.55848861 0.01171875 0.03209109
0 0.5140625 0.54917184 0.0453125 0.02587991
0 0.49804687 0.52225672 0.02265625 0.03002070
0 0.33632812 0.50569358 0.01640625 0.01966873
0 0.371875 0.45652173 0.01875 0.02484472
0 0.36015625 0.39906832 0.0140625 0.02173913
0 0.6390625 0.36283643 0.01875 0.01759834
0 0.59765625 0.23964803 0.0203125 0.02795031