0 0.55078125 0.96273291 0.015625 0.01035196
0 0.31640625 0.96946169 0.021875 0.03209109
0 0.54023437 0.92701863 0.00859375 0.01345755
0 0.68867187 0.92753623 0.01171875 0.01863354
0 0.4515625 0.90734989 0.015625 0.01138716
0 0.33164062 0.88250517 0.01171875 0.01345755
0 0.59960937 0.88509316 0.02109375 0.02070393
0 0.53789062 0.86490683 0.01015625 0.01138716
0 0.371875 0.86645962 0.0125 0.01656314
0 0.67929687 0.86024844 0.01484375 0.01242236
0 0.58828125 0.85921325 0.01875 0.02277432
0 0.51132812 0.84575569 0.01484375 0.03105590
0 0.32109375 0.83022774 0.0109375 0.01449275
0 0.5390625 0.82660455 0.0171875 0.02380952
0 0.45703125 0.82919254 0.0140625 0.03105590
0 0.47109375 0.80434782 0.0109375 0.01449275
0 0.65820312 0.80331262 0.01328125 0.01449275
0 0.61992187 0.80072463 0.01171875 0.01552795
0 0.55820312 0.79865424 0.02109375 0.04658385
0 0.61328125 0.74741200 0.0125 0.01242236
0 0.6546875 0.74896480 0.0171875 0.02380952
0 0.6703125 0.73291925 0.0109375 0.01449275
0 0.50390625 0.73240165 0.015625 0.01345755
0 0.40117187 0.72101449 0.00859375 0.01138716
0 0.51914062 0.72101449 0.01171875 0.01345755
0 0.30117187 0.71635610 0.01171875 0.01449275
0 0.37890625 0.69720496 0.0125 0.01552795
0 0.59296875 0.68995859 0.0125 0.01759834
0 0.51875 0.68892339 0.015625 0.02380952
0 0.32421875 0.66097308 0.0078125 0.02380952
0 0.4390625 0.62888198 0.0171875 0.02380952
0 0.38984375 0.59265010 0.0171875 0.02380952
0 0.49101562 0.58643892 0.01015625 0.01966873
0 0.41523437 0.58540372 0.01328125 0.01759834
0 0.3875 0.55279503 0.0125 0.01449275
0 0.63789062 0.54399585 0.01328125 0.01345755
0 0.49023437 0.54244306 0.00859375 0.01242236
0 0.32421875 0.54244306 0.009375 0.01242236
0 0.30898437 0.53674948 0.01328125 0.01552795
0 0.66210937 0.53778467 0.00859375 0.02795031
0 0.56601562 0.52795031 0.01484375 0.02070393
0 0.42890625 0.52018633 0.009375 0.01138716
0 0.37226562 0.51863354 0.01015625 0.01035196
0 0.30351562 0.50983436 0.00859375 0.01345755
0 0.52695312 0.50362318 0.01015625 0.02173913
0 0.67734375 0.49585921 0.0109375 0.01449275
0 0.39726562 0.49482401 0.01328125 0.01449275
0 0.51640625 0.48964803 0.009375 0.01242236
0 0.37304687 0.48913043 0.01328125 0.01552795
0 0.55234375 0.48809523 0.0171875 0.02380952
0 0.33242187 0.45031055 0.01640625 0.01449275
0 0.52070312 0.45082815 0.02265625 0.01759834
0 0.415625 0.44358178 0.0234375 0.01759834
0 0.64765625 0.42184265 0.0109375 0.01345755
0 0.35039062 0.42391304 0.00859375 0.02587991
0 0.52617187 0.41770186 0.01171875 0.01552795
0 0.48242187 0.38871635 0.02578125 0.00931677
0 0.55078125 0.37991718 0.0109375 0.01035196
0 0.61171875 0.37370600 0.01875 0.01035196
0 0.37148437 0.36283643 0.01328125 0.01138716
0 0.6421875 0.36335403 0.0109375 0.01449275
0 0.4078125 0.32194616 0.0109375 0.01656314
0 0.59414062 0.30590062 0.01015625 0.01345755
0 0.48515625 0.31159420 0.01875 0.03933747
0 0.4203125 0.29296066 0.009375 0.01242236
0 0.43164062 0.28881987 0.01015625 0.00828157
0 0.50664062 0.27691511 0.02265625 0.01345755
0 0.44804687 0.27536231 0.01328125 0.01656314
0 0.47226562 0.26811594 0.01171875 0.01656314
0 0.54257812 0.26242236 0.01171875 0.02380952
0 0.61914062 0.26604554 0.01953125 0.03312629
0 0.40859375 0.25 0.0109375 0.01759834
0 0.37773437 0.23291925 0.01171875 0.01449275
0 0.38710937 0.20134575 0.00859375 0.01345755
0 0.3359375 0.15786749 0.01875 0.04451345
0 0.53789062 0.13664596 0.01796875 0.01449275
0 0.39960937 0.12629399 0.00859375 0.01242236
0 0.54921875 0.11749482 0.0125 0.01138716
0 0.528125 0.11490683 0.01875 0.01449275
0 0.50820312 0.09316770 0.03046875 0.03519668
0 0.3625 0.08747412 0.0171875 0.02380952
0 0.60859375 0.08540372 0.0171875 0.02380952
0 0.61484375 0.06211180 0.0109375 0.01449275
0 0.6453125 0.05848861 0.0140625 0.00931677
0 0.41484375 0.04813664 0.009375 0.01966873
0 0.47773437 0.04451345 0.01328125 0.01656314
0 0.49023437 0.01190476 0.01171875 0.01759834
0 0.33554687 0.00465838 0.01171875 0.00931677