0 0.49921875 0.87784679 0.015625 0.01656314
0 0.39375 0.87681159 0.0171875 0.02070393
0 0.67148437 0.86231884 0.01953125 0.02484472
0 0.44179687 0.75103519 0.01640625 0.02173913
0 0.37929687 0.74275362 0.01796875 0.01552795
0 0.60859375 0.71687370 0.0140625 0.02380952
0 0.571875 0.61594202 0.0296875 0.02277432
0 0.5109375 0.50672877 0.0140625 0.01966873
0 0.34492187 0.47463768 0.01640625 0.03002070
0 0.3953125 0.46066252 0.0140625 0.01863354
0 0.41328125 0.31677018 0.0109375 0.02070393
0 0.5390625 0.32091097 0.0171875 0.03105590
0 0.42109375 0.28519668 0.0140625 0.01552795
0 0.58164062 0.12370600 0.02890625 0.04037267