0 0.65898437 0.97670807 0.01484375 0.02795031
0 0.38828125 0.96273291 0.0078125 0.01863354
0 0.60546875 0.96221532 0.0078125 0.03830227
0 0.425 0.93478260 0.009375 0.01242236
0 0.65546875 0.91666666 0.021875 0.00931677
0 0.465625 0.91563146 0.0171875 0.02380952
0 0.67421875 0.90217391 0.0140625 0.01138716
0 0.54023437 0.89285714 0.01015625 0.01759834
0 0.6125 0.88509316 0.0125 0.01242236
0 0.51640625 0.86387163 0.0109375 0.01345755
0 0.30039062 0.85093167 0.01328125 0.01656314
0 0.46601562 0.83954451 0.02109375 0.01449275
0 0.61328125 0.82660455 0.0125 0.01759834
0 0.3921875 0.82349896 0.009375 0.01345755
0 0.63554687 0.82194616 0.00703125 0.01242236
0 0.44648437 0.82194616 0.01171875 0.01242236
0 0.67421875 0.81521739 0.0109375 0.00931677
0 0.36640625 0.80331262 0.01875 0.02484472
0 0.46992187 0.79554865 0.01015625 0.01345755
0 0.37851562 0.76863354 0.01015625 0.01345755
0 0.49921875 0.76604554 0.0125 0.01035196
0 0.66132812 0.76397515 0.01015625 0.01242236
0 0.61953125 0.75724637 0.0078125 0.01345755
0 0.59257812 0.74896480 0.01171875 0.02173913
0 0.41914062 0.72619047 0.01015625 0.01966873
0 0.39921875 0.70393374 0.015625 0.02898550
0 0.30546875 0.68426501 0.0140625 0.01035196
0 0.446875 0.68840579 0.0171875 0.02070393
0 0.55585937 0.68633540 0.01796875 0.01863354
0 0.51054687 0.67184265 0.01328125 0.01656314
0 0.46132812 0.66511387 0.01328125 0.02587991
0 0.35703125 0.64699792 0.015625 0.02898550
0 0.59609375 0.59368530 0.0171875 0.02380952
0 0.29921875 0.56314699 0.0140625 0.01656314
0 0.66289062 0.56159420 0.01953125 0.02173913
0 0.6015625 0.55020703 0.0140625 0.01966873
0 0.47109375 0.54399585 0.0140625 0.01345755
0 0.3140625 0.54037267 0.0125 0.01449275
0 0.4984375 0.52846790 0.0171875 0.02380952
0 0.44335937 0.51397515 0.01015625 0.01552795
0 0.31523437 0.50828157 0.00859375 0.01449275
0 0.29414062 0.49637681 0.01171875 0.01552795
0 0.4125 0.49223602 0.0140625 0.01345755
0 0.38007812 0.49637681 0.01796875 0.02173913
0 0.43984375 0.47670807 0.009375 0.01345755
0 0.65390625 0.47567287 0.0203125 0.02173913
0 0.3453125 0.46325051 0.009375 0.01138716
0 0.4609375 0.45496894 0.009375 0.01138716
0 0.60742187 0.45703933 0.01484375 0.02380952
0 0.30703125 0.43685300 0.0125 0.01449275
0 0.340625 0.42287784 0.0140625 0.01759834
0 0.55390625 0.39855072 0.0125 0.01656314
0 0.48515625 0.40217391 0.0171875 0.02380952
0 0.32578125 0.39130434 0.0125 0.01449275
0 0.58476562 0.37681159 0.01640625 0.01035196
0 0.61171875 0.37732919 0.0171875 0.02380952
0 0.4734375 0.37732919 0.0171875 0.02380952
0 0.57070312 0.35921325 0.01015625 0.01242236
0 0.49804687 0.35559006 0.00859375 0.01138716
0 0.39296875 0.34886128 0.0140625 0.01656314
0 0.55234375 0.33799171 0.009375 0.01966873
0 0.36757812 0.33126293 0.00859375 0.01242236
0 0.34179687 0.31987577 0.01015625 0.01242236
0 0.63046875 0.31366459 0.0109375 0.01242236
0 0.390625 0.30590062 0.009375 0.01552795
0 0.56640625 0.26552795 0.0171875 0.02380952
0 0.471875 0.26293995 0.021875 0.03105590
0 0.48398437 0.25258799 0.01171875 0.01242236
0 0.346875 0.25517598 0.015625 0.01966873
0 0.50039062 0.25828157 0.01953125 0.03209109
0 0.34648437 0.22774327 0.01484375 0.01242236
0 0.46679687 0.23343685 0.01953125 0.02587991
0 0.38984375 0.21997929 0.0125 0.01345755
0 0.52226562 0.22153209 0.03515625 0.02484472
0 0.37617187 0.20859213 0.01015625 0.01966873
0 0.50078125 0.19202898 0.021875 0.03416149
0 0.34726562 0.16511387 0.01015625 0.01345755
0 0.44453125 0.15993788 0.0109375 0.01345755
0 0.33085937 0.15010351 0.00859375 0.01449275
0 0.59101562 0.12681159 0.01015625 0.01345755
0 0.47539062 0.12060041 0.01015625 0.01345755
0 0.53320312 0.10144927 0.01484375 0.01449275
0 0.509375 0.09368530 0.0125 0.01552795
0 0.59648437 0.09057971 0.00859375 0.03002070
0 0.63515625 0.06780538 0.0109375 0.01138716
0 0.57460937 0.06211180 0.00859375 0.01242236
0 0.48515625 0.05383022 0.0109375 0.01449275
0 0.59453125 0.03519668 0.009375 0.01035196
0 0.534375 0.02070393 0.021875 0.02277432
0 0.65585937 0.01966873 0.01484375 0.02691511
0 0.52070312 0.00672877 0.00859375 0.01345755