0 0.55195312 0.99378881 0.00859375 0.01035196
0 0.52070312 0.99378881 0.01171875 0.01242236
0 0.63828125 0.96325051 0.0140625 0.00931677
0 0.48554687 0.95134575 0.01796875 0.01863354
0 0.425 0.93115942 0.009375 0.01966873
0 0.54609375 0.92028985 0.0078125 0.02277432
0 0.65273437 0.91304347 0.01015625 0.02277432
0 0.41914062 0.89958592 0.01328125 0.01449275
0 0.62070312 0.87939958 0.01171875 0.01345755
0 0.29960937 0.86801242 0.01484375 0.01138716
0 0.36328125 0.85455486 0.0078125 0.01138716
0 0.5625 0.85869565 0.0171875 0.02380952
0 0.64335937 0.84575569 0.02421875 0.01035196
0 0.44492187 0.83902691 0.01484375 0.01759834
0 0.459375 0.83592132 0.009375 0.01345755
0 0.58945312 0.82971014 0.00859375 0.02173913
0 0.49414062 0.82246376 0.01328125 0.01345755
0 0.37929687 0.82763975 0.01640625 0.02587991
0 0.43945312 0.81884057 0.00859375 0.01242236
0 0.29492187 0.81055900 0.01015625 0.01863354
0 0.3984375 0.79554865 0.0140625 0.01552795
0 0.51757812 0.78571428 0.01171875 0.01656314
0 0.56523437 0.76863354 0.01171875 0.01345755
0 0.475 0.77173913 0.0078125 0.01966873
0 0.37539062 0.76708074 0.01171875 0.01449275
0 0.65585937 0.76138716 0.01640625 0.03830227
0 0.52382812 0.74120082 0.01484375 0.01656314
0 0.65390625 0.70238095 0.015625 0.01759834
0 0.5109375 0.68892339 0.0140625 0.01759834
0 0.41679687 0.69047619 0.02265625 0.02277432
0 0.62109375 0.68012422 0.0125 0.02277432
0 0.33164062 0.66718426 0.01015625 0.01138716
0 0.3390625 0.65062111 0.0140625 0.01759834
0 0.29921875 0.64855072 0.009375 0.01759834
0 0.36484375 0.63975155 0.0203125 0.01035196
0 0.52460937 0.62784679 0.00859375 0.02380952
0 0.57539062 0.60817805 0.01171875 0.01759834
0 0.43203125 0.60507246 0.0109375 0.01345755
0 0.49921875 0.59782608 0.01875 0.01345755
0 0.61640625 0.59886128 0.0171875 0.02380952
0 0.5875 0.58540372 0.0171875 0.02380952
0 0.5609375 0.58333333 0.0171875 0.02380952
0 0.44609375 0.58022774 0.0171875 0.02380952
0 0.50664062 0.54606625 0.01015625 0.01138716
0 0.35546875 0.54917184 0.0171875 0.02380952
0 0.65625 0.54192546 0.009375 0.01345755
0 0.5671875 0.54037267 0.0125 0.01242236
0 0.30859375 0.54761904 0.025 0.03312629
0 0.60742187 0.53881987 0.01171875 0.01759834
0 0.559375 0.52225672 0.009375 0.01345755
0 0.35507812 0.52484472 0.01328125 0.01863354
0 0.40898437 0.51759834 0.00859375 0.01863354
0 0.67109375 0.49689440 0.021875 0.02691511
0 0.4671875 0.47826086 0.0109375 0.01449275
0 0.32421875 0.47256728 0.0109375 0.01345755
0 0.40664062 0.44151138 0.01328125 0.01138716
0 0.51171875 0.42857142 0.0203125 0.01242236
0 0.54921875 0.41356107 0.0125 0.01759834
0 0.66445312 0.40269151 0.01171875 0.01449275
0 0.56835937 0.39337474 0.01015625 0.01242236
0 0.43164062 0.39078674 0.00859375 0.01345755
0 0.41484375 0.38664596 0.0234375 0.02380952
0 0.60898437 0.34265010 0.01484375 0.01863354
0 0.34609375 0.33902691 0.0109375 0.01138716
0 0.64960937 0.33022774 0.01015625 0.01656314
0 0.5125 0.32867494 0.009375 0.01345755
0 0.52929687 0.32971014 0.01953125 0.02587991
0 0.43242187 0.30590062 0.01328125 0.01759834
0 0.3921875 0.28933747 0.0171875 0.02380952
0 0.58945312 0.27432712 0.00859375 0.01449275
0 0.48046875 0.26915113 0.009375 0.01449275
0 0.47734375 0.25414078 0.0109375 0.01345755
0 0.37734375 0.24534161 0.0109375 0.01656314
0 0.47382812 0.23602484 0.01171875 0.02070393
0 0.546875 0.21842650 0.0109375 0.02070393
0 0.56328125 0.18322981 0.0109375 0.01449275
0 0.47265625 0.16407867 0.0171875 0.02380952
0 0.3734375 0.15734989 0.0109375 0.01449275
0 0.43945312 0.15993788 0.01796875 0.03002070
0 0.48125 0.13819875 0.009375 0.02173913
0 0.50976562 0.11697722 0.02734375 0.01242236
0 0.35 0.10559006 0.0125 0.01242236
0 0.51875 0.10093167 0.0140625 0.01759834
0 0.42265625 0.09213250 0.0078125 0.01449275
0 0.4515625 0.09472049 0.028125 0.02795031
0 0.36679687 0.09057971 0.00859375 0.02173913
0 0.60703125 0.07815734 0.0125 0.01552795
0 0.39921875 0.05020703 0.0125 0.01759834
0 0.68203125 0.03674948 0.0171875 0.02173913
0 0.65351562 0.02846790 0.01171875 0.01759834