0 0.31171875 0.98498964 0.0078125 0.01138716
0 0.68359375 0.98291925 0.0140625 0.01759834
0 0.69648437 0.95910973 0.01796875 0.02587991
0 0.56523437 0.93064182 0.01640625 0.02277432
0 0.40507812 0.87060041 0.01796875 0.02277432
0 0.64023437 0.84989648 0.01484375 0.01863354
0 0.43164062 0.82246376 0.02109375 0.05072463
0 0.58867187 0.64855072 0.01796875 0.01345755
0 0.62890625 0.57453416 0.021875 0.02484472
0 0.40078125 0.51242236 0.0140625 0.02277432
0 0.52539062 0.48084886 0.02578125 0.05279503
0 0.48867187 0.30072463 0.01171875 0.01345755
0 0.609375 0.30175983 0.0171875 0.02587991
0 0.62109375 0.27898550 0.0140625 0.01759834
0 0.42617187 0.24741200 0.00703125 0.01449275
0 0.46796875 0.15734989 0.0203125 0.01035196
0 0.60351562 0.13354037 0.01796875 0.02277432
0 0.5734375 0.02691511 0.0125 0.02277432