0 0.51796875 0.88923395 0.015625 0.02277432
0 0.453125 0.85559006 0.021875 0.01552795
0 0.49882812 0.84937888 0.04921875 0.05693581
0 0.66523437 0.81366459 0.01953125 0.02070393
0 0.37539062 0.80175983 0.01640625 0.01966873
0 0.63085937 0.79813664 0.03984375 0.03312629
0 0.33867187 0.78726708 0.01953125 0.02173913
0 0.49492187 0.76708074 0.01484375 0.02277432
0 0.63828125 0.74223602 0.015625 0.02484472
0 0.65117187 0.58747412 0.04140625 0.04451345
0 0.57773437 0.54347826 0.02421875 0.01449275
0 0.3390625 0.53416149 0.0453125 0.05590062
0 0.42773437 0.47877846 0.01796875 0.01966873
0 0.57148437 0.40476190 0.01328125 0.02691511
0 0.65546875 0.39233954 0.0234375 0.02898550
0 0.540625 0.38198757 0.021875 0.03312629
0 0.49335937 0.31728778 0.01328125 0.02173913
0 0.42109375 0.28519668 0.0140625 0.01552795
0 0.45039062 0.24120082 0.01484375 0.02484472