0 0.48320312 0.89026915 0.01796875 0.02484472
0 0.57851562 0.88509316 0.01796875 0.01656314
0 0.40742187 0.87370600 0.02265625 0.01449275
0 0.67109375 0.87267080 0.0203125 0.02691511
0 0.58554687 0.84265010 0.01796875 0.02691511
0 0.509375 0.83436853 0.0234375 0.02691511
0 0.49921875 0.80124223 0.0234375 0.02070393
0 0.40976562 0.73240165 0.01640625 0.02173913
0 0.65351562 0.56366459 0.03046875 0.02173913
0 0.36210937 0.45910973 0.01640625 0.02173913
0 0.56914062 0.42546583 0.02890625 0.02898550
0 0.63359375 0.35093167 0.01875 0.01863354
0 0.5390625 0.33540372 0.0171875 0.01242236
0 0.51328125 0.33540372 0.0171875 0.01242236
0 0.39492187 0.32349896 0.01640625 0.01552795
0 0.5734375 0.32608695 0.040625 0.04761904
0 0.47617187 0.28623188 0.01328125 0.01759834
0 0.62421875 0.29606625 0.021875 0.04554865
0 0.60507812 0.23188405 0.01640625 0.02484472
0 0.62421875 0.22826086 0.0171875 0.02795031
0 0.44335937 0.22308488 0.01171875 0.01759834
0 0.58164062 0.19824016 0.01640625 0.02173913
0 0.4234375 0.14440993 0.015625 0.02587991
0 0.36640625 0.14182194 0.0203125 0.02691511
0 0.61015625 0.07971014 0.0140625 0.05175983