0 0.3171875 0.87784679 0.0140625 0.02070393
0 0.66992187 0.84523809 0.01484375 0.03416149
0 0.49882812 0.84937888 0.04921875 0.05693581
0 0.35664062 0.82194616 0.01328125 0.02277432
0 0.64296875 0.77743271 0.0140625 0.01863354
0 0.64453125 0.65683229 0.01875 0.02173913
0 0.61210937 0.60300207 0.01953125 0.03002070
0 0.51171875 0.56262939 0.01875 0.02173913
0 0.3890625 0.45755693 0.0140625 0.02484472
0 0.30859375 0.47153209 0.0203125 0.10248447
0 0.36015625 0.39906832 0.0140625 0.02173913
0 0.51328125 0.33540372 0.0171875 0.01242236
0 0.52773437 0.28519668 0.01640625 0.01552795
0 0.56796875 0.22101449 0.015625 0.02173913