0 0.36523437 0.96532091 0.01015625 0.01138716
0 0.60976562 0.94151138 0.01328125 0.00931677
0 0.409375 0.93064182 0.0171875 0.01242236
0 0.48203125 0.91304347 0.0140625 0.01656314
0 0.32265625 0.91563146 0.0171875 0.02173913
0 0.53242187 0.90010351 0.00859375 0.02173913
0 0.45585937 0.88716356 0.00859375 0.01242236
0 0.58398437 0.88405797 0.00859375 0.01656314
0 0.66796875 0.88405797 0.0140625 0.01863354
0 0.43007812 0.88923395 0.01796875 0.02898550
0 0.35078125 0.87215320 0.0234375 0.02380952
0 0.3921875 0.86387163 0.015625 0.01552795
0 0.6578125 0.85559006 0.0125 0.01552795
0 0.36953125 0.86180124 0.015625 0.03002070
0 0.31289062 0.83126293 0.02890625 0.02898550
0 0.38984375 0.82142857 0.0171875 0.02380952
0 0.59257812 0.82142857 0.01796875 0.02587991
0 0.53320312 0.80486542 0.01328125 0.01138716
0 0.30273437 0.80693581 0.01796875 0.01966873
0 0.659375 0.78830227 0.0171875 0.00931677
0 0.49765625 0.76035196 0.0125 0.01552795
0 0.5953125 0.73447204 0.0171875 0.02380952
0 0.62695312 0.72412008 0.01015625 0.01345755
0 0.4078125 0.69668737 0.0171875 0.01449275
0 0.61289062 0.68737060 0.01171875 0.01449275
0 0.2953125 0.66252587 0.0140625 0.01863354
0 0.46289062 0.65372670 0.01484375 0.01345755
0 0.61015625 0.64544513 0.0078125 0.01138716
0 0.44140625 0.64233954 0.0171875 0.02380952
0 0.54882812 0.64130434 0.01328125 0.02380952
0 0.37851562 0.63043478 0.01484375 0.02277432
0 0.49140625 0.61542443 0.0125 0.02380952
0 0.52929687 0.60921325 0.01015625 0.01345755
0 0.45273437 0.60300207 0.01015625 0.01345755
0 0.56445312 0.60093167 0.01015625 0.01345755
0 0.59101562 0.57971014 0.01484375 0.01035196
0 0.47304687 0.58178053 0.01328125 0.01449275
0 0.57226562 0.58178053 0.01328125 0.01863354
0 0.33554687 0.54968944 0.01015625 0.01449275
0 0.47304687 0.53726708 0.01171875 0.02277432
0 0.59492187 0.52432712 0.01171875 0.01552795
0 0.46015625 0.52018633 0.01875 0.01759834
0 0.3890625 0.51293995 0.0109375 0.01345755
0 0.66835937 0.49948240 0.01328125 0.01966873
0 0.6046875 0.49223602 0.0171875 0.02380952
0 0.33203125 0.48706004 0.0078125 0.01345755
0 0.53007812 0.47826086 0.01015625 0.01449275
0 0.64257812 0.47877846 0.01328125 0.01759834
0 0.4875 0.47929606 0.0171875 0.03312629
0 0.29570312 0.46273291 0.01171875 0.02277432
0 0.43203125 0.44927536 0.009375 0.01863354
0 0.68046875 0.44306418 0.0171875 0.02691511
0 0.34453125 0.42908902 0.0078125 0.01138716
0 0.40742187 0.42546583 0.01328125 0.01242236
0 0.68789062 0.42132505 0.00859375 0.01242236
0 0.54570312 0.42028985 0.01953125 0.01035196
0 0.61015625 0.38612836 0.009375 0.01863354
0 0.48007812 0.37111801 0.02734375 0.01552795
0 0.59492187 0.37060041 0.01640625 0.01656314
0 0.41054687 0.33954451 0.00859375 0.01242236
0 0.5421875 0.34109730 0.0203125 0.02587991
0 0.42304687 0.33333333 0.01015625 0.01242236
0 0.33828125 0.33592132 0.0140625 0.01966873
0 0.43203125 0.31159420 0.0140625 0.02898550
0 0.4203125 0.29503105 0.0078125 0.01035196
0 0.50195312 0.28416149 0.01015625 0.01552795
0 0.52695312 0.27898550 0.00703125 0.01552795
0 0.63984375 0.26759834 0.0109375 0.01345755
0 0.60546875 0.26759834 0.021875 0.03209109
0 0.5640625 0.26138716 0.0171875 0.02380952
0 0.3890625 0.25155279 0.0078125 0.02070393
0 0.43789062 0.22515527 0.01328125 0.01759834
0 0.33710937 0.21532091 0.01484375 0.02070393
0 0.47929687 0.20289855 0.00859375 0.02277432
0 0.63554687 0.15734989 0.01484375 0.02070393
0 0.44335937 0.14285714 0.01328125 0.03312629
0 0.55273437 0.11749482 0.01328125 0.01759834
0 0.45703125 0.11128364 0.01875 0.02173913
0 0.35820312 0.11024844 0.02421875 0.04451345
0 0.55703125 0.09368530 0.01875 0.01345755
0 0.425 0.09213250 0.009375 0.01242236
0 0.528125 0.08436853 0.0109375 0.01759834
0 0.57460937 0.08229813 0.01171875 0.01552795
0 0.6015625 0.07505175 0.009375 0.01552795
0 0.37734375 0.07453416 0.0109375 0.01449275
0 0.43203125 0.01501035 0.0140625 0.01759834
0 0.54335937 0.00724637 0.01484375 0.01242236