0 0.68203125 0.98395445 0.0125 0.01345755
0 0.69882812 0.98033126 0.01328125 0.01449275
0 0.4296875 0.98188405 0.0171875 0.02380952
0 0.31171875 0.97101449 0.0109375 0.02691511
0 0.68554687 0.96221532 0.01484375 0.02380952
0 0.61914062 0.95445134 0.00859375 0.01242236
0 0.36757812 0.94151138 0.02265625 0.01138716
0 0.40664062 0.93478260 0.00859375 0.02691511
0 0.434375 0.92391304 0.0171875 0.02380952
0 0.64296875 0.91873706 0.0171875 0.02380952
0 0.3421875 0.90786749 0.0125 0.01863354
0 0.55390625 0.89699792 0.0125 0.01345755
0 0.51875 0.89648033 0.009375 0.01449275
0 0.66835937 0.88819875 0.01171875 0.01656314
0 0.60390625 0.88664596 0.0125 0.01966873
0 0.3015625 0.88146997 0.0078125 0.01759834
0 0.31328125 0.87888198 0.0125 0.01656314
0 0.54179687 0.87836438 0.00703125 0.02173913
0 0.42070312 0.85507246 0.01328125 0.01242236
0 0.66914062 0.84006211 0.01015625 0.01759834
0 0.53984375 0.83592132 0.009375 0.00931677
0 0.51171875 0.83850931 0.0109375 0.01449275
0 0.65117187 0.83643892 0.01015625 0.01242236
0 0.58398437 0.83695652 0.01953125 0.02587991
0 0.49335937 0.82298136 0.00859375 0.01656314
0 0.64492187 0.82142857 0.01171875 0.01552795
0 0.43125 0.81780538 0.0171875 0.01449275
0 0.58554687 0.79813664 0.01171875 0.01449275
0 0.46875 0.78830227 0.01875 0.01759834
0 0.65195312 0.78467908 0.01328125 0.01656314
0 0.36914062 0.77898550 0.01796875 0.01345755
0 0.58671875 0.78002070 0.0140625 0.01966873
0 0.31289062 0.74637681 0.00859375 0.01242236
0 0.36757812 0.75258799 0.01328125 0.02691511
0 0.34765625 0.74327122 0.0109375 0.01035196
0 0.38867187 0.73447204 0.01171875 0.01345755
0 0.46328125 0.72722567 0.0125 0.01552795
0 0.29921875 0.71790890 0.009375 0.02795031
0 0.64921875 0.68788819 0.0109375 0.01345755
0 0.45820312 0.68685300 0.01796875 0.02173913
0 0.35195312 0.68478260 0.01484375 0.01759834
0 0.5890625 0.68115942 0.009375 0.01449275
0 0.4078125 0.67805383 0.0109375 0.01242236
0 0.3140625 0.67598343 0.0171875 0.01863354
0 0.58007812 0.63975155 0.02421875 0.01656314
0 0.45078125 0.60559006 0.0171875 0.01035196
0 0.4 0.61231884 0.0171875 0.02380952
0 0.3125 0.60093167 0.0171875 0.04244306
0 0.5859375 0.54554865 0.009375 0.01449275
0 0.6828125 0.53778467 0.0171875 0.02380952
0 0.60234375 0.52380952 0.01875 0.01242236
0 0.5296875 0.52225672 0.009375 0.01345755
0 0.59257812 0.50465838 0.01328125 0.01138716
0 0.2984375 0.50155279 0.0171875 0.02380952
0 0.6 0.49171842 0.0078125 0.01242236
0 0.31210937 0.48343685 0.01015625 0.01656314
0 0.42226562 0.46687370 0.00859375 0.01035196
0 0.41796875 0.44254658 0.009375 0.01345755
0 0.59375 0.43322981 0.01875 0.01345755
0 0.67539062 0.43064182 0.01015625 0.01242236
0 0.5328125 0.43012422 0.015625 0.01759834
0 0.4046875 0.42857142 0.009375 0.01449275
0 0.32265625 0.42391304 0.0109375 0.01345755
0 0.46953125 0.41511387 0.0109375 0.01656314
0 0.44648437 0.39648033 0.01015625 0.01656314
0 0.35585937 0.38664596 0.02265625 0.03416149
0 0.48203125 0.37008281 0.0171875 0.02380952
0 0.4625 0.36801242 0.015625 0.02173913
0 0.41875 0.34679089 0.0109375 0.01656314
0 0.64765625 0.34213250 0.0140625 0.01552795
0 0.60195312 0.32453416 0.01015625 0.01345755
0 0.64179687 0.32246376 0.00859375 0.01345755
0 0.62578125 0.31055900 0.0125 0.01656314
0 0.51835937 0.29968944 0.01015625 0.01552795
0 0.37890625 0.29503105 0.009375 0.01449275
0 0.41835937 0.27950310 0.00859375 0.01242236
0 0.4953125 0.26138716 0.0171875 0.02380952
0 0.62460937 0.20393374 0.01640625 0.02277432
0 0.53125 0.16149068 0.0109375 0.01656314
0 0.3875 0.15579710 0.0125 0.01552795
0 0.47265625 0.14803312 0.0140625 0.02070393
0 0.65039062 0.14389233 0.00859375 0.02070393
0 0.5703125 0.12318840 0.009375 0.01242236
0 0.51484375 0.09730848 0.0109375 0.01242236
0 0.43632812 0.10093167 0.01015625 0.02173913
0 0.6109375 0.08074534 0.009375 0.01449275
0 0.51015625 0.06728778 0.0125 0.01449275
0 0.62890625 0.05227743 0.0125 0.01966873
0 0.4078125 0.04761904 0.0078125 0.01242236
0 0.5171875 0.03830227 0.021875 0.01242236
0 0.43554687 0.01604554 0.01171875 0.01345755
0 0.6296875 0.00724637 0.0140625 0.01449275