0 0.42929687 0.89026915 0.01484375 0.01449275
0 0.553125 0.88509316 0.0453125 0.03519668
0 0.35546875 0.85144927 0.046875 0.06314699
0 0.42578125 0.82401656 0.015625 0.03105590
0 0.60507812 0.81935817 0.01640625 0.02380952
0 0.66523437 0.81366459 0.01953125 0.02070393
0 0.64101562 0.80020703 0.01953125 0.02898550
0 0.37539062 0.79192546 0.01640625 0.03933747
0 0.5859375 0.75828157 0.021875 0.02587991
0 0.44179687 0.75103519 0.01640625 0.02173913
0 0.64726562 0.64648033 0.01640625 0.02380952
0 0.571875 0.61594202 0.0296875 0.02277432
0 0.5140625 0.54917184 0.0453125 0.02587991
0 0.41757812 0.53002070 0.01328125 0.02898550
0 0.59375 0.50362318 0.01875 0.03002070
0 0.49960937 0.49171842 0.03203125 0.02484472
0 0.34492187 0.47463768 0.01640625 0.03002070
0 0.5734375 0.42236024 0.0203125 0.02277432
0 0.4359375 0.37474120 0.0140625 0.02277432
0 0.5671875 0.37163561 0.0140625 0.03105590
0 0.5390625 0.32091097 0.0171875 0.03105590
0 0.52773437 0.28519668 0.01640625 0.01552795
0 0.4921875 0.27484472 0.015625 0.02173913