0 0.62421875 0.93219461 0.021875 0.03002070
0 0.43671875 0.92494824 0.0109375 0.02380952
0 0.63984375 0.91304347 0.00625 0.01863354
0 0.39492187 0.91407867 0.01953125 0.03519668
0 0.51796875 0.91200828 0.0203125 0.03312629
0 0.65 0.84679089 0.0171875 0.02691511
0 0.60078125 0.84523809 0.03125 0.03209109
0 0.65507812 0.80641821 0.00703125 0.01656314
0 0.37226562 0.78571428 0.01796875 0.01656314
0 0.62421875 0.75465838 0.0140625 0.02070393
0 0.390625 0.74689440 0.0171875 0.02795031
0 0.64140625 0.71066252 0.021875 0.00931677
0 0.62460937 0.68892339 0.01171875 0.01759834
0 0.42148437 0.67080745 0.01796875 0.03105590
0 0.67148437 0.52484472 0.03828125 0.03933747
0 0.42539062 0.50621118 0.01484375 0.01449275
0 0.39882812 0.49534161 0.01796875 0.01966873
0 0.60117187 0.48033126 0.01015625 0.02898550
0 0.49296875 0.47256728 0.021875 0.03209109
0 0.446875 0.42701863 0.0234375 0.03830227
0 0.37460937 0.33954451 0.01640625 0.03519668
0 0.35820312 0.31832298 0.01484375 0.01966873
0 0.58164062 0.31780538 0.02109375 0.02484472
0 0.60585937 0.21739130 0.01171875 0.01242236
0 0.62890625 0.21428571 0.015625 0.01863354
0 0.3453125 0.02743271 0.0140625 0.01138716