0 0.28476562 0.97360248 0.00859375 0.01552795
0 0.42773437 0.94824016 0.01328125 0.01035196
0 0.31640625 0.93478260 0.0125 0.01035196
0 0.61992187 0.93115942 0.01484375 0.01552795
0 0.45585937 0.89492753 0.01015625 0.01345755
0 0.54648437 0.88923395 0.01640625 0.01242236
0 0.41445312 0.88871635 0.00859375 0.01138716
0 0.38515625 0.87577639 0.025 0.01035196
0 0.61367187 0.87991718 0.02578125 0.02898550
0 0.35742187 0.86956521 0.01015625 0.01242236
0 0.60625 0.85559006 0.0125 0.02173913
0 0.65585937 0.83850931 0.01171875 0.01449275
0 0.35078125 0.83229813 0.0109375 0.01449275
0 0.43203125 0.82453416 0.021875 0.01759834
0 0.6390625 0.81004140 0.0203125 0.02173913
0 0.57539062 0.79761904 0.01953125 0.01345755
0 0.4078125 0.79244306 0.0171875 0.02380952
0 0.49921875 0.76656314 0.0125 0.01345755
0 0.309375 0.77743271 0.025 0.03519668
0 0.44296875 0.74120082 0.0109375 0.01656314
0 0.36054687 0.72826086 0.01015625 0.01966873
0 0.48007812 0.72619047 0.01328125 0.01966873
0 0.62226562 0.72049689 0.00859375 0.02277432
0 0.32539062 0.71066252 0.01171875 0.01552795
0 0.54570312 0.68581780 0.00859375 0.01345755
0 0.58476562 0.68115942 0.01015625 0.01449275
0 0.41328125 0.67339544 0.0109375 0.02173913
0 0.365625 0.66718426 0.0125 0.01138716
0 0.52617187 0.65320910 0.01171875 0.01449275
0 0.45429687 0.64440993 0.01328125 0.00931677
0 0.64453125 0.65527950 0.021875 0.03726708
0 0.390625 0.64078674 0.0078125 0.01035196
0 0.55546875 0.64182194 0.0109375 0.01449275
0 0.36757812 0.64440993 0.00859375 0.01966873
0 0.60703125 0.63509316 0.0109375 0.02173913
0 0.58242187 0.61853002 0.01953125 0.01759834
0 0.67421875 0.61180124 0.0125 0.01242236
0 0.40234375 0.57660455 0.01875 0.01035196
0 0.57695312 0.54968944 0.01015625 0.01242236
0 0.38203125 0.54244306 0.009375 0.01656314
0 0.540625 0.53105590 0.009375 0.01656314
0 0.65742187 0.53519668 0.02265625 0.03312629
0 0.3734375 0.51708074 0.0125 0.01552795
0 0.64296875 0.51242236 0.0109375 0.01449275
0 0.53710937 0.47515527 0.01015625 0.01242236
0 0.49570312 0.46325051 0.01171875 0.01552795
0 0.409375 0.46014492 0.0171875 0.02380952
0 0.65742187 0.45703933 0.01484375 0.02173913
0 0.47890625 0.43840579 0.0171875 0.01966873
0 0.5203125 0.42908902 0.0203125 0.00931677
0 0.33320312 0.37525879 0.01015625 0.01345755
0 0.540625 0.37111801 0.0171875 0.02380952
0 0.65234375 0.36387163 0.015625 0.01966873
0 0.4625 0.36335403 0.015625 0.02691511
0 0.55820312 0.35403726 0.01484375 0.01863354
0 0.434375 0.34057971 0.0125 0.01242236
0 0.421875 0.33850931 0.0109375 0.01449275
0 0.5859375 0.33178053 0.0125 0.01552795
0 0.34882812 0.32815734 0.01328125 0.02484472
0 0.52695312 0.31469979 0.01328125 0.01449275
0 0.4015625 0.31211180 0.01875 0.02173913
0 0.5 0.29865424 0.0125 0.01552795
0 0.38554687 0.29761904 0.01171875 0.01345755
0 0.64335937 0.27639751 0.01015625 0.01449275
0 0.340625 0.26863354 0.0140625 0.01966873
0 0.57773437 0.26345755 0.01171875 0.02380952
0 0.46796875 0.26345755 0.0171875 0.02380952
0 0.52734375 0.26552795 0.0078125 0.03209109
0 0.40078125 0.24689440 0.0171875 0.02380952
0 0.421875 0.24482401 0.0125 0.02173913
0 0.60273437 0.23757763 0.01171875 0.01345755
0 0.55898437 0.22101449 0.02890625 0.02380952
0 0.53203125 0.21532091 0.009375 0.01656314
0 0.49101562 0.20031055 0.01953125 0.04244306
0 0.47382812 0.18064182 0.01328125 0.01552795
0 0.35898437 0.13716356 0.00859375 0.01552795
0 0.446875 0.13095238 0.0171875 0.02380952
0 0.45351562 0.09575569 0.01953125 0.01138716
0 0.33164062 0.06935817 0.00859375 0.01656314
0 0.4125 0.04917184 0.0296875 0.02173913
0 0.62148437 0.02225672 0.01328125 0.01345755
0 0.5390625 0.00983436 0.009375 0.01759834