0 0.51328125 0.98964803 0.015625 0.02070393
0 0.69765625 0.93322981 0.015625 0.01552795
0 0.31875 0.84316770 0.01875 0.03002070
0 0.59023437 0.83178053 0.02265625 0.02380952
0 0.33398437 0.80279503 0.01796875 0.02587991
0 0.45390625 0.74844720 0.0109375 0.01242236
0 0.50351562 0.70082815 0.01015625 0.00828157
0 0.63789062 0.60559006 0.00546875 0.01035196
0 0.52929687 0.60455486 0.01015625 0.01863354
0 0.38125 0.53933747 0.0125 0.02070393
0 0.56289062 0.52743271 0.01015625 0.00931677
0 0.34804687 0.47515527 0.01484375 0.02484472
0 0.65859375 0.47308488 0.021875 0.02484472
0 0.584375 0.43374741 0.015625 0.01656314
0 0.45351562 0.42080745 0.01640625 0.02173913
0 0.4125 0.40527950 0.0109375 0.03209109
0 0.46992187 0.36801242 0.02421875 0.03002070
0 0.44296875 0.34575569 0.0203125 0.01656314
0 0.56484375 0.32142857 0.0171875 0.01966873
0 0.63203125 0.28933747 0.0171875 0.02380952
0 0.48359375 0.28933747 0.0203125 0.03002070
0 0.50585937 0.27536231 0.01484375 0.01863354
0 0.596875 0.23136645 0.0140625 0.01966873
0 0.48203125 0.23602484 0.021875 0.03105590
0 0.57421875 0.20910973 0.015625 0.01863354
0 0.371875 0.08902691 0.0171875 0.03312629