0 0.5625 0.93737060 0.0078125 0.01759834
0 0.38828125 0.93530020 0.0265625 0.04244306
0 0.31171875 0.91770186 0.0125 0.01345755
0 0.54414062 0.87629399 0.02421875 0.02380952
0 0.44960937 0.76759834 0.02734375 0.02173913
0 0.43867187 0.70910973 0.01640625 0.01863354
0 0.646875 0.56314699 0.0171875 0.02070393
0 0.47070312 0.54658385 0.01796875 0.02070393
0 0.38710937 0.51708074 0.01953125 0.02173913
0 0.628125 0.42857142 0.021875 0.03105590
0 0.42890625 0.42132505 0.0140625 0.01863354
0 0.30078125 0.39958592 0.021875 0.03105590
0 0.3546875 0.39233954 0.015625 0.01863354
0 0.56484375 0.34575569 0.0125 0.02691511
0 0.47539062 0.33695652 0.01484375 0.01552795
0 0.45078125 0.32867494 0.0171875 0.02587991
0 0.54179687 0.31935817 0.01484375 0.01966873
0 0.56367187 0.29347826 0.01953125 0.02380952
0 0.5078125 0.28933747 0.0203125 0.02587991
0 0.38242187 0.28260869 0.01328125 0.01656314
0 0.60546875 0.24844720 0.009375 0.01035196
0 0.59882812 0.14285714 0.01171875 0.03105590
0 0.346875 0.10455486 0.00625 0.01242236
0 0.46757812 0.09213250 0.03359375 0.03312629
0 0.43867187 0.04813664 0.01953125 0.03209109