0 0.52773437 0.98447204 0.01171875 0.01035196
0 0.48515625 0.98395445 0.025 0.01966873
0 0.32226562 0.97360248 0.01171875 0.01345755
0 0.40078125 0.96946169 0.021875 0.01552795
0 0.421875 0.91563146 0.0109375 0.02173913
0 0.3578125 0.90579710 0.0109375 0.01035196
0 0.52109375 0.89958592 0.0109375 0.01242236
0 0.38945312 0.88198757 0.00859375 0.01242236
0 0.50625 0.88509316 0.0421875 0.02691511
0 0.41601562 0.87836438 0.01328125 0.01759834
0 0.60195312 0.88095238 0.01484375 0.02898550
0 0.44648437 0.87422360 0.01953125 0.01966873
0 0.34609375 0.86283643 0.0078125 0.01345755
0 0.66523437 0.85973084 0.01640625 0.01345755
0 0.66914062 0.84679089 0.01015625 0.01449275
0 0.57773437 0.84472049 0.01015625 0.01242236
0 0.65234375 0.84109730 0.0109375 0.01552795
0 0.425 0.83488612 0.009375 0.01345755
0 0.63242187 0.83074534 0.01328125 0.01759834
0 0.40117187 0.81107660 0.01171875 0.01552795
0 0.4875 0.78674948 0.0125 0.01242236
0 0.60039062 0.78467908 0.01171875 0.01449275
0 0.39140625 0.77070393 0.0125 0.01759834
0 0.653125 0.75672877 0.009375 0.01242236
0 0.609375 0.76086956 0.009375 0.02484472
0 0.55976562 0.73447204 0.01328125 0.01138716
0 0.31132812 0.72049689 0.01796875 0.01035196
0 0.42734375 0.71532091 0.0109375 0.01242236
0 0.48007812 0.70548654 0.01171875 0.02173913
0 0.46132812 0.67391304 0.01171875 0.01656314
0 0.57773437 0.67080745 0.01015625 0.01242236
0 0.359375 0.67132505 0.0140625 0.01552795
0 0.30390625 0.66459627 0.0109375 0.01449275
0 0.33320312 0.64751552 0.01484375 0.01552795
0 0.49804687 0.62991718 0.01328125 0.01759834
0 0.36484375 0.61853002 0.0171875 0.02380952
0 0.65703125 0.61180124 0.021875 0.02070393
0 0.5921875 0.58954451 0.0171875 0.02380952
0 0.41523437 0.57971014 0.01953125 0.02070393
0 0.50664062 0.55331262 0.01015625 0.01552795
0 0.4390625 0.54813664 0.009375 0.01138716
0 0.37929687 0.53157349 0.01484375 0.02380952
0 0.31640625 0.50724637 0.0078125 0.01656314
0 0.50976562 0.49068322 0.01171875 0.01449275
0 0.4359375 0.49120082 0.0140625 0.01552795
0 0.34726562 0.47722567 0.00703125 0.01035196
0 0.5625 0.47515527 0.0109375 0.01449275
0 0.38203125 0.45031055 0.009375 0.01242236
0 0.58710937 0.44668737 0.01171875 0.01345755
0 0.68476562 0.44772256 0.01484375 0.01759834
0 0.39960937 0.43788819 0.01328125 0.01863354
0 0.68671875 0.42080745 0.009375 0.01759834
0 0.578125 0.41718426 0.01875 0.01863354
0 0.41601562 0.41304347 0.01796875 0.02691511
0 0.37382812 0.40113871 0.01328125 0.01966873
0 0.64726562 0.39285714 0.01015625 0.01138716
0 0.303125 0.39130434 0.025 0.03105590
0 0.4078125 0.35248447 0.0125 0.00931677
0 0.4953125 0.34472049 0.009375 0.01242236
0 0.63984375 0.34937888 0.0171875 0.02380952
0 0.33085937 0.34420289 0.00859375 0.01552795
0 0.47890625 0.34161490 0.0109375 0.01656314
0 0.5015625 0.33022774 0.0203125 0.01656314
0 0.59492187 0.32608695 0.00859375 0.01449275
0 0.33320312 0.32401656 0.01484375 0.01656314
0 0.39765625 0.32401656 0.021875 0.01863354
0 0.528125 0.32556935 0.0171875 0.02380952
0 0.50546875 0.30848861 0.0109375 0.01449275
0 0.51640625 0.27950310 0.0203125 0.01035196
0 0.56679687 0.26242236 0.01328125 0.01759834
0 0.4265625 0.22412008 0.0125 0.02173913
0 0.53125 0.21325051 0.0171875 0.02691511
0 0.6109375 0.20445134 0.0171875 0.02380952
0 0.34257812 0.19772256 0.01015625 0.02898550
0 0.3890625 0.18064182 0.01875 0.01552795
0 0.5046875 0.17080745 0.0140625 0.01863354
0 0.3859375 0.16045548 0.0125 0.01035196
0 0.559375 0.15269151 0.0125 0.01759834
0 0.44335937 0.14130434 0.01171875 0.01552795
0 0.5421875 0.12939958 0.01875 0.01242236
0 0.38554687 0.09937888 0.00859375 0.01242236
0 0.50429687 0.07763975 0.02265625 0.01035196
0 0.6375 0.07039337 0.0109375 0.01449275
0 0.48125 0.07401656 0.01875 0.02380952
0 0.43359375 0.06677018 0.0078125 0.02587991
0 0.46523437 0.05486542 0.00859375 0.02070393
0 0.42773437 0.02484472 0.01484375 0.01449275
0 0.3125 0.01397515 0.0109375 0.01345755
0 0.39179687 0.01759834 0.00859375 0.02484472