0 0.56875 0.98084886 0.0078125 0.00931677
0 0.68789062 0.97204968 0.01015625 0.02070393
0 0.46835937 0.96428571 0.01015625 0.01138716
0 0.43242187 0.96169772 0.00859375 0.02070393
0 0.57070312 0.94306418 0.02265625 0.03933747
0 0.29726562 0.93012422 0.01953125 0.01552795
0 0.54921875 0.92908902 0.0140625 0.01552795
0 0.35390625 0.92391304 0.0171875 0.02380952
0 0.32617187 0.89803312 0.01015625 0.01552795
0 0.62578125 0.89803312 0.0078125 0.01759834
0 0.4578125 0.88871635 0.0109375 0.01345755
0 0.41796875 0.88250517 0.0109375 0.01345755
0 0.29140625 0.86438923 0.00625 0.01035196
0 0.57304687 0.86128364 0.00859375 0.01035196
0 0.3453125 0.86697722 0.0078125 0.02587991
0 0.45703125 0.85507246 0.0171875 0.01449275
0 0.63164062 0.84368530 0.01328125 0.01656314
0 0.56328125 0.84057971 0.0171875 0.01863354
0 0.29453125 0.79968944 0.0078125 0.01345755
0 0.31640625 0.78157349 0.009375 0.01449275
0 0.52695312 0.79140786 0.01796875 0.03623188
0 0.50664062 0.76915113 0.01015625 0.00828157
0 0.41875 0.76759834 0.0140625 0.01552795
0 0.38398437 0.76086956 0.01484375 0.01035196
0 0.61289062 0.74741200 0.01171875 0.01656314
0 0.41601562 0.74171842 0.02421875 0.03209109
0 0.50625 0.73291925 0.0109375 0.01656314
0 0.4828125 0.71635610 0.0125 0.01242236
0 0.43046875 0.72308488 0.0234375 0.03209109
0 0.6125 0.68633540 0.0109375 0.01656314
0 0.68710937 0.67132505 0.00859375 0.01345755
0 0.64375 0.66149068 0.0109375 0.01656314
0 0.67734375 0.63095238 0.0109375 0.01759834
0 0.34140625 0.62888198 0.0125 0.01552795
0 0.51835937 0.61542443 0.01796875 0.01345755
0 0.509375 0.58902691 0.0109375 0.01242236
0 0.4078125 0.58126293 0.0109375 0.01345755
0 0.35898437 0.57505175 0.00859375 0.01345755
0 0.53007812 0.57608695 0.01640625 0.02380952
0 0.3125 0.55590062 0.0140625 0.01656314
0 0.35625 0.53623188 0.0140625 0.01656314
0 0.48320312 0.53467908 0.01328125 0.01552795
0 0.60820312 0.53157349 0.01328125 0.02380952
0 0.5109375 0.50258799 0.0125 0.01552795
0 0.496875 0.48033126 0.0109375 0.01035196
0 0.35546875 0.48757763 0.0109375 0.02484472
0 0.4703125 0.43322981 0.0109375 0.02587991
0 0.39960937 0.42339544 0.01328125 0.01449275
0 0.42578125 0.42339544 0.021875 0.01863354
0 0.36328125 0.39906832 0.0171875 0.02380952
0 0.6375 0.39233954 0.0078125 0.01449275
0 0.59960937 0.38664596 0.01015625 0.01552795
0 0.51367187 0.37836438 0.01171875 0.01345755
0 0.4734375 0.37629399 0.009375 0.01345755
0 0.46484375 0.36749482 0.0078125 0.01035196
0 0.39765625 0.36749482 0.0171875 0.01863354
0 0.64453125 0.36697722 0.01875 0.02380952
0 0.54570312 0.35041407 0.00703125 0.01345755
0 0.56445312 0.33695652 0.01484375 0.02380952
0 0.3890625 0.32349896 0.0078125 0.01759834
0 0.64648437 0.31314699 0.01328125 0.01552795
0 0.5828125 0.30693581 0.0125 0.01345755
0 0.54570312 0.30590062 0.01171875 0.01345755
0 0.6015625 0.30900621 0.0203125 0.02380952
0 0.47695312 0.29606625 0.01328125 0.01656314
0 0.56210937 0.28881987 0.00859375 0.01656314
0 0.6421875 0.28830227 0.0171875 0.02380952
0 0.5140625 0.28623188 0.0171875 0.02380952
0 0.4046875 0.27639751 0.01875 0.02277432
0 0.34101562 0.27277432 0.01484375 0.01552795
0 0.32929687 0.26656314 0.00703125 0.01138716
0 0.453125 0.24792960 0.0109375 0.02380952
0 0.65 0.24327122 0.009375 0.01656314
0 0.44140625 0.22256728 0.0125 0.01863354
0 0.375 0.21325051 0.0140625 0.01242236
0 0.35976562 0.19979296 0.01328125 0.01656314
0 0.5 0.18685300 0.009375 0.01552795
0 0.44023437 0.18581780 0.00703125 0.01759834
0 0.3375 0.17908902 0.0109375 0.02691511
0 0.5703125 0.13871635 0.0109375 0.02070393
0 0.39960937 0.12991718 0.00859375 0.01138716
0 0.59023437 0.12370600 0.01015625 0.01138716
0 0.37851562 0.12525879 0.01484375 0.02691511
0 0.37226562 0.08954451 0.00859375 0.01345755
0 0.49296875 0.06573498 0.0171875 0.02380952
0 0.34609375 0.05227743 0.009375 0.01966873
0 0.62070312 0.04658385 0.01796875 0.03312629
0 0.2984375 0.03312629 0.0171875 0.02277432
0 0.45390625 0.00983436 0.0203125 0.01966873