0 0.45664062 0.99275362 0.00703125 0.01449275
0 0.59257812 0.97204968 0.01171875 0.03312629
0 0.5390625 0.96273291 0.025 0.02484472
0 0.40234375 0.96894409 0.0140625 0.05590062
0 0.34414062 0.92443064 0.01171875 0.01449275
0 0.61015625 0.92287784 0.0125 0.01552795
0 0.64765625 0.91252587 0.021875 0.02173913
0 0.39140625 0.90993788 0.0125 0.01863354
0 0.55429687 0.90476190 0.01328125 0.02691511
0 0.53710937 0.88354037 0.00859375 0.01138716
0 0.57382812 0.88198757 0.01328125 0.02277432
0 0.67265625 0.84575569 0.0109375 0.01242236
0 0.50976562 0.83850931 0.01171875 0.01035196
0 0.56484375 0.82763975 0.0078125 0.00931677
0 0.68554687 0.83281573 0.01171875 0.02380952
0 0.478125 0.82712215 0.015625 0.01863354
0 0.634375 0.82142857 0.0171875 0.02380952
0 0.57734375 0.81159420 0.0234375 0.02484472
0 0.30234375 0.80641821 0.0140625 0.01863354
0 0.32890625 0.80693581 0.0171875 0.02380952
0 0.62460937 0.79710144 0.01328125 0.01449275
0 0.48320312 0.80020703 0.03046875 0.02277432
0 0.54335937 0.78881987 0.01328125 0.01035196
0 0.52890625 0.76293995 0.0109375 0.01449275
0 0.39414062 0.76086956 0.01171875 0.02070393
0 0.34296875 0.75362318 0.0109375 0.01656314
0 0.36445312 0.74482401 0.01015625 0.01345755
0 0.29375 0.74275362 0.0109375 0.01552795
0 0.41171875 0.73861283 0.009375 0.01138716
0 0.62773437 0.71894409 0.01015625 0.01345755
0 0.33789062 0.69720496 0.01015625 0.01552795
0 0.56953125 0.68478260 0.0140625 0.01552795
0 0.48867187 0.68581780 0.00703125 0.01966873
0 0.42421875 0.68581780 0.0171875 0.02380952
0 0.36132812 0.65734989 0.01015625 0.01242236
0 0.63007812 0.65424430 0.01015625 0.01449275
0 0.35429687 0.64285714 0.01171875 0.01242236
0 0.4609375 0.64078674 0.0140625 0.01863354
0 0.3109375 0.63716356 0.0203125 0.01138716
0 0.58671875 0.60610766 0.0125 0.01966873
0 0.4546875 0.60817805 0.0171875 0.02380952
0 0.31835937 0.60662525 0.00859375 0.02070393
0 0.47460937 0.59627329 0.01015625 0.01449275
0 0.50429687 0.58850931 0.01171875 0.01759834
0 0.66875 0.57660455 0.009375 0.01449275
0 0.315625 0.56625258 0.009375 0.01449275
0 0.53203125 0.56418219 0.0109375 0.01656314
0 0.60585937 0.54813664 0.01640625 0.01345755
0 0.65976562 0.53726708 0.02265625 0.01242236
0 0.409375 0.53623188 0.0078125 0.01863354
0 0.49179687 0.52484472 0.01015625 0.01242236
0 0.55390625 0.52380952 0.009375 0.01242236
0 0.43007812 0.51915113 0.01171875 0.01759834
0 0.37460937 0.51190476 0.01171875 0.01552795
0 0.65351562 0.49534161 0.01484375 0.01759834
0 0.34257812 0.49120082 0.01328125 0.01345755
0 0.38671875 0.47153209 0.0171875 0.02380952
0 0.67851562 0.44668737 0.01171875 0.03002070
0 0.4859375 0.43478260 0.009375 0.01863354
0 0.62890625 0.42650103 0.0109375 0.01449275
0 0.52578125 0.41770186 0.009375 0.01345755
0 0.471875 0.40942028 0.0171875 0.02380952
0 0.50507812 0.39130434 0.01171875 0.01449275
0 0.61640625 0.38198757 0.0125 0.01656314
0 0.40820312 0.35507246 0.01015625 0.01449275
0 0.37109375 0.35403726 0.0109375 0.01449275
0 0.48515625 0.35403726 0.0171875 0.03726708
0 0.33398437 0.34368530 0.01171875 0.01656314
0 0.44179687 0.32815734 0.01015625 0.01449275
0 0.6390625 0.31573498 0.015625 0.01863354
0 0.52070312 0.30590062 0.01171875 0.01345755
0 0.37695312 0.30383022 0.01171875 0.01345755
0 0.48320312 0.28105590 0.01015625 0.01138716
0 0.45195312 0.23084886 0.01484375 0.01863354
0 0.50234375 0.22670807 0.009375 0.01449275
0 0.44492187 0.20859213 0.01171875 0.01759834
0 0.3796875 0.20548654 0.0109375 0.01552795
0 0.49453125 0.19824016 0.0171875 0.02380952
0 0.51875 0.18685300 0.0140625 0.01552795
0 0.50273437 0.15579710 0.01484375 0.01966873
0 0.5421875 0.14751552 0.015625 0.01138716
0 0.61328125 0.14492753 0.0171875 0.02277432
0 0.63007812 0.12577639 0.01015625 0.01138716
0 0.4859375 0.09006211 0.015625 0.01242236
0 0.33320312 0.09109730 0.01171875 0.01449275
0 0.55078125 0.09006211 0.0125 0.01449275
0 0.61132812 0.09213250 0.01015625 0.02691511
0 0.36835937 0.08902691 0.01015625 0.02070393
0 0.40859375 0.06366459 0.0171875 0.04451345
0 0.56015625 0.03623188 0.0109375 0.01449275
0 0.4640625 0.01656314 0.009375 0.02484472