0 0.51171875 0.99068322 0.01875 0.01656314
0 0.67148437 0.95186335 0.00859375 0.01138716
0 0.65429687 0.94565217 0.01484375 0.01345755
0 0.47890625 0.93737060 0.0109375 0.01345755
0 0.35859375 0.94254658 0.0171875 0.02380952
0 0.38007812 0.93581780 0.01171875 0.02484472
0 0.31914062 0.93115942 0.00859375 0.02587991
0 0.64375 0.92287784 0.0125 0.01552795
0 0.38867187 0.88871635 0.01015625 0.01345755
0 0.6796875 0.89285714 0.0171875 0.02380952
0 0.57890625 0.88768115 0.0203125 0.01759834
0 0.45351562 0.88405797 0.01328125 0.03105590
0 0.49726562 0.86387163 0.01171875 0.01345755
0 0.37226562 0.86697722 0.00859375 0.02173913
0 0.54296875 0.85248447 0.0171875 0.02380952
0 0.61289062 0.84782608 0.01640625 0.02070393
0 0.6671875 0.84265010 0.009375 0.01242236
0 0.3875 0.84057971 0.0171875 0.01242236
0 0.5859375 0.83592132 0.0171875 0.01138716
0 0.6328125 0.83540372 0.0140625 0.02070393
0 0.55234375 0.82246376 0.0140625 0.01759834
0 0.321875 0.82349896 0.0125 0.01966873
0 0.40703125 0.81004140 0.0171875 0.02380952
0 0.42851562 0.79140786 0.01484375 0.01759834
0 0.3234375 0.78571428 0.009375 0.01656314
0 0.45820312 0.77795031 0.01484375 0.01345755
0 0.47773437 0.77691511 0.01484375 0.01759834
0 0.55039062 0.76708074 0.01171875 0.01656314
0 0.50078125 0.76190476 0.0125 0.01242236
0 0.61132812 0.75879917 0.01171875 0.02070393
0 0.5890625 0.71997929 0.0125 0.01966873
0 0.64570312 0.70910973 0.01171875 0.01449275
0 0.34414062 0.70807453 0.01328125 0.01242236
0 0.46484375 0.69927536 0.0109375 0.01759834
0 0.3984375 0.65010351 0.0125 0.01656314
0 0.32539062 0.64440993 0.00859375 0.01345755
0 0.59296875 0.64285714 0.0078125 0.01242236
0 0.55195312 0.63509316 0.00703125 0.01552795
0 0.57421875 0.60248447 0.0140625 0.02277432
0 0.4359375 0.58592132 0.0109375 0.01449275
0 0.33398437 0.57971014 0.01796875 0.01656314
0 0.49140625 0.56780538 0.0125 0.01759834
0 0.40625 0.56055900 0.0109375 0.01759834
0 0.38828125 0.54865424 0.009375 0.01035196
0 0.52421875 0.54503105 0.0109375 0.01552795
0 0.49414062 0.54347826 0.00703125 0.01449275
0 0.37265625 0.53726708 0.0125 0.01656314
0 0.67421875 0.53157349 0.0109375 0.01552795
0 0.64140625 0.52587991 0.0109375 0.01449275
0 0.48164062 0.48706004 0.01328125 0.01552795
0 0.63867187 0.47981366 0.01015625 0.02380952
0 0.29375 0.45962732 0.0109375 0.01656314
0 0.45039062 0.45445134 0.01640625 0.01863354
0 0.57460937 0.44720496 0.01796875 0.01449275
0 0.53671875 0.44047619 0.0109375 0.01345755
0 0.43632812 0.42753623 0.01328125 0.01863354
0 0.6515625 0.43167701 0.028125 0.03726708
0 0.63710937 0.41925465 0.01171875 0.01863354
0 0.68867187 0.41718426 0.00703125 0.01863354
0 0.54453125 0.40734989 0.0171875 0.02380952
0 0.33125 0.39492753 0.015625 0.00931677
0 0.40390625 0.38819875 0.009375 0.01242236
0 0.46953125 0.39130434 0.025 0.02898550
0 0.5953125 0.38043478 0.009375 0.01138716
0 0.54726562 0.37215320 0.01015625 0.01759834
0 0.61289062 0.35559006 0.01328125 0.00931677
0 0.534375 0.36024844 0.0140625 0.02070393
0 0.64023437 0.33592132 0.01015625 0.01138716
0 0.50117187 0.33695652 0.02578125 0.01345755
0 0.42851562 0.32763975 0.01015625 0.01345755
0 0.62929687 0.31677018 0.01328125 0.01242236
0 0.36601562 0.25983436 0.01015625 0.01242236
0 0.59726562 0.24430641 0.01015625 0.01863354
0 0.61367187 0.22722567 0.01953125 0.02380952
0 0.52695312 0.22153209 0.01171875 0.02277432
0 0.49648437 0.20600414 0.00703125 0.02070393
0 0.346875 0.19927536 0.0125 0.01759834
0 0.52304687 0.19461697 0.01328125 0.02484472
0 0.39414062 0.18892339 0.00859375 0.01345755
0 0.63867187 0.17391304 0.01796875 0.02691511
0 0.35546875 0.15269151 0.0109375 0.01552795
0 0.53046875 0.13975155 0.0296875 0.03105590
0 0.371875 0.12836438 0.0109375 0.01449275
0 0.35195312 0.11128364 0.01015625 0.01345755
0 0.56171875 0.10041407 0.0109375 0.02277432
0 0.65039062 0.08747412 0.00859375 0.01345755
0 0.6390625 0.07142857 0.0078125 0.01656314
0 0.59140625 0.05797101 0.0109375 0.01242236