0 0.57851562 0.88509316 0.01796875 0.01656314
0 0.6546875 0.88302277 0.0203125 0.02277432
0 0.5 0.88612836 0.0515625 0.03312629
0 0.45820312 0.82298136 0.01640625 0.03933747
0 0.55351562 0.75310559 0.01796875 0.02795031
0 0.56953125 0.73291925 0.0171875 0.02277432
0 0.4578125 0.74171842 0.015625 0.04037267
0 0.55742187 0.65269151 0.01171875 0.02173913
0 0.61210937 0.60300207 0.01953125 0.03002070
0 0.67265625 0.54399585 0.021875 0.03002070
0 0.56328125 0.42546583 0.0171875 0.02898550
0 0.45429687 0.39389233 0.01640625 0.02380952
0 0.62421875 0.29606625 0.021875 0.04554865
0 0.56796875 0.22101449 0.015625 0.02173913
0 0.58671875 0.06521739 0.015625 0.02070393