0 0.60195312 0.96532091 0.01640625 0.02173913
0 0.5328125 0.96273291 0.0078125 0.02070393
0 0.69921875 0.92857142 0.0125 0.01449275
0 0.62617187 0.92132505 0.02109375 0.03726708
0 0.33828125 0.91459627 0.0171875 0.02380952
0 0.42421875 0.88043478 0.0140625 0.01966873
0 0.31445312 0.87370600 0.01328125 0.01656314
0 0.33710937 0.87008281 0.01015625 0.01345755
0 0.546875 0.83022774 0.0171875 0.01863354
0 0.67148437 0.82142857 0.01796875 0.01759834
0 0.42382812 0.81314699 0.01328125 0.01138716
0 0.38515625 0.80797101 0.0171875 0.03209109
0 0.33554687 0.78985507 0.01171875 0.01656314
0 0.64414062 0.77484472 0.01171875 0.01552795
0 0.56601562 0.77070393 0.01640625 0.02380952
0 0.475 0.75828157 0.015625 0.01966873
0 0.65703125 0.73447204 0.0140625 0.02173913
0 0.67734375 0.72204968 0.0109375 0.01966873
0 0.50390625 0.72463768 0.025 0.04347826
0 0.5265625 0.70445134 0.0125 0.02587991
0 0.49257812 0.69306418 0.01171875 0.01552795
0 0.6140625 0.67857142 0.0109375 0.01138716
0 0.35273437 0.68374741 0.01484375 0.02587991
0 0.64609375 0.66045548 0.0109375 0.01242236
0 0.303125 0.66045548 0.0265625 0.02691511
0 0.496875 0.64026915 0.0109375 0.02587991
0 0.46757812 0.62215320 0.01015625 0.01449275
0 0.496875 0.58799171 0.009375 0.01242236
0 0.36875 0.55434782 0.01875 0.02380952
0 0.49335937 0.54813664 0.01171875 0.01966873
0 0.34921875 0.53571428 0.009375 0.01345755
0 0.57773437 0.53416149 0.01015625 0.01449275
0 0.49257812 0.52173913 0.02109375 0.01035196
0 0.41367187 0.50258799 0.02421875 0.02380952
0 0.44570312 0.49378881 0.01015625 0.01449275
0 0.51992187 0.48757763 0.01171875 0.01242236
0 0.36171875 0.48343685 0.0109375 0.01449275
0 0.32578125 0.48602484 0.01875 0.03830227
0 0.4265625 0.44565217 0.009375 0.01345755
0 0.45546875 0.41563146 0.0125 0.01138716
0 0.54648437 0.41149068 0.01328125 0.01345755
0 0.32929687 0.40320910 0.00859375 0.01138716
0 0.57148437 0.39544513 0.00859375 0.01035196
0 0.43398437 0.39078674 0.01953125 0.00931677
0 0.31992187 0.38664596 0.00859375 0.01138716
0 0.39140625 0.37577639 0.009375 0.01449275
0 0.4578125 0.36645962 0.0078125 0.01035196
0 0.60039062 0.37422360 0.02734375 0.03209109
0 0.5734375 0.35714285 0.015625 0.01242236
0 0.43945312 0.34886128 0.01171875 0.01449275
0 0.48632812 0.34989648 0.01953125 0.01863354
0 0.34804687 0.34782608 0.01171875 0.01449275
0 0.46015625 0.34627329 0.0078125 0.01345755
0 0.59726562 0.32867494 0.00859375 0.01138716
0 0.35859375 0.33074534 0.0125 0.01552795
0 0.53203125 0.32763975 0.0109375 0.01138716
0 0.38242187 0.32971014 0.01015625 0.01552795
0 0.421875 0.31884057 0.009375 0.01449275
0 0.64257812 0.28467908 0.00703125 0.01035196
0 0.38984375 0.27898550 0.009375 0.02380952
0 0.421875 0.26759834 0.0078125 0.01345755
0 0.475 0.25672877 0.0078125 0.02070393
0 0.51640625 0.25362318 0.028125 0.02484472
0 0.37539062 0.21842650 0.01015625 0.01449275
0 0.55976562 0.20341614 0.00859375 0.01345755
0 0.640625 0.20134575 0.009375 0.01552795
0 0.35546875 0.17132505 0.0171875 0.02380952
0 0.54648437 0.14855072 0.01640625 0.01138716
0 0.46875 0.14026915 0.0125 0.01759834
0 0.56289062 0.12888198 0.01171875 0.02380952
0 0.390625 0.11490683 0.00625 0.00828157
0 0.428125 0.12008281 0.015625 0.02070393
0 0.37617187 0.11490683 0.01796875 0.01035196
0 0.47070312 0.11645962 0.02265625 0.02380952
0 0.62226562 0.11076604 0.01015625 0.01449275
0 0.60703125 0.10144927 0.0171875 0.01863354
0 0.4171875 0.09368530 0.0171875 0.02380952
0 0.384375 0.07298136 0.015625 0.01345755
0 0.553125 0.07298136 0.0109375 0.01759834
0 0.58359375 0.06211180 0.0140625 0.01449275
0 0.35976562 0.06159420 0.01015625 0.02173913
0 0.5671875 0.03830227 0.01875 0.01863354
0 0.4703125 0.03985507 0.009375 0.02173913
0 0.590625 0.03674948 0.01875 0.02587991
0 0.64609375 0.01552795 0.0296875 0.03105590