0 0.43984375 0.85817805 0.0171875 0.02070393
0 0.34179687 0.83385093 0.01953125 0.02795031
0 0.63945312 0.81573498 0.01171875 0.02277432
0 0.44960937 0.82349896 0.03203125 0.04037267
0 0.35703125 0.80641821 0.0203125 0.02484472
0 0.40976562 0.74171842 0.01640625 0.04037267
0 0.51171875 0.56262939 0.01875 0.02173913
0 0.59453125 0.52691511 0.021875 0.01863354
0 0.49375 0.32815734 0.0140625 0.02070393
0 0.37539062 0.31159420 0.01640625 0.02484472
0 0.51484375 0.24171842 0.0109375 0.02380952
0 0.63476562 0.09523809 0.01171875 0.02070393