0 0.40898437 0.99120082 0.01640625 0.01759834
0 0.44179687 0.98136645 0.00859375 0.01242236
0 0.66640625 0.96894409 0.009375 0.02898550
0 0.5640625 0.92805383 0.0171875 0.00931677
0 0.584375 0.87008281 0.0171875 0.02380952
0 0.521875 0.85662525 0.0109375 0.01552795
0 0.42617187 0.85714285 0.00859375 0.01656314
0 0.4046875 0.85714285 0.01875 0.01863354
0 0.64335937 0.85300207 0.01015625 0.01242236
0 0.38632812 0.84265010 0.01484375 0.02070393
0 0.5921875 0.82505175 0.01875 0.02484472
0 0.35820312 0.81728778 0.01171875 0.01759834
0 0.42851562 0.80952380 0.01640625 0.02484472
0 0.5546875 0.80383022 0.0171875 0.02380952
0 0.29960937 0.79813664 0.01171875 0.01656314
0 0.4796875 0.78364389 0.0109375 0.01449275
0 0.646875 0.77691511 0.0125 0.01552795
0 0.54296875 0.77173913 0.0125 0.01759834
0 0.6234375 0.77380952 0.0171875 0.02380952
0 0.409375 0.72929606 0.015625 0.01138716
0 0.65585937 0.72670807 0.01640625 0.01449275
0 0.56679687 0.71532091 0.01328125 0.01449275
0 0.30820312 0.70600414 0.01953125 0.02070393
0 0.35625 0.71169772 0.0140625 0.04037267
0 0.4109375 0.68530020 0.015625 0.02070393
0 0.29453125 0.67650103 0.0125 0.02380952
0 0.6109375 0.65579710 0.0109375 0.01345755
0 0.57421875 0.66407867 0.01875 0.03002070
0 0.46328125 0.65993788 0.0171875 0.02380952
0 0.38085937 0.65320910 0.00703125 0.01656314
0 0.328125 0.64492753 0.0109375 0.01242236
0 0.5875 0.64958592 0.0140625 0.03416149
0 0.67109375 0.62060041 0.0109375 0.01966873
0 0.45351562 0.61542443 0.01484375 0.01552795
0 0.43242187 0.59989648 0.01171875 0.01552795
0 0.52070312 0.59523809 0.01171875 0.01656314
0 0.31796875 0.58643892 0.0171875 0.02380952
0 0.56328125 0.58850931 0.015625 0.03416149
0 0.5265625 0.56987577 0.015625 0.01759834
0 0.64765625 0.56211180 0.009375 0.01035196
0 0.55429687 0.54503105 0.00859375 0.01345755
0 0.63671875 0.52122153 0.0203125 0.01966873
0 0.6421875 0.50258799 0.0140625 0.01759834
0 0.33359375 0.48654244 0.0109375 0.01242236
0 0.475 0.47929606 0.015625 0.01035196
0 0.50234375 0.47670807 0.009375 0.01345755
0 0.59257812 0.46946169 0.00859375 0.01345755
0 0.3109375 0.46428571 0.0171875 0.02380952
0 0.63828125 0.45445134 0.0078125 0.01035196
0 0.5875 0.44720496 0.0109375 0.01242236
0 0.37421875 0.44875776 0.0078125 0.01552795
0 0.6703125 0.43633540 0.0125 0.01552795
0 0.54257812 0.43271221 0.01171875 0.01656314
0 0.29375 0.43064182 0.0109375 0.01656314
0 0.60585937 0.42650103 0.01328125 0.01449275
0 0.37617187 0.42391304 0.01171875 0.01552795
0 0.51015625 0.42184265 0.0109375 0.01345755
0 0.43945312 0.40942028 0.01640625 0.01138716
0 0.509375 0.39182194 0.015625 0.02173913
0 0.37773437 0.38975155 0.01015625 0.01966873
0 0.43710937 0.38250517 0.02265625 0.02587991
0 0.62304687 0.37163561 0.01484375 0.01863354
0 0.4625 0.37732919 0.0078125 0.03209109
0 0.32578125 0.36490683 0.0078125 0.01138716
0 0.578125 0.36180124 0.0171875 0.02380952
0 0.53359375 0.35248447 0.009375 0.01138716
0 0.61875 0.33178053 0.009375 0.01345755
0 0.41289062 0.31728778 0.01328125 0.01759834
0 0.61289062 0.29399585 0.01640625 0.01656314
0 0.42929687 0.26966873 0.01171875 0.01345755
0 0.57070312 0.25931677 0.01015625 0.01345755
0 0.50585937 0.26811594 0.01953125 0.03726708
0 0.5796875 0.20031055 0.0078125 0.01345755
0 0.38320312 0.20186335 0.01015625 0.01656314
0 0.48476562 0.19565217 0.01171875 0.01449275
0 0.5296875 0.19616977 0.0140625 0.01966873
0 0.44765625 0.19099378 0.0171875 0.02380952
0 0.6390625 0.18478260 0.03125 0.02587991
0 0.43203125 0.17960662 0.0109375 0.01552795
0 0.57617187 0.17080745 0.01171875 0.01449275
0 0.3390625 0.16563146 0.015625 0.01035196
0 0.5140625 0.14699792 0.0125 0.01242236
0 0.50390625 0.12836438 0.009375 0.01863354
0 0.42265625 0.12681159 0.0109375 0.01552795
0 0.39765625 0.12991718 0.0171875 0.02380952
0 0.47929687 0.12370600 0.01171875 0.01966873
0 0.5984375 0.08126293 0.0109375 0.01552795
0 0.35507812 0.07815734 0.00703125 0.01138716
0 0.61484375 0.07712215 0.0171875 0.02380952
0 0.41445312 0.06625258 0.01484375 0.01242236
0 0.5625 0.07091097 0.0171875 0.02380952
0 0.48515625 0.05641821 0.0078125 0.01552795
0 0.65546875 0.02743271 0.0171875 0.02380952