0 0.6 0.81987577 0.0265625 0.02484472
0 0.3171875 0.77070393 0.0140625 0.01759834
0 0.6265625 0.69358178 0.01875 0.02277432
0 0.64453125 0.66718426 0.01875 0.02173913
0 0.5640625 0.66821946 0.015625 0.02587991
0 0.57890625 0.60300207 0.0203125 0.02795031
0 0.67265625 0.54399585 0.021875 0.03002070
0 0.42539062 0.53416149 0.02890625 0.04761904
0 0.3390625 0.53416149 0.0453125 0.05590062
0 0.5109375 0.50672877 0.0140625 0.01966873
0 0.32695312 0.47153209 0.01484375 0.02173913
0 0.5671875 0.37163561 0.0140625 0.03105590
0 0.48476562 0.33799171 0.03046875 0.02173913
0 0.4328125 0.21842650 0.0140625 0.01656314
0 0.34960937 0.11283643 0.01484375 0.01656314
0 0.34609375 0.07039337 0.0203125 0.02691511
0 0.38203125 0.07919254 0.0140625 0.05072463
0 0.54726562 0.06573498 0.01953125 0.02587991