0 0.41992187 0.98395445 0.00859375 0.01759834
0 0.565625 0.98136645 0.009375 0.01656314
0 0.60039062 0.95755693 0.01171875 0.01449275
0 0.3484375 0.95807453 0.0171875 0.02380952
0 0.55625 0.93219461 0.0171875 0.02380952
0 0.5828125 0.91770186 0.0171875 0.02380952
0 0.55039062 0.87888198 0.01953125 0.01242236
0 0.52421875 0.87060041 0.015625 0.02070393
0 0.45039062 0.85559006 0.01640625 0.01966873
0 0.33984375 0.85403726 0.015625 0.01656314
0 0.615625 0.84937888 0.0203125 0.01552795
0 0.66015625 0.83436853 0.0078125 0.01449275
0 0.56171875 0.82971014 0.0109375 0.01552795
0 0.421875 0.82039337 0.0109375 0.01138716
0 0.3375 0.81521739 0.0203125 0.03002070
0 0.31210937 0.80279503 0.01328125 0.01138716
0 0.56132812 0.80020703 0.01015625 0.02691511
0 0.3859375 0.79244306 0.0140625 0.01552795
0 0.66171875 0.78674948 0.021875 0.01242236
0 0.36523437 0.77950310 0.01171875 0.01656314
0 0.61992187 0.75828157 0.01171875 0.01345755
0 0.56875 0.76345755 0.0171875 0.02380952
0 0.37265625 0.75672877 0.0140625 0.01863354
0 0.66953125 0.74534161 0.0125 0.01656314
0 0.62695312 0.73654244 0.01328125 0.01345755
0 0.48125 0.73136645 0.0171875 0.02380952
0 0.36132812 0.71894409 0.01015625 0.01552795
0 0.66953125 0.71376811 0.0109375 0.01345755
0 0.54960937 0.71118012 0.01015625 0.01242236
0 0.5296875 0.69668737 0.0078125 0.01035196
0 0.68085937 0.69565217 0.02109375 0.01035196
0 0.45234375 0.69202898 0.0078125 0.02587991
0 0.59375 0.67960662 0.0171875 0.02380952
0 0.6109375 0.66925465 0.0109375 0.01759834
0 0.421875 0.66407867 0.0171875 0.02380952
0 0.43554687 0.65062111 0.00859375 0.01138716
0 0.41171875 0.63250517 0.015625 0.02070393
0 0.34570312 0.62732919 0.01484375 0.01863354
0 0.68203125 0.62370600 0.01875 0.01552795
0 0.50976562 0.62681159 0.01171875 0.02587991
0 0.30703125 0.60869565 0.0140625 0.01656314
0 0.6875 0.60144927 0.009375 0.01449275
0 0.55703125 0.59368530 0.0125 0.02173913
0 0.54609375 0.59213250 0.0078125 0.01863354
0 0.51171875 0.58436853 0.0125 0.02173913
0 0.30742187 0.57867494 0.01171875 0.01863354
0 0.51523437 0.56055900 0.02734375 0.02380952
0 0.575 0.54089026 0.0125 0.01552795
0 0.53789062 0.53726708 0.01171875 0.01449275
0 0.64414062 0.53260869 0.01484375 0.02587991
0 0.67265625 0.52536231 0.0125 0.01552795
0 0.54296875 0.50983436 0.009375 0.01345755
0 0.43828125 0.50879917 0.0171875 0.02380952
0 0.31601562 0.49482401 0.01171875 0.01863354
0 0.53710937 0.47877846 0.01171875 0.01345755
0 0.30429687 0.47256728 0.02109375 0.01345755
0 0.3875 0.46687370 0.0078125 0.02070393
0 0.62695312 0.44979296 0.01015625 0.01138716
0 0.50625 0.42132505 0.0109375 0.02070393
0 0.59023437 0.41614906 0.01328125 0.01449275
0 0.3578125 0.40424430 0.0125 0.01345755
0 0.59375 0.39026915 0.0109375 0.01449275
0 0.57617187 0.37939958 0.01640625 0.01138716
0 0.33398437 0.37525879 0.01328125 0.01966873
0 0.53476562 0.36024844 0.01328125 0.01449275
0 0.421875 0.35973084 0.0171875 0.02380952
0 0.63476562 0.32815734 0.01796875 0.02070393
0 0.48789062 0.31521739 0.01171875 0.01759834
0 0.54414062 0.31004140 0.01015625 0.01552795
0 0.59453125 0.30279503 0.0171875 0.02380952
0 0.409375 0.28778467 0.0203125 0.03933747
0 0.3671875 0.26552795 0.0171875 0.02380952
0 0.621875 0.26397515 0.025 0.03312629
0 0.53203125 0.25207039 0.0125 0.01345755
0 0.6375 0.22515527 0.0234375 0.02380952
0 0.65 0.20755693 0.009375 0.01759834
0 0.63515625 0.19254658 0.015625 0.01863354
0 0.43828125 0.17650103 0.0125 0.01552795
0 0.33398437 0.14544513 0.01484375 0.00931677
0 0.63125 0.12629399 0.0109375 0.01449275
0 0.646875 0.12629399 0.0140625 0.01863354
0 0.50742187 0.09523809 0.01171875 0.01035196
0 0.42109375 0.09575569 0.0140625 0.01345755
0 0.56132812 0.08902691 0.00859375 0.01035196
0 0.51445312 0.06159420 0.01015625 0.01345755
0 0.41679687 0.05952380 0.01640625 0.02173913
0 0.359375 0.01966873 0.0078125 0.01242236
0 0.6953125 0.02225672 0.0171875 0.02380952
0 0.35117187 0.00569358 0.01015625 0.01138716