0 0.62578125 0.96066252 0.015625 0.01035196
0 0.64140625 0.89544513 0.0140625 0.01449275
0 0.48867187 0.88923395 0.01328125 0.01656314
0 0.59101562 0.74275362 0.01484375 0.00931677
0 0.34101562 0.73291925 0.02265625 0.02898550
0 0.403125 0.58022774 0.0125 0.02587991
0 0.42148437 0.51552795 0.01953125 0.02898550
0 0.3140625 0.47619047 0.0109375 0.02277432
0 0.38359375 0.42598343 0.0203125 0.02380952
0 0.46523437 0.37525879 0.01484375 0.00931677
0 0.62382812 0.29089026 0.01953125 0.02277432
0 0.57382812 0.28002070 0.01484375 0.02173913
0 0.4578125 0.19099378 0.021875 0.02587991