0 0.41914062 0.88819875 0.01640625 0.01863354
0 0.4875 0.86335403 0.025 0.02898550
0 0.31796875 0.84109730 0.0140625 0.01552795
0 0.34179687 0.83385093 0.01953125 0.02795031
0 0.67226562 0.83643892 0.01953125 0.05175983
0 0.59492187 0.81469979 0.01640625 0.01449275
0 0.39140625 0.76501035 0.01875 0.02070393
0 0.58867187 0.69409937 0.01796875 0.02173913
0 0.64453125 0.66718426 0.01875 0.02173913
0 0.57773437 0.54347826 0.02421875 0.01449275
0 0.44453125 0.54399585 0.0234375 0.01552795
0 0.41289062 0.51915113 0.02265625 0.03002070
0 0.465625 0.48550724 0.0171875 0.03105590
0 0.371875 0.45652173 0.01875 0.02484472
0 0.45429687 0.39389233 0.01640625 0.02380952
0 0.48359375 0.38250517 0.0234375 0.03416149
0 0.5390625 0.32712215 0.0171875 0.01863354
0 0.50820312 0.28571428 0.01640625 0.01656314
0 0.63242187 0.28053830 0.01484375 0.02277432
0 0.42382812 0.26345755 0.02421875 0.01552795
0 0.50429687 0.22360248 0.01328125 0.02691511
0 0.51171875 0.15631469 0.028125 0.02691511
0 0.41210937 0.12422360 0.03046875 0.04140786