0 0.63828125 0.82971014 0.021875 0.02587991
0 0.66523437 0.81366459 0.01953125 0.02070393
0 0.5859375 0.76449275 0.021875 0.03830227
0 0.65078125 0.58385093 0.040625 0.03726708
0 0.57773437 0.52898550 0.02421875 0.01449275
0 0.39453125 0.52329192 0.015625 0.02380952
0 0.37304687 0.49482401 0.02109375 0.01656314
0 0.3765625 0.34523809 0.01875 0.01345755
0 0.51328125 0.34937888 0.0171875 0.03209109
0 0.62421875 0.28726708 0.021875 0.02795031
0 0.55546875 0.25465838 0.0203125 0.02898550
0 0.62421875 0.22826086 0.0171875 0.02795031