0 0.56289062 0.97670807 0.01015625 0.02380952
0 0.678125 0.97153209 0.0171875 0.02380952
0 0.3671875 0.97204968 0.0125 0.03105590
0 0.51015625 0.94772256 0.0109375 0.01966873
0 0.32851562 0.94409937 0.01015625 0.02898550
0 0.37070312 0.92701863 0.01953125 0.01345755
0 0.55273437 0.92132505 0.01171875 0.02277432
0 0.60546875 0.90734989 0.0140625 0.01345755
0 0.29960937 0.90062111 0.01328125 0.01656314
0 0.41054687 0.89337474 0.00703125 0.01035196
0 0.56054687 0.89285714 0.01015625 0.01552795
0 0.57929687 0.88457556 0.01796875 0.01138716
0 0.61054687 0.87836438 0.01171875 0.01345755
0 0.521875 0.86542443 0.0125 0.01449275
0 0.54882812 0.86335403 0.00703125 0.01449275
0 0.33945312 0.84730848 0.01171875 0.01552795
0 0.59921875 0.84213250 0.0125 0.01759834
0 0.45820312 0.82971014 0.01015625 0.01345755
0 0.31328125 0.80486542 0.0109375 0.01552795
0 0.57695312 0.79503105 0.01640625 0.01242236
0 0.66953125 0.79244306 0.0109375 0.01345755
0 0.48554687 0.78985507 0.01328125 0.01656314
0 0.62265625 0.76966873 0.0171875 0.02380952
0 0.58242187 0.76449275 0.01015625 0.01345755
0 0.65625 0.74120082 0.009375 0.01035196
0 0.63789062 0.73654244 0.01015625 0.01552795
0 0.41289062 0.72877846 0.00859375 0.01449275
0 0.55351562 0.72567287 0.01640625 0.01242236
0 0.4984375 0.72981366 0.01875 0.03519668
0 0.64882812 0.71946169 0.01484375 0.01656314
0 0.63828125 0.69409937 0.0125 0.01345755
0 0.55820312 0.69202898 0.02421875 0.01966873
0 0.33359375 0.67857142 0.0125 0.01552795
0 0.35 0.66977225 0.0203125 0.03105590
0 0.65078125 0.66097308 0.0171875 0.02380952
0 0.31484375 0.64492753 0.0109375 0.01449275
0 0.34648437 0.63664596 0.00859375 0.01449275
0 0.38828125 0.63819875 0.0171875 0.02380952
0 0.50507812 0.63354037 0.01953125 0.02898550
0 0.39101562 0.61594202 0.01171875 0.01449275
0 0.4609375 0.61231884 0.0171875 0.02380952
0 0.37304687 0.58954451 0.01328125 0.01345755
0 0.3265625 0.57505175 0.0125 0.02380952
0 0.484375 0.56832298 0.009375 0.01863354
0 0.64921875 0.56884057 0.0171875 0.02173913
0 0.2953125 0.55693581 0.0140625 0.01863354
0 0.665625 0.52380952 0.0296875 0.02484472
0 0.31289062 0.50207039 0.01171875 0.01242236
0 0.43554687 0.50517598 0.01484375 0.02691511
0 0.45390625 0.50051759 0.0171875 0.02380952
0 0.29804687 0.48498964 0.01640625 0.02173913
0 0.33789062 0.46480331 0.01015625 0.01242236
0 0.30273437 0.46325051 0.01171875 0.01138716
0 0.47265625 0.46480331 0.0203125 0.01863354
0 0.45585937 0.46221532 0.00859375 0.01345755
0 0.35859375 0.46532091 0.0171875 0.02380952
0 0.32265625 0.46066252 0.0109375 0.01449275
0 0.58125 0.45807453 0.0171875 0.02380952
0 0.41132812 0.45393374 0.01171875 0.01759834
0 0.29570312 0.43892339 0.00859375 0.01035196
0 0.64179687 0.40527950 0.01015625 0.00931677
0 0.4078125 0.39596273 0.009375 0.01552795
0 0.61835937 0.37939958 0.01171875 0.01966873
0 0.33554687 0.37215320 0.01484375 0.01966873
0 0.46445312 0.35041407 0.00703125 0.02587991
0 0.54375 0.33178053 0.0109375 0.02173913
0 0.49453125 0.31832298 0.0171875 0.02380952
0 0.546875 0.30693581 0.0171875 0.02380952
0 0.32929687 0.30538302 0.00703125 0.02484472
0 0.49023437 0.28933747 0.01171875 0.01345755
0 0.42109375 0.29244306 0.0171875 0.02380952
0 0.63046875 0.29296066 0.015625 0.02898550
0 0.39257812 0.28623188 0.01328125 0.01552795
0 0.63398437 0.25724637 0.00859375 0.01552795
0 0.5125 0.25621118 0.0078125 0.01552795
0 0.53046875 0.23084886 0.009375 0.01242236
0 0.46445312 0.21635610 0.01171875 0.01449275
0 0.53359375 0.19824016 0.0109375 0.01138716
0 0.60625 0.20289855 0.0125 0.02277432
0 0.4171875 0.19306418 0.0171875 0.02380952
0 0.55195312 0.18530020 0.00859375 0.01242236
0 0.49023437 0.17028985 0.01484375 0.01759834
0 0.51445312 0.14855072 0.01328125 0.01552795
0 0.5234375 0.13043478 0.0109375 0.01242236
0 0.61210937 0.12991718 0.01171875 0.01552795
0 0.4203125 0.12525879 0.009375 0.01449275
0 0.421875 0.09937888 0.0125 0.01449275
0 0.50859375 0.08126293 0.0125 0.01966873
0 0.621875 0.07660455 0.0109375 0.01449275
0 0.3703125 0.07298136 0.009375 0.01345755
0 0.46796875 0.05279503 0.015625 0.01449275
0 0.38046875 0.01759834 0.0203125 0.01242236
0 0.59414062 0.01708074 0.01953125 0.02587991