0 0.671875 0.96169772 0.01875 0.01242236
0 0.53828125 0.89492753 0.009375 0.01345755
0 0.34921875 0.89803312 0.0171875 0.02380952
0 0.68632812 0.89440993 0.01015625 0.01863354
0 0.31523437 0.89026915 0.02265625 0.01449275
0 0.59804687 0.88509316 0.01171875 0.01863354
0 0.50703125 0.88250517 0.0171875 0.02380952
0 0.32695312 0.86801242 0.00859375 0.01345755
0 0.43984375 0.86180124 0.0140625 0.01759834
0 0.39882812 0.85144927 0.01171875 0.01138716
0 0.68671875 0.84420289 0.0078125 0.01552795
0 0.56484375 0.83902691 0.0171875 0.01138716
0 0.42226562 0.80797101 0.01171875 0.01552795
0 0.61953125 0.79917184 0.009375 0.01242236
0 0.37695312 0.79917184 0.01171875 0.01242236
0 0.58007812 0.79140786 0.01015625 0.01552795
0 0.49023437 0.78364389 0.01328125 0.01449275
0 0.32070312 0.80486542 0.02734375 0.06314699
0 0.68085937 0.77484472 0.01328125 0.01552795
0 0.42382812 0.75258799 0.01796875 0.01035196
0 0.56914062 0.74534161 0.01328125 0.01035196
0 0.61484375 0.72929606 0.015625 0.00931677
0 0.29765625 0.72256728 0.01875 0.03933747
0 0.5859375 0.70600414 0.01875 0.03312629
0 0.49765625 0.70134575 0.0171875 0.02380952
0 0.64101562 0.68478260 0.01015625 0.01552795
0 0.49804687 0.67339544 0.01171875 0.01759834
0 0.41132812 0.66770186 0.01171875 0.01656314
0 0.5484375 0.65942028 0.0125 0.01656314
0 0.63085937 0.64855072 0.00859375 0.01345755
0 0.40078125 0.62577639 0.0109375 0.01345755
0 0.54921875 0.61801242 0.0140625 0.02070393
0 0.3296875 0.60351966 0.0140625 0.01242236
0 0.34648437 0.59265010 0.01328125 0.01759834
0 0.38203125 0.59161490 0.0140625 0.01759834
0 0.58476562 0.57815734 0.01484375 0.01345755
0 0.653125 0.56884057 0.0171875 0.02173913
0 0.6703125 0.55900621 0.0125 0.01863354
0 0.30664062 0.54503105 0.01328125 0.01759834
0 0.496875 0.54037267 0.0109375 0.01449275
0 0.43242187 0.54710144 0.01171875 0.03002070
0 0.63632812 0.53157349 0.01015625 0.01345755
0 0.54609375 0.52795031 0.0078125 0.00828157
0 0.375 0.50258799 0.0171875 0.02380952
0 0.46640625 0.47204968 0.0234375 0.01656314
0 0.55039062 0.46532091 0.01015625 0.01759834
0 0.41523437 0.46169772 0.00859375 0.01449275
0 0.53867187 0.44772256 0.00859375 0.01552795
0 0.44726562 0.44875776 0.01328125 0.02380952
0 0.46796875 0.43115942 0.0171875 0.02380952
0 0.54375 0.41925465 0.0125 0.01449275
0 0.42773437 0.41614906 0.01796875 0.01242236
0 0.64179687 0.40838509 0.03046875 0.02380952
0 0.559375 0.39285714 0.0171875 0.02380952
0 0.30820312 0.38975155 0.01015625 0.02380952
0 0.47539062 0.37525879 0.01015625 0.01345755
0 0.6515625 0.36956521 0.009375 0.01449275
0 0.421875 0.36438923 0.0125 0.01656314
0 0.4546875 0.36231884 0.0125 0.01449275
0 0.54101562 0.34627329 0.01171875 0.01966873
0 0.61953125 0.33385093 0.0109375 0.01552795
0 0.39570312 0.32298136 0.01640625 0.02484472
0 0.57578125 0.31521739 0.0171875 0.02380952
0 0.34335937 0.29710144 0.01484375 0.02070393
0 0.62460937 0.29865424 0.01484375 0.03002070
0 0.58828125 0.29399585 0.0078125 0.02070393
0 0.55976562 0.27898550 0.01171875 0.01552795
0 0.6140625 0.23757763 0.0125 0.01759834
0 0.3875 0.23498964 0.0109375 0.01449275
0 0.540625 0.23861283 0.0171875 0.02380952
0 0.37734375 0.19979296 0.0171875 0.01035196
0 0.53945312 0.17805383 0.00859375 0.01035196
0 0.36757812 0.14440993 0.00859375 0.01138716
0 0.44609375 0.12888198 0.0078125 0.02173913
0 0.62304687 0.11956521 0.02734375 0.02173913
0 0.3625 0.11853002 0.0171875 0.02380952
0 0.62421875 0.08592132 0.028125 0.01863354
0 0.3609375 0.07246376 0.0125 0.01449275
0 0.340625 0.07194616 0.0109375 0.01552795
0 0.54609375 0.05227743 0.009375 0.00931677
0 0.58867187 0.05641821 0.01640625 0.02587991
0 0.46171875 0.05124223 0.0265625 0.01759834
0 0.61796875 0.03571428 0.0234375 0.03002070
0 0.39726562 0.02173913 0.01484375 0.01242236
0 0.59453125 0.01708074 0.0171875 0.01138716