0 0.5 0.89026915 0.0515625 0.02484472
0 0.41210937 0.88198757 0.03203125 0.03105590
0 0.44179687 0.81366459 0.01640625 0.02070393
0 0.35898437 0.73395445 0.01484375 0.01449275
0 0.55625 0.72826086 0.0125 0.02380952
0 0.5890625 0.66718426 0.01875 0.01966873
0 0.55742187 0.65269151 0.01171875 0.02173913
0 0.51171875 0.56262939 0.01875 0.02173913
0 0.41757812 0.53002070 0.01328125 0.02898550
0 0.4953125 0.50672877 0.0140625 0.02173913
0 0.465625 0.48550724 0.0171875 0.03105590
0 0.5671875 0.46687370 0.025 0.02277432
0 0.39609375 0.45755693 0.015625 0.02484472
0 0.31992187 0.43478260 0.01484375 0.02691511
0 0.63359375 0.32660455 0.01875 0.02173913
0 0.48476562 0.29554865 0.03046875 0.02173913
0 0.42265625 0.29554865 0.0296875 0.02173913
0 0.5703125 0.24275362 0.05 0.03830227