0 0.62109375 0.79554865 0.0203125 0.02795031
0 0.64296875 0.77743271 0.0140625 0.01863354
0 0.4578125 0.75207039 0.015625 0.01966873
0 0.37929687 0.74275362 0.01796875 0.01552795
0 0.55820312 0.67339544 0.02734375 0.03623188
0 0.62617187 0.65217391 0.01796875 0.02277432
0 0.60703125 0.65165631 0.01875 0.02173913
0 0.55859375 0.63198757 0.0265625 0.03623188
0 0.57890625 0.60300207 0.0203125 0.02795031
0 0.46328125 0.54658385 0.028125 0.02277432
0 0.59453125 0.52691511 0.021875 0.01863354
0 0.64335937 0.52950310 0.01171875 0.03209109
0 0.5109375 0.50672877 0.0140625 0.01966873
0 0.41484375 0.48706004 0.0203125 0.03209109
0 0.40625 0.45755693 0.0171875 0.02484472
0 0.64648437 0.43892339 0.01640625 0.03726708
0 0.38046875 0.38095238 0.0171875 0.02070393
0 0.540625 0.36438923 0.021875 0.02070393
0 0.609375 0.31211180 0.01875 0.01552795
0 0.41484375 0.29244306 0.0140625 0.01552795
0 0.5078125 0.29606625 0.015625 0.02484472
0 0.478125 0.27484472 0.0171875 0.02173913
0 0.63476562 0.09523809 0.01171875 0.02070393