0 0.52421875 0.99430641 0.009375 0.01138716
0 0.43710937 0.98188405 0.01171875 0.01138716
0 0.28867187 0.98291925 0.01484375 0.01552795
0 0.31210937 0.97515527 0.01015625 0.01863354
0 0.48320312 0.94254658 0.01328125 0.00931677
0 0.66054687 0.92494824 0.01640625 0.02587991
0 0.57226562 0.91097308 0.01328125 0.01449275
0 0.47460937 0.90217391 0.01171875 0.01759834
0 0.68203125 0.89803312 0.01875 0.01966873
0 0.49921875 0.89492753 0.0125 0.01345755
0 0.64648437 0.89130434 0.01484375 0.01656314
0 0.31601562 0.88043478 0.00859375 0.01345755
0 0.47382812 0.87836438 0.01328125 0.01345755
0 0.671875 0.84472049 0.009375 0.01242236
0 0.3609375 0.83747412 0.0109375 0.01449275
0 0.50195312 0.83333333 0.01328125 0.01035196
0 0.67890625 0.82763975 0.0125 0.01345755
0 0.5828125 0.81314699 0.0109375 0.01345755
0 0.45507812 0.82453416 0.03984375 0.04451345
0 0.67851562 0.79761904 0.01328125 0.02380952
0 0.6546875 0.78364389 0.009375 0.01449275
0 0.62734375 0.77484472 0.0078125 0.00931677
0 0.49296875 0.77691511 0.01875 0.02380952
0 0.55351562 0.77225672 0.01796875 0.02691511
0 0.6328125 0.76293995 0.01875 0.01656314
0 0.50273437 0.75776397 0.01015625 0.01242236
0 0.6546875 0.75155279 0.021875 0.02070393
0 0.67578125 0.75103519 0.0109375 0.02380952
0 0.58203125 0.73550724 0.0171875 0.02380952
0 0.375 0.73550724 0.025 0.02380952
0 0.49648437 0.72101449 0.01796875 0.02380952
0 0.51367187 0.69927536 0.01484375 0.01759834
0 0.45976562 0.69668737 0.01015625 0.01449275
0 0.64414062 0.69151138 0.01015625 0.01242236
0 0.65976562 0.65786749 0.01171875 0.01138716
0 0.33554687 0.65683229 0.01015625 0.02173913
0 0.43554687 0.61387163 0.01328125 0.02070393
0 0.61523437 0.59937888 0.01015625 0.01449275
0 0.39609375 0.59679089 0.0109375 0.01345755
0 0.58476562 0.59265010 0.01171875 0.01345755
0 0.64960937 0.60351966 0.01484375 0.03726708
0 0.65039062 0.55279503 0.01171875 0.01656314
0 0.59179687 0.55020703 0.01171875 0.01345755
0 0.48828125 0.55434782 0.0171875 0.02380952
0 0.35976562 0.51449275 0.01328125 0.01449275
0 0.49726562 0.49223602 0.00859375 0.01345755
0 0.46289062 0.49327122 0.01171875 0.01552795
0 0.42890625 0.49068322 0.009375 0.01449275
0 0.64570312 0.47981366 0.01484375 0.01552795
0 0.2953125 0.45134575 0.0140625 0.01449275
0 0.52929687 0.45445134 0.00859375 0.02277432
0 0.65546875 0.43322981 0.01875 0.02795031
0 0.34882812 0.42546583 0.01171875 0.01449275
0 0.496875 0.42391304 0.0140625 0.01345755
0 0.56640625 0.42598343 0.009375 0.02380952
0 0.32929687 0.41511387 0.01796875 0.02070393
0 0.29570312 0.39285714 0.00703125 0.02380952
0 0.3453125 0.38354037 0.0078125 0.00931677
0 0.49023437 0.37681159 0.00703125 0.01656314
0 0.55585937 0.37318840 0.01484375 0.01552795
0 0.60351562 0.35921325 0.01171875 0.01449275
0 0.36679687 0.35559006 0.00859375 0.01966873
0 0.32773437 0.35351966 0.01171875 0.02795031
0 0.64726562 0.32971014 0.01328125 0.02795031
0 0.35195312 0.31004140 0.01328125 0.01759834
0 0.36328125 0.29347826 0.009375 0.01552795
0 0.41796875 0.29606625 0.009375 0.02484472
0 0.546875 0.26708074 0.0203125 0.01242236
0 0.38828125 0.27070393 0.015625 0.02173913
0 0.58164062 0.25931677 0.00859375 0.02173913
0 0.42734375 0.24792960 0.0171875 0.02380952
0 0.33085937 0.23757763 0.01015625 0.01552795
0 0.53203125 0.23654244 0.0125 0.01552795
0 0.603125 0.19358178 0.015625 0.01656314
0 0.53359375 0.14751552 0.0171875 0.02380952
0 0.3765625 0.13457556 0.0109375 0.01242236
0 0.640625 0.13302277 0.028125 0.03209109
0 0.5484375 0.12111801 0.0109375 0.01449275
0 0.40390625 0.11180124 0.00625 0.00828157
0 0.60507812 0.09627329 0.01015625 0.01242236
0 0.36757812 0.09057971 0.01015625 0.01345755
0 0.43125 0.07401656 0.0109375 0.01966873
0 0.58867187 0.06884057 0.00859375 0.01138716
0 0.5078125 0.04399585 0.015625 0.01552795