0 0.40625 0.88975155 0.0203125 0.01552795
0 0.43984375 0.85817805 0.0171875 0.02070393
0 0.59492187 0.81469979 0.01640625 0.01449275
0 0.3171875 0.77070393 0.0140625 0.01759834
0 0.59765625 0.69409937 0.0125 0.01552795
0 0.66953125 0.60973084 0.0203125 0.02691511
0 0.40351562 0.39337474 0.01484375 0.01863354
0 0.59492187 0.30693581 0.02109375 0.02380952
0 0.478125 0.27484472 0.0171875 0.02173913
0 0.5765625 0.25931677 0.01875 0.02380952
0 0.53945312 0.18685300 0.01796875 0.02380952
0 0.38203125 0.07919254 0.0140625 0.05072463
0 0.63203125 0.06314699 0.0125 0.02070393