0 0.53359375 0.98706004 0.0171875 0.00931677
0 0.45820312 0.98395445 0.01484375 0.01552795
0 0.62617187 0.96221532 0.01328125 0.01552795
0 0.37617187 0.92080745 0.01484375 0.01552795
0 0.453125 0.88871635 0.0171875 0.01759834
0 0.54335937 0.88302277 0.01328125 0.02070393
0 0.58945312 0.87370600 0.00859375 0.01035196
0 0.67460937 0.87008281 0.00859375 0.01345755
0 0.34414062 0.82919254 0.00859375 0.01242236
0 0.38515625 0.82660455 0.01875 0.02173913
0 0.54023437 0.81366459 0.01953125 0.01863354
0 0.63515625 0.80434782 0.009375 0.01449275
0 0.30429687 0.80693581 0.01640625 0.02173913
0 0.36914062 0.79865424 0.01328125 0.01138716
0 0.66875 0.79503105 0.0109375 0.01449275
0 0.38085937 0.78571428 0.01328125 0.01035196
0 0.51914062 0.78467908 0.01796875 0.02691511
0 0.34335937 0.77587991 0.01015625 0.01138716
0 0.32304687 0.76811594 0.02109375 0.01035196
0 0.63164062 0.75828157 0.01328125 0.01759834
0 0.57226562 0.72670807 0.01171875 0.01863354
0 0.41328125 0.72929606 0.0171875 0.02380952
0 0.36601562 0.69979296 0.01640625 0.01656314
0 0.39765625 0.70289855 0.0109375 0.02484472
0 0.56914062 0.68892339 0.00859375 0.01138716
0 0.4109375 0.66563146 0.0140625 0.02277432
0 0.62617187 0.65734989 0.01484375 0.01863354
0 0.58789062 0.65890269 0.02109375 0.02795031
0 0.33515625 0.65269151 0.0171875 0.02380952
0 0.47421875 0.64699792 0.0109375 0.01449275
0 0.31171875 0.64958592 0.0171875 0.02380952
0 0.40390625 0.64440993 0.0125 0.01966873
0 0.678125 0.62991718 0.0125 0.01759834
0 0.4265625 0.62784679 0.0078125 0.01759834
0 0.60625 0.62474120 0.015625 0.01345755
0 0.58085937 0.60403726 0.00859375 0.01138716
0 0.6546875 0.59265010 0.015625 0.01552795
0 0.4734375 0.59161490 0.0125 0.01552795
0 0.625 0.59472049 0.0171875 0.02380952
0 0.42421875 0.57815734 0.0140625 0.01552795
0 0.5046875 0.57505175 0.0109375 0.01345755
0 0.52578125 0.57556935 0.009375 0.02070393
0 0.42226562 0.55900621 0.01484375 0.01863354
0 0.35039062 0.55331262 0.01171875 0.01759834
0 0.68320312 0.54865424 0.01171875 0.01449275
0 0.38007812 0.54296066 0.01328125 0.01552795
0 0.53359375 0.53519668 0.0125 0.01656314
0 0.41835937 0.53105590 0.00859375 0.01656314
0 0.43515625 0.53260869 0.015625 0.02380952
0 0.31289062 0.53105590 0.01484375 0.02277432
0 0.51953125 0.49741200 0.0140625 0.01552795
0 0.40507812 0.5 0.00703125 0.02484472
0 0.58164062 0.47619047 0.01328125 0.02070393
0 0.30429687 0.46428571 0.01015625 0.01966873
0 0.52890625 0.46376811 0.0171875 0.02898550
0 0.35429687 0.45807453 0.01171875 0.01759834
0 0.59023437 0.43788819 0.01171875 0.01449275
0 0.38320312 0.43115942 0.01171875 0.01759834
0 0.67578125 0.42960662 0.0125 0.01863354
0 0.56015625 0.41511387 0.01875 0.01863354
0 0.45195312 0.41045548 0.01171875 0.01345755
0 0.68554687 0.40010351 0.01328125 0.02380952
0 0.4015625 0.37008281 0.0171875 0.02380952
0 0.5203125 0.36128364 0.0125 0.01656314
0 0.45976562 0.34782608 0.02109375 0.02691511
0 0.41992187 0.32660455 0.01171875 0.01345755
0 0.45117187 0.31728778 0.00859375 0.01345755
0 0.5171875 0.31262939 0.015625 0.01449275
0 0.62734375 0.30797101 0.0171875 0.02380952
0 0.3359375 0.29917184 0.0125 0.01035196
0 0.425 0.29296066 0.0125 0.01656314
0 0.39101562 0.28726708 0.01015625 0.01345755
0 0.57109375 0.27329192 0.0078125 0.01242236
0 0.63671875 0.26863354 0.0078125 0.01138716
0 0.41054687 0.27380952 0.02109375 0.02795031
0 0.52460937 0.27225672 0.01796875 0.03726708
0 0.55742187 0.25310559 0.00859375 0.01138716
0 0.39140625 0.25310559 0.009375 0.01552795
0 0.53320312 0.21532091 0.01796875 0.01035196
0 0.46796875 0.22153209 0.0171875 0.03312629
0 0.51328125 0.20134575 0.0125 0.01552795
0 0.58789062 0.19047619 0.01171875 0.01242236
0 0.63125 0.18581780 0.0140625 0.01759834
0 0.64570312 0.16252587 0.01171875 0.01656314
0 0.53632812 0.09006211 0.01171875 0.01449275
0 0.44570312 0.09523809 0.02578125 0.03519668
0 0.38828125 0.03260869 0.028125 0.03623188
0 0.31953125 0.01708074 0.0171875 0.02380952