0 0.58359375 0.87060041 0.0109375 0.01863354
0 0.29648437 0.86594202 0.01640625 0.02380952
0 0.55703125 0.81677018 0.01875 0.02070393
0 0.40664062 0.81262939 0.01640625 0.02070393
0 0.30664062 0.66304347 0.01484375 0.02587991
0 0.6484375 0.60351966 0.0171875 0.01656314
0 0.33671875 0.46532091 0.01875 0.01966873
0 0.66015625 0.40424430 0.0203125 0.03209109
0 0.578125 0.39182194 0.0140625 0.01759834
0 0.39023437 0.35662525 0.01796875 0.02795031
0 0.36054687 0.31107660 0.01953125 0.02380952
0 0.4609375 0.25207039 0.0109375 0.01345755
0 0.60117187 0.17753623 0.02734375 0.03002070
0 0.4796875 0.10093167 0.0171875 0.02173913