0 0.62617187 0.97101449 0.01171875 0.01035196
0 0.57421875 0.97308488 0.0265625 0.02691511
0 0.50117187 0.94513457 0.01328125 0.01449275
0 0.40273437 0.94461697 0.01015625 0.01966873
0 0.32578125 0.93271221 0.0109375 0.02070393
0 0.29257812 0.92753623 0.00859375 0.01449275
0 0.41796875 0.92391304 0.0078125 0.01138716
0 0.3703125 0.90217391 0.0140625 0.01552795
0 0.35234375 0.90320910 0.0171875 0.02380952
0 0.59179687 0.89699792 0.00859375 0.01345755
0 0.63125 0.89233954 0.03125 0.02484472
0 0.49570312 0.88664596 0.01015625 0.01345755
0 0.471875 0.87939958 0.025 0.03623188
0 0.44609375 0.86438923 0.01875 0.01242236
0 0.4 0.85403726 0.009375 0.01863354
0 0.528125 0.85093167 0.0109375 0.01449275
0 0.6578125 0.84316770 0.0140625 0.01759834
0 0.45507812 0.83902691 0.01328125 0.01966873
0 0.53671875 0.83385093 0.0140625 0.01345755
0 0.49921875 0.83333333 0.009375 0.01242236
0 0.41523437 0.82349896 0.01640625 0.01345755
0 0.66914062 0.82194616 0.01171875 0.01656314
0 0.64140625 0.81832298 0.0125 0.02173913
0 0.6265625 0.80952380 0.0171875 0.01242236
0 0.41328125 0.79917184 0.009375 0.01035196
0 0.52890625 0.80279503 0.0171875 0.02380952
0 0.34453125 0.79037267 0.009375 0.01138716
0 0.48125 0.78778467 0.0171875 0.02484472
0 0.60390625 0.76242236 0.0109375 0.01759834
0 0.64101562 0.76190476 0.01171875 0.01863354
0 0.33515625 0.74689440 0.0125 0.01552795
0 0.39023437 0.71790890 0.01796875 0.01759834
0 0.35273437 0.72204968 0.00859375 0.02795031
0 0.29921875 0.71376811 0.009375 0.03416149
0 0.41445312 0.70186335 0.01328125 0.02070393
0 0.60664062 0.68840579 0.01171875 0.00828157
0 0.46640625 0.66718426 0.0109375 0.01138716
0 0.34882812 0.65890269 0.00859375 0.01138716
0 0.30625 0.65890269 0.0171875 0.02380952
0 0.55859375 0.64130434 0.0140625 0.02173913
0 0.38945312 0.63198757 0.01484375 0.01345755
0 0.40742187 0.61490683 0.01484375 0.01863354
0 0.43671875 0.59834368 0.0140625 0.01035196
0 0.33125 0.60041407 0.0140625 0.03312629
0 0.63789062 0.58540372 0.01484375 0.01345755
0 0.64179687 0.56780538 0.01015625 0.01138716
0 0.5171875 0.54658385 0.009375 0.01449275
0 0.35703125 0.55434782 0.0203125 0.03002070
0 0.64804687 0.53364389 0.01015625 0.01345755
0 0.52304687 0.52846790 0.01171875 0.01759834
0 0.29648437 0.52380952 0.01640625 0.01656314
0 0.44375 0.52018633 0.0109375 0.01138716
0 0.3484375 0.51345755 0.0109375 0.00828157
0 0.6859375 0.50672877 0.0109375 0.01552795
0 0.39414062 0.49585921 0.02734375 0.03933747
0 0.51875 0.47774327 0.009375 0.01138716
0 0.6515625 0.47049689 0.0171875 0.02380952
0 0.53515625 0.44668737 0.01875 0.00931677
0 0.3171875 0.44979296 0.0171875 0.02380952
0 0.33710937 0.44306418 0.01015625 0.01242236
0 0.5984375 0.44151138 0.0109375 0.01138716
0 0.56679687 0.43374741 0.01328125 0.01449275
0 0.36484375 0.38509316 0.0171875 0.01656314
0 0.5203125 0.35144927 0.0078125 0.01552795
0 0.440625 0.35144927 0.0109375 0.01552795
0 0.40039062 0.34679089 0.01640625 0.01656314
0 0.57109375 0.34730848 0.0171875 0.02380952
0 0.5859375 0.34057971 0.009375 0.02070393
0 0.49335937 0.33436853 0.01640625 0.01242236
0 0.59648437 0.32712215 0.00859375 0.01242236
0 0.59335937 0.30227743 0.01171875 0.01449275
0 0.39492187 0.29192546 0.01015625 0.02484472
0 0.57265625 0.26708074 0.0078125 0.00828157
0 0.6125 0.24482401 0.015625 0.01759834
0 0.37890625 0.22929606 0.0171875 0.02380952
0 0.49492187 0.21118012 0.01796875 0.01035196
0 0.44179687 0.19616977 0.01953125 0.02380952
0 0.64414062 0.17598343 0.02109375 0.01449275
0 0.378125 0.17184265 0.0125 0.01449275
0 0.53398437 0.15320910 0.01328125 0.01656314
0 0.3609375 0.12525879 0.0125 0.03726708
0 0.64765625 0.10041407 0.0109375 0.03312629
0 0.37695312 0.09420289 0.02734375 0.02070393
0 0.51992187 0.08333333 0.01328125 0.01759834
0 0.4953125 0.07919254 0.0171875 0.02380952
0 0.49375 0.03623188 0.009375 0.02277432
0 0.36992187 0.02329192 0.01171875 0.01966873