0 0.41289062 0.99430641 0.00859375 0.01138716
0 0.56914062 0.94306418 0.01796875 0.02277432
0 0.58515625 0.89855072 0.028125 0.02691511
0 0.36640625 0.86024844 0.01875 0.02691511
0 0.38320312 0.80745341 0.01953125 0.02898550
0 0.46875 0.79192546 0.021875 0.02277432
0 0.57578125 0.76086956 0.01875 0.02277432
0 0.5453125 0.71687370 0.0078125 0.02173913
0 0.42851562 0.55797101 0.01171875 0.01863354
0 0.5046875 0.55590062 0.015625 0.02277432
0 0.55117187 0.43995859 0.01328125 0.01863354
0 0.48007812 0.28830227 0.00859375 0.01759834
0 0.49609375 0.25672877 0.015625 0.02484472
0 0.55976562 0.13043478 0.00546875 0.03726708
0 0.49414062 0.12008281 0.00859375 0.01863354
0 0.49257812 0.08799171 0.01328125 0.01863354