0 0.44257812 0.97567287 0.00703125 0.02173913
0 0.5609375 0.96583850 0.0140625 0.01035196
0 0.571875 0.94047619 0.0171875 0.02380952
0 0.32421875 0.93167701 0.009375 0.01035196
0 0.59023437 0.92028985 0.01171875 0.01863354
0 0.46289062 0.91821946 0.01171875 0.01449275
0 0.45039062 0.91045548 0.01328125 0.01759834
0 0.41914062 0.90527950 0.01640625 0.01345755
0 0.4171875 0.88819875 0.0125 0.01449275
0 0.41484375 0.87525879 0.0125 0.01552795
0 0.578125 0.86956521 0.0125 0.01656314
0 0.50195312 0.86904761 0.01328125 0.01759834
0 0.58554687 0.84006211 0.01328125 0.01345755
0 0.50117187 0.82763975 0.00859375 0.01345755
0 0.603125 0.82919254 0.0078125 0.01863354
0 0.671875 0.83074534 0.0171875 0.02380952
0 0.4015625 0.82815734 0.009375 0.01863354
0 0.47539062 0.81418219 0.00859375 0.01552795
0 0.42695312 0.81780538 0.00859375 0.02277432
0 0.64140625 0.80072463 0.009375 0.01138716
0 0.53046875 0.79710144 0.009375 0.01242236
0 0.31054687 0.79037267 0.01171875 0.01552795
0 0.29570312 0.78778467 0.01171875 0.01656314
0 0.63984375 0.78467908 0.0234375 0.01656314
0 0.36992187 0.77277432 0.01953125 0.01138716
0 0.48984375 0.77380952 0.0109375 0.01552795
0 0.58359375 0.76190476 0.015625 0.01656314
0 0.55507812 0.75724637 0.01953125 0.01759834
0 0.38359375 0.75672877 0.0125 0.01863354
0 0.3140625 0.73861283 0.009375 0.01345755
0 0.33984375 0.73447204 0.0125 0.01345755
0 0.29375 0.72463768 0.0109375 0.01863354
0 0.39375 0.71635610 0.0140625 0.01656314
0 0.56640625 0.71376811 0.0109375 0.01345755
0 0.3515625 0.71583850 0.0140625 0.01759834
0 0.62265625 0.70807453 0.015625 0.03519668
0 0.58789062 0.69358178 0.00859375 0.01242236
0 0.29375 0.69668737 0.0109375 0.03105590
0 0.34960937 0.69151138 0.01484375 0.02484472
0 0.63203125 0.66614906 0.0171875 0.02380952
0 0.49648437 0.65631469 0.01328125 0.01449275
0 0.47304687 0.62215320 0.02265625 0.01863354
0 0.33710937 0.61231884 0.01171875 0.01552795
0 0.58046875 0.60300207 0.0078125 0.01345755
0 0.59570312 0.58592132 0.01640625 0.01035196
0 0.5203125 0.58695652 0.0171875 0.02277432
0 0.33828125 0.55020703 0.009375 0.01138716
0 0.64375 0.54761904 0.0125 0.01449275
0 0.55585937 0.54244306 0.01171875 0.01656314
0 0.35507812 0.54089026 0.01328125 0.01552795
0 0.38203125 0.52484472 0.0171875 0.01656314
0 0.38828125 0.50569358 0.0140625 0.01966873
0 0.303125 0.46946169 0.0125 0.01345755
0 0.52773437 0.46739130 0.03046875 0.03002070
0 0.38828125 0.41356107 0.015625 0.01552795
0 0.4140625 0.40838509 0.025 0.02795031
0 0.68789062 0.39440993 0.00703125 0.01242236
0 0.546875 0.38923395 0.015625 0.01449275
0 0.65625 0.37474120 0.0125 0.01656314
0 0.39882812 0.37525879 0.01328125 0.01759834
0 0.51601562 0.37422360 0.01171875 0.02587991
0 0.39453125 0.33074534 0.015625 0.01138716
0 0.45546875 0.31004140 0.0078125 0.01966873
0 0.43828125 0.29968944 0.009375 0.01552795
0 0.34140625 0.28467908 0.0109375 0.01656314
0 0.45078125 0.27587991 0.0171875 0.02380952
0 0.571875 0.27070393 0.0140625 0.01966873
0 0.42578125 0.26656314 0.0125 0.01138716
0 0.56523437 0.25362318 0.01015625 0.01242236
0 0.6203125 0.22360248 0.0140625 0.01863354
0 0.36367187 0.21480331 0.01171875 0.01759834
0 0.33515625 0.20807453 0.0140625 0.02070393
0 0.64492187 0.19979296 0.01171875 0.01449275
0 0.44492187 0.20962732 0.02109375 0.03416149
0 0.55976562 0.18840579 0.01328125 0.01863354
0 0.45234375 0.17960662 0.0171875 0.02380952
0 0.3625 0.17132505 0.0171875 0.02380952
0 0.34453125 0.16356107 0.009375 0.01863354
0 0.4640625 0.14130434 0.01875 0.02380952
0 0.50273437 0.12422360 0.01015625 0.01242236
0 0.57265625 0.11180124 0.0078125 0.01242236
0 0.6328125 0.10610766 0.0171875 0.02380952
0 0.42226562 0.09679089 0.00859375 0.01138716
0 0.36914062 0.09730848 0.00859375 0.02070393
0 0.64921875 0.08799171 0.0109375 0.01863354
0 0.53984375 0.08592132 0.009375 0.02484472
0 0.3734375 0.06004140 0.021875 0.03105590
0 0.68164062 0.02173913 0.01484375 0.01863354
0 0.32890625 0.01086956 0.0171875 0.01345755