0 0.4375 0.95186335 0.0171875 0.02380952
0 0.66054687 0.94927536 0.02421875 0.02898550
0 0.49023437 0.91977225 0.02265625 0.01759834
0 0.33828125 0.91666666 0.0109375 0.01552795
0 0.37460937 0.91407867 0.00859375 0.01656314
0 0.303125 0.90320910 0.0125 0.01138716
0 0.59335937 0.89699792 0.01015625 0.01345755
0 0.38320312 0.89337474 0.01484375 0.02070393
0 0.54609375 0.88923395 0.0171875 0.02070393
0 0.4125 0.88405797 0.0171875 0.02898550
0 0.29257812 0.87474120 0.00859375 0.01449275
0 0.615625 0.87370600 0.01875 0.02484472
0 0.48046875 0.85041407 0.0140625 0.01138716
0 0.45 0.84627329 0.009375 0.01552795
0 0.678125 0.81366459 0.01875 0.02484472
0 0.63945312 0.80279503 0.01015625 0.01345755
0 0.33945312 0.80124223 0.01640625 0.01656314
0 0.49453125 0.79968944 0.0109375 0.02173913
0 0.58710937 0.79140786 0.01015625 0.01345755
0 0.321875 0.77070393 0.0171875 0.02380952
0 0.58945312 0.75362318 0.01171875 0.01242236
0 0.44140625 0.74896480 0.0171875 0.01552795
0 0.52773437 0.71273291 0.01171875 0.01552795
0 0.3546875 0.70238095 0.0109375 0.01552795
0 0.59375 0.68892339 0.009375 0.01552795
0 0.62851562 0.68581780 0.01484375 0.01552795
0 0.68125 0.66614906 0.0125 0.01759834
0 0.5125 0.66821946 0.0296875 0.03830227
0 0.55507812 0.63923395 0.00859375 0.01138716
0 0.4515625 0.63043478 0.0125 0.01656314
0 0.56484375 0.62474120 0.0078125 0.01552795
0 0.65039062 0.62008281 0.01484375 0.01863354
0 0.47226562 0.61542443 0.01328125 0.01759834
0 0.4140625 0.61335403 0.01875 0.01552795
0 0.31523437 0.60455486 0.01484375 0.01656314
0 0.29492187 0.59937888 0.01328125 0.01656314
0 0.353125 0.58385093 0.0125 0.01449275
0 0.43671875 0.57660455 0.0109375 0.01863354
0 0.315625 0.56987577 0.0109375 0.01552795
0 0.575 0.54658385 0.0125 0.01242236
0 0.5890625 0.53778467 0.0109375 0.01345755
0 0.29648437 0.53623188 0.01640625 0.01863354
0 0.54960937 0.53623188 0.02578125 0.02277432
0 0.4171875 0.51086956 0.0171875 0.02380952
0 0.30429687 0.50258799 0.01015625 0.01345755
0 0.47851562 0.48706004 0.01171875 0.01759834
0 0.49921875 0.48136645 0.009375 0.01242236
0 0.43789062 0.48861283 0.01171875 0.02898550
0 0.41367187 0.47877846 0.01328125 0.01138716
0 0.43984375 0.45393374 0.0125 0.01759834
0 0.35390625 0.45703933 0.0109375 0.02380952
0 0.5984375 0.44616977 0.015625 0.01656314
0 0.51757812 0.42391304 0.01015625 0.01345755
0 0.29726562 0.42443064 0.01484375 0.01863354
0 0.31601562 0.41304347 0.00859375 0.01449275
0 0.68007812 0.40838509 0.01328125 0.02380952
0 0.48164062 0.37836438 0.01796875 0.02795031
0 0.62421875 0.35507246 0.0125 0.01035196
0 0.43476562 0.35403726 0.01328125 0.02070393
0 0.41523437 0.33747412 0.00859375 0.01242236
0 0.54609375 0.31004140 0.0078125 0.01759834
0 0.38398437 0.29451345 0.01171875 0.01552795
0 0.57539062 0.28260869 0.01015625 0.01242236
0 0.52070312 0.27795031 0.00859375 0.01345755
0 0.55664062 0.27484472 0.01015625 0.01552795
0 0.59179687 0.26345755 0.00859375 0.01759834
0 0.3640625 0.20445134 0.01875 0.01138716
0 0.6421875 0.20652173 0.0234375 0.02380952
0 0.43125 0.17339544 0.0125 0.01552795
0 0.35859375 0.17443064 0.0171875 0.02380952
0 0.590625 0.16407867 0.0140625 0.03209109
0 0.50703125 0.14699792 0.0109375 0.01242236
0 0.48515625 0.15113871 0.0078125 0.02277432
0 0.6296875 0.14440993 0.0125 0.01759834
0 0.553125 0.14130434 0.0140625 0.01759834
0 0.64882812 0.11024844 0.00859375 0.01138716
0 0.5703125 0.10403726 0.0125 0.01552795
0 0.45976562 0.09989648 0.01171875 0.01759834
0 0.34140625 0.09213250 0.0234375 0.03519668
0 0.36835937 0.08074534 0.01171875 0.01449275
0 0.58320312 0.07867494 0.00859375 0.02484472
0 0.62578125 0.07246376 0.0109375 0.01449275
0 0.49453125 0.07091097 0.009375 0.01552795
0 0.38867187 0.06935817 0.02265625 0.03312629
0 0.58164062 0.05641821 0.01484375 0.00931677
0 0.66875 0.01086956 0.0171875 0.02173913