0 0.54101562 0.88509316 0.02109375 0.03519668
0 0.365625 0.83592132 0.0203125 0.02795031
0 0.6578125 0.74223602 0.015625 0.02484472
0 0.63398437 0.71118012 0.01484375 0.01449275
0 0.36601562 0.53571428 0.02734375 0.01759834
0 0.44453125 0.52691511 0.021875 0.01449275
0 0.59453125 0.53674948 0.021875 0.03830227
0 0.33359375 0.49327122 0.021875 0.02380952
0 0.42773437 0.47877846 0.01796875 0.01966873
0 0.371875 0.45652173 0.01875 0.02484472
0 0.42148437 0.32763975 0.02734375 0.01552795
0 0.478125 0.27484472 0.0171875 0.02173913
0 0.5984375 0.06469979 0.0125 0.02173913