0 0.41601562 0.98913043 0.00859375 0.01345755
0 0.51484375 0.98136645 0.0140625 0.01863354
0 0.67929687 0.97101449 0.01328125 0.01035196
0 0.62617187 0.96118012 0.00859375 0.01759834
0 0.61914062 0.90786749 0.01171875 0.01035196
0 0.46796875 0.90579710 0.009375 0.01242236
0 0.43476562 0.88561076 0.01015625 0.01138716
0 0.60234375 0.87422360 0.0109375 0.01345755
0 0.45976562 0.85714285 0.01328125 0.01242236
0 0.36875 0.84834368 0.009375 0.01138716
0 0.521875 0.85041407 0.0296875 0.01759834
0 0.58242187 0.84109730 0.01171875 0.01552795
0 0.546875 0.82971014 0.0171875 0.02173913
0 0.2953125 0.82919254 0.0140625 0.02277432
0 0.44453125 0.81884057 0.0078125 0.01035196
0 0.50546875 0.81728778 0.0078125 0.01138716
0 0.58984375 0.81573498 0.0140625 0.01656314
0 0.52695312 0.82194616 0.01484375 0.02898550
0 0.35351562 0.80590062 0.01015625 0.01138716
0 0.49648437 0.80072463 0.01328125 0.01759834
0 0.47304687 0.79865424 0.01328125 0.01345755
0 0.33789062 0.79140786 0.00859375 0.01345755
0 0.56914062 0.78933747 0.01484375 0.01759834
0 0.54921875 0.78726708 0.0125 0.01759834
0 0.49140625 0.77484472 0.0140625 0.01552795
0 0.35234375 0.76242236 0.0234375 0.02173913
0 0.4484375 0.75776397 0.0109375 0.01656314
0 0.43125 0.72929606 0.0109375 0.01138716
0 0.584375 0.71480331 0.0171875 0.02380952
0 0.68515625 0.70134575 0.0125 0.01759834
0 0.3875 0.68892339 0.0109375 0.01345755
0 0.6578125 0.69306418 0.0171875 0.02587991
0 0.30039062 0.68271221 0.01640625 0.01759834
0 0.62734375 0.67339544 0.0140625 0.01345755
0 0.34140625 0.66977225 0.0109375 0.01449275
0 0.584375 0.66511387 0.0109375 0.01345755
0 0.62265625 0.64855072 0.009375 0.01552795
0 0.40234375 0.64440993 0.0171875 0.02380952
0 0.3140625 0.63871635 0.0140625 0.01656314
0 0.30039062 0.61438923 0.01640625 0.01138716
0 0.41757812 0.61076604 0.01171875 0.01449275
0 0.37578125 0.60196687 0.0171875 0.02380952
0 0.65820312 0.59575569 0.01953125 0.01345755
0 0.296875 0.58385093 0.0125 0.01863354
0 0.628125 0.57712215 0.0078125 0.00931677
0 0.53046875 0.57039337 0.0125 0.01449275
0 0.51835937 0.55900621 0.01328125 0.01656314
0 0.58554687 0.55538302 0.00859375 0.01345755
0 0.4453125 0.55020703 0.009375 0.01138716
0 0.328125 0.54761904 0.025 0.01656314
0 0.3640625 0.53985507 0.0125 0.01759834
0 0.60390625 0.53105590 0.009375 0.01449275
0 0.41367187 0.53002070 0.01171875 0.01242236
0 0.6671875 0.52587991 0.0171875 0.01035196
0 0.56367187 0.53053830 0.01328125 0.01966873
0 0.39765625 0.52380952 0.0078125 0.01035196
0 0.41835937 0.50569358 0.01640625 0.01138716
0 0.31757812 0.50207039 0.00859375 0.01449275
0 0.68554687 0.49378881 0.01015625 0.01656314
0 0.40859375 0.46790890 0.0078125 0.02277432
0 0.3171875 0.47153209 0.0171875 0.03209109
0 0.66484375 0.45859213 0.0109375 0.01449275
0 0.325 0.43633540 0.0125 0.01759834
0 0.6125 0.42546583 0.0171875 0.02070393
0 0.50390625 0.42132505 0.0109375 0.02898550
0 0.51835937 0.41097308 0.01015625 0.01449275
0 0.44414062 0.40786749 0.01328125 0.01656314
0 0.64882812 0.40527950 0.01796875 0.02380952
0 0.53046875 0.38664596 0.0078125 0.01138716
0 0.32890625 0.37370600 0.01875 0.02484472
0 0.36484375 0.36801242 0.0171875 0.01759834
0 0.49179687 0.34265010 0.01328125 0.01035196
0 0.61953125 0.33643892 0.0125 0.01449275
0 0.440625 0.31884057 0.009375 0.02070393
0 0.61992187 0.29192546 0.01015625 0.01242236
0 0.36640625 0.28674948 0.0171875 0.02070393
0 0.51640625 0.27380952 0.0125 0.02173913
0 0.57929687 0.26397515 0.01171875 0.01656314
0 0.45429687 0.26035196 0.01328125 0.01552795
0 0.46757812 0.26086956 0.01328125 0.02484472
0 0.4765625 0.20807453 0.0171875 0.02070393
0 0.44101562 0.21790890 0.02578125 0.06521739
0 0.35 0.14130434 0.0203125 0.01552795
0 0.44296875 0.13923395 0.0171875 0.02380952
0 0.42226562 0.11904761 0.01015625 0.01656314
0 0.346875 0.09886128 0.0171875 0.03002070
0 0.39804687 0.08126293 0.01171875 0.01759834
0 0.5375 0.07505175 0.0140625 0.01759834
0 0.34492187 0.06366459 0.01484375 0.01966873
0 0.29414062 0.02225672 0.01484375 0.01552795
0 0.68828125 0.01863354 0.0125 0.02070393