0 0.56953125 0.97256728 0.0078125 0.01345755
0 0.5984375 0.95859213 0.0078125 0.03312629
0 0.34023437 0.94720496 0.02265625 0.02484472
0 0.35507812 0.92753623 0.01484375 0.01242236
0 0.67265625 0.93012422 0.0171875 0.02380952
0 0.48515625 0.90631469 0.009375 0.01552795
0 0.5171875 0.88923395 0.0125 0.01863354
0 0.60429687 0.87474120 0.01484375 0.01449275
0 0.50039062 0.87267080 0.01015625 0.01242236
0 0.4421875 0.86904761 0.0125 0.01138716
0 0.64101562 0.85973084 0.01796875 0.01345755
0 0.58125 0.85973084 0.0203125 0.02380952
0 0.40234375 0.86542443 0.0234375 0.03933747
0 0.42578125 0.84575569 0.0171875 0.02070393
0 0.38945312 0.83954451 0.01171875 0.01656314
0 0.46953125 0.82091097 0.0078125 0.01449275
0 0.31445312 0.81521739 0.01015625 0.01552795
0 0.584375 0.81055900 0.0171875 0.03726708
0 0.46875 0.78933747 0.0125 0.01552795
0 0.571875 0.78519668 0.0171875 0.02380952
0 0.58359375 0.75621118 0.009375 0.01552795
0 0.64140625 0.74068322 0.0109375 0.01138716
0 0.36445312 0.74844720 0.01640625 0.02898550
0 0.67890625 0.74068322 0.0171875 0.02380952
0 0.60742187 0.73395445 0.00859375 0.01242236
0 0.6515625 0.71325051 0.0265625 0.03105590
0 0.56601562 0.67236024 0.01015625 0.01138716
0 0.43554687 0.67443064 0.02890625 0.03416149
0 0.64648437 0.65579710 0.01015625 0.01138716
0 0.66953125 0.65579710 0.0171875 0.02380952
0 0.5296875 0.64440993 0.009375 0.01552795
0 0.39648437 0.63302277 0.01015625 0.01966873
0 0.34921875 0.60610766 0.0109375 0.01552795
0 0.38398437 0.60041407 0.01015625 0.01449275
0 0.52382812 0.60300207 0.02109375 0.02587991
0 0.55703125 0.57712215 0.015625 0.00931677
0 0.515625 0.57660455 0.0109375 0.01242236
0 0.39140625 0.56677018 0.0171875 0.02380952
0 0.45546875 0.56055900 0.015625 0.01345755
0 0.30742187 0.55175983 0.00859375 0.01242236
0 0.62773437 0.54192546 0.01171875 0.01345755
0 0.60429687 0.54140786 0.01171875 0.01863354
0 0.43554687 0.53933747 0.01015625 0.01449275
0 0.59648437 0.50155279 0.00859375 0.01138716
0 0.29921875 0.50517598 0.0078125 0.01863354
0 0.321875 0.47515527 0.025 0.03933747
0 0.43828125 0.46997929 0.021875 0.03726708
0 0.38789062 0.43944099 0.01484375 0.01138716
0 0.45429687 0.42960662 0.01171875 0.01242236
0 0.51953125 0.42701863 0.0109375 0.01345755
0 0.62695312 0.42391304 0.01328125 0.01345755
0 0.38164062 0.40890269 0.01796875 0.03105590
0 0.55234375 0.38975155 0.0125 0.03209109
0 0.55742187 0.35817805 0.01015625 0.01449275
0 0.41601562 0.33592132 0.01328125 0.01966873
0 0.39179687 0.32608695 0.01484375 0.01656314
0 0.62734375 0.31211180 0.0140625 0.01345755
0 0.4828125 0.31314699 0.021875 0.02380952
0 0.35195312 0.30641821 0.01015625 0.01449275
0 0.44726562 0.30124223 0.01171875 0.01656314
0 0.41835937 0.25517598 0.01171875 0.02173913
0 0.35820312 0.25310559 0.01796875 0.02173913
0 0.51796875 0.24482401 0.0171875 0.02380952
0 0.628125 0.22774327 0.0078125 0.01035196
0 0.52539062 0.22412008 0.00859375 0.01345755
0 0.40976562 0.21894409 0.01484375 0.01552795
0 0.60078125 0.20082815 0.025 0.04140786
0 0.53203125 0.18685300 0.0171875 0.02380952
0 0.4515625 0.18478260 0.0171875 0.02380952
0 0.5 0.16718426 0.0125 0.01552795
0 0.56328125 0.16252587 0.0171875 0.01656314
0 0.46835937 0.14803312 0.01171875 0.01449275
0 0.49882812 0.14440993 0.02109375 0.02587991
0 0.61640625 0.13302277 0.009375 0.01138716
0 0.5625 0.12525879 0.01875 0.03726708
0 0.41132812 0.10921325 0.01015625 0.01552795
0 0.3734375 0.10041407 0.0109375 0.03312629
0 0.403125 0.07919254 0.009375 0.01552795
0 0.60820312 0.06521739 0.01328125 0.01863354
0 0.515625 0.06262939 0.028125 0.03209109