0 0.5234375 0.97670807 0.01875 0.00931677
0 0.43085937 0.88561076 0.01953125 0.03002070
0 0.62460937 0.87784679 0.01640625 0.02277432
0 0.3359375 0.86180124 0.0125 0.01552795
0 0.29648437 0.85766045 0.00859375 0.02795031
0 0.4671875 0.84575569 0.0078125 0.02898550
0 0.66992187 0.81262939 0.01796875 0.01449275
0 0.59882812 0.82712215 0.03203125 0.04347826
0 0.43320312 0.76966873 0.01328125 0.01759834
0 0.34570312 0.74120082 0.01015625 0.01449275
0 0.37148437 0.74585921 0.02421875 0.03830227
0 0.62070312 0.71635610 0.01171875 0.01035196
0 0.54882812 0.62422360 0.01328125 0.01863354
0 0.47695312 0.58540372 0.01640625 0.01966873
0 0.496875 0.55486542 0.015625 0.02898550
0 0.3890625 0.50051759 0.01875 0.03002070
0 0.52460937 0.45755693 0.01953125 0.02691511
0 0.32578125 0.40476190 0.0171875 0.03105590
0 0.56875 0.38975155 0.01875 0.01966873
0 0.48632812 0.25776397 0.02109375 0.01863354
0 0.59257812 0.24016563 0.01484375 0.01656314
0 0.54257812 0.22981366 0.01171875 0.02484472
0 0.38085937 0.22826086 0.02578125 0.02587991
0 0.64804687 0.21739130 0.01171875 0.01449275
0 0.42890625 0.14233954 0.0140625 0.01552795
0 0.63710937 0.13457556 0.01796875 0.02484472
0 0.51015625 0.04503105 0.0203125 0.01966873