0 0.47460937 0.96325051 0.01328125 0.01759834
0 0.490625 0.96169772 0.0109375 0.02277432
0 0.35664062 0.95082815 0.01328125 0.01345755
0 0.29453125 0.90113871 0.0125 0.01759834
0 0.63007812 0.89130434 0.01484375 0.01035196
0 0.3125 0.89182194 0.0140625 0.01966873
0 0.57226562 0.87060041 0.01015625 0.01449275
0 0.68046875 0.86542443 0.0109375 0.01242236
0 0.54492187 0.86594202 0.01171875 0.01552795
0 0.58554687 0.85041407 0.01015625 0.01345755
0 0.65078125 0.84368530 0.0109375 0.01449275
0 0.29609375 0.84679089 0.015625 0.03105590
0 0.45976562 0.81314699 0.01328125 0.01345755
0 0.61210937 0.81262939 0.01796875 0.02277432
0 0.57304687 0.80538302 0.01171875 0.01449275
0 0.34375 0.76811594 0.0078125 0.01242236
0 0.36875 0.74223602 0.01875 0.01242236
0 0.31015625 0.74171842 0.009375 0.01345755
0 0.66054687 0.73913043 0.01328125 0.01449275
0 0.51171875 0.73809523 0.0125 0.01863354
0 0.478125 0.72826086 0.0171875 0.02380952
0 0.41210937 0.72670807 0.01796875 0.02484472
0 0.55507812 0.71842650 0.01015625 0.01242236
0 0.61640625 0.70807453 0.0125 0.01863354
0 0.38632812 0.67650103 0.01171875 0.01345755
0 0.3296875 0.67443064 0.0265625 0.01966873
0 0.59960937 0.65631469 0.01640625 0.01449275
0 0.65976562 0.65476190 0.01171875 0.01552795
0 0.3234375 0.64440993 0.01875 0.01138716
0 0.56679687 0.63457556 0.01171875 0.01863354
0 0.68789062 0.62784679 0.00859375 0.01138716
0 0.50742187 0.62939958 0.01328125 0.02898550
0 0.4078125 0.59213250 0.0109375 0.01035196
0 0.36835937 0.59265010 0.01015625 0.01552795
0 0.43828125 0.57763975 0.0140625 0.01242236
0 0.475 0.57712215 0.0109375 0.01552795
0 0.45664062 0.57505175 0.01015625 0.01552795
0 0.61796875 0.57349896 0.0109375 0.01656314
0 0.34023437 0.57142857 0.01484375 0.01863354
0 0.66445312 0.55900621 0.01015625 0.01449275
0 0.41953125 0.55124223 0.0171875 0.02380952
0 0.603125 0.52898550 0.0078125 0.03105590
0 0.653125 0.52225672 0.0171875 0.02380952
0 0.32617187 0.50983436 0.02109375 0.01552795
0 0.5375 0.50362318 0.0125 0.01966873
0 0.31484375 0.49792960 0.0109375 0.01242236
0 0.33710937 0.48809523 0.01796875 0.01759834
0 0.309375 0.48188405 0.0109375 0.01552795
0 0.6375 0.48033126 0.0125 0.01656314
0 0.44023437 0.47256728 0.01640625 0.01552795
0 0.30351562 0.45910973 0.01328125 0.01552795
0 0.41796875 0.45496894 0.0140625 0.01138716
0 0.54804687 0.45445134 0.01328125 0.01656314
0 0.30429687 0.44151138 0.01171875 0.01345755
0 0.34453125 0.44254658 0.015625 0.02380952
0 0.39179687 0.42805383 0.01015625 0.01345755
0 0.44140625 0.42598343 0.0140625 0.01552795
0 0.52851562 0.42391304 0.01171875 0.01345755
0 0.64296875 0.40786749 0.021875 0.01035196
0 0.4375 0.40838509 0.0125 0.01759834
0 0.31054687 0.40579710 0.01328125 0.02277432
0 0.3984375 0.38354037 0.009375 0.01345755
0 0.33007812 0.38250517 0.00859375 0.01138716
0 0.31484375 0.38250517 0.0171875 0.01759834
0 0.43710937 0.37111801 0.01015625 0.01138716
0 0.47226562 0.36801242 0.01328125 0.01552795
0 0.575 0.36076604 0.009375 0.00931677
0 0.53242187 0.35869565 0.02421875 0.00931677
0 0.45351562 0.32815734 0.01171875 0.01449275
0 0.53671875 0.30486542 0.0203125 0.01759834
0 0.3546875 0.30797101 0.0171875 0.02380952
0 0.51289062 0.29761904 0.01328125 0.01966873
0 0.40820312 0.28674948 0.01328125 0.01656314
0 0.63789062 0.27484472 0.01171875 0.02173913
0 0.37070312 0.26915113 0.01328125 0.01656314
0 0.53164062 0.26604554 0.01328125 0.01656314
0 0.6015625 0.26397515 0.0109375 0.01449275
0 0.48984375 0.25672877 0.0125 0.01242236
0 0.51835937 0.25465838 0.01171875 0.01449275
0 0.6375 0.21583850 0.0125 0.01138716
0 0.5359375 0.20134575 0.0171875 0.02380952
0 0.42460937 0.18167701 0.00859375 0.02173913
0 0.4828125 0.19099378 0.03125 0.04451345
0 0.64375 0.17184265 0.0203125 0.01863354
0 0.3375 0.16304347 0.0171875 0.02380952
0 0.54179687 0.15527950 0.01171875 0.01656314
0 0.42890625 0.15113871 0.009375 0.01449275
0 0.33398437 0.13250517 0.01484375 0.01656314
0 0.55625 0.11749482 0.0171875 0.02380952
0 0.6453125 0.10869565 0.0109375 0.01035196
0 0.38164062 0.09575569 0.00859375 0.01552795
0 0.60859375 0.06521739 0.0109375 0.01656314
0 0.47734375 0.02432712 0.0171875 0.02380952