0 0.35703125 0.80641821 0.0203125 0.02484472
0 0.65820312 0.76811594 0.01640625 0.02070393
0 0.34882812 0.73913043 0.01640625 0.02484472
0 0.61367187 0.73395445 0.01796875 0.01656314
0 0.58867187 0.66718426 0.01796875 0.01966873
0 0.61210937 0.60300207 0.01953125 0.03002070
0 0.42695312 0.54554865 0.02421875 0.02484472
0 0.41679687 0.45548654 0.01328125 0.02070393
0 0.3890625 0.45755693 0.0140625 0.02484472
0 0.64648437 0.43892339 0.01640625 0.03726708
0 0.57148437 0.40476190 0.01328125 0.02691511
0 0.38046875 0.38095238 0.0171875 0.02070393
0 0.62421875 0.29606625 0.021875 0.04554865
0 0.42382812 0.26345755 0.02421875 0.01552795
0 0.359375 0.08436853 0.0140625 0.01759834