0 0.38320312 0.91097308 0.02265625 0.03312629
0 0.578125 0.84937888 0.01875 0.01759834
0 0.4078125 0.83850931 0.0140625 0.01449275
0 0.36953125 0.83178053 0.015625 0.02173913
0 0.31171875 0.82453416 0.015625 0.01552795
0 0.396875 0.81004140 0.025 0.03830227
0 0.67851562 0.74171842 0.01171875 0.01345755
0 0.6203125 0.68737060 0.0109375 0.01656314
0 0.5875 0.68892339 0.015625 0.02587991
0 0.61171875 0.64389233 0.015625 0.01656314
0 0.36484375 0.58022774 0.01875 0.01759834
0 0.64765625 0.52846790 0.021875 0.03623188
0 0.51523437 0.51397515 0.01171875 0.01966873
0 0.63242187 0.46428571 0.00703125 0.01759834
0 0.50078125 0.45186335 0.01875 0.01966873
0 0.5765625 0.42287784 0.0125 0.02173913
0 0.67070312 0.39544513 0.01484375 0.02277432
0 0.44960937 0.36542443 0.02578125 0.02898550
0 0.41210937 0.30124223 0.01796875 0.02691511
0 0.425 0.27691511 0.025 0.02795031
0 0.640625 0.23188405 0.01875 0.02691511
0 0.43789062 0.19306418 0.02578125 0.02380952
0 0.36835937 0.18167701 0.01953125 0.02173913
0 0.46015625 0.13509316 0.015625 0.02173913
0 0.34101562 0.12991718 0.01484375 0.01966873
0 0.64140625 0.11128364 0.0234375 0.02795031
0 0.59960937 0.09316770 0.00859375 0.01656314