0 0.653125 0.97101449 0.015625 0.01863354
0 0.2875 0.95600414 0.0125 0.01759834
0 0.44414062 0.93737060 0.00859375 0.00931677
0 0.4734375 0.93944099 0.0125 0.03209109
0 0.53828125 0.92339544 0.01875 0.01449275
0 0.52382812 0.90217391 0.01015625 0.02173913
0 0.35585937 0.90010351 0.01484375 0.01759834
0 0.39609375 0.89078674 0.009375 0.01345755
0 0.60078125 0.88923395 0.015625 0.03105590
0 0.41484375 0.87888198 0.009375 0.01242236
0 0.48984375 0.86438923 0.0109375 0.01863354
0 0.615625 0.86542443 0.01875 0.02484472
0 0.56914062 0.85041407 0.02265625 0.02173913
0 0.46796875 0.84523809 0.0171875 0.02380952
0 0.42539062 0.83592132 0.00859375 0.01138716
0 0.51367187 0.83643892 0.01015625 0.01449275
0 0.31484375 0.83643892 0.0171875 0.02070393
0 0.64140625 0.82763975 0.0109375 0.01138716
0 0.44140625 0.80900621 0.009375 0.01345755
0 0.496875 0.81004140 0.01875 0.02587991
0 0.390625 0.80434782 0.0109375 0.01449275
0 0.68203125 0.80538302 0.015625 0.01863354
0 0.35234375 0.79968944 0.0171875 0.02380952
0 0.45703125 0.78674948 0.015625 0.02277432
0 0.38085937 0.76863354 0.01171875 0.00931677
0 0.40507812 0.76656314 0.01328125 0.01345755
0 0.65585937 0.76552795 0.02265625 0.02795031
0 0.65820312 0.73964803 0.01015625 0.00931677
0 0.440625 0.73861283 0.0109375 0.01345755
0 0.30664062 0.74689440 0.01640625 0.03002070
0 0.61875 0.74120082 0.0078125 0.03105590
0 0.36679687 0.71273291 0.00859375 0.01552795
0 0.67382812 0.68478260 0.01640625 0.01345755
0 0.38203125 0.68581780 0.0125 0.01552795
0 0.68046875 0.66666666 0.015625 0.01449275
0 0.6109375 0.66563146 0.0109375 0.01449275
0 0.41640625 0.66045548 0.0125 0.01656314
0 0.38007812 0.65734989 0.01953125 0.01863354
0 0.32304687 0.65320910 0.01015625 0.02691511
0 0.42265625 0.63923395 0.0171875 0.02380952
0 0.29726562 0.63095238 0.01796875 0.01759834
0 0.61054687 0.63768115 0.03046875 0.03726708
0 0.32148437 0.61801242 0.01015625 0.01656314
0 0.528125 0.61956521 0.0125 0.02380952
0 0.42539062 0.61490683 0.00859375 0.02070393
0 0.65625 0.59627329 0.01875 0.01242236
0 0.67304687 0.59057971 0.01015625 0.01345755
0 0.36171875 0.57660455 0.0109375 0.01449275
0 0.5640625 0.55279503 0.0140625 0.01656314
0 0.45585937 0.54865424 0.01640625 0.01449275
0 0.29296875 0.54244306 0.009375 0.01242236
0 0.56015625 0.53830227 0.009375 0.01035196
0 0.54023437 0.52795031 0.01328125 0.02070393
0 0.60078125 0.50155279 0.0125 0.01138716
0 0.54414062 0.48033126 0.00859375 0.01449275
0 0.43945312 0.47670807 0.01171875 0.01345755
0 0.56054687 0.47308488 0.01015625 0.01035196
0 0.66875 0.47204968 0.0125 0.01656314
0 0.409375 0.45134575 0.021875 0.01035196
0 0.34257812 0.44202898 0.00859375 0.01035196
0 0.5625 0.43426501 0.015625 0.01552795
0 0.65429687 0.43167701 0.01171875 0.01449275
0 0.3078125 0.42546583 0.009375 0.01449275
0 0.67148437 0.41770186 0.00859375 0.01345755
0 0.48710937 0.39855072 0.01171875 0.02277432
0 0.51679687 0.39233954 0.00859375 0.02070393
0 0.45117187 0.38612836 0.01015625 0.01449275
0 0.425 0.38509316 0.0125 0.02277432
0 0.58515625 0.38043478 0.0109375 0.01552795
0 0.48046875 0.37474120 0.009375 0.01035196
0 0.44765625 0.36542443 0.009375 0.01242236
0 0.603125 0.35403726 0.0125 0.01449275
0 0.4859375 0.33799171 0.0140625 0.01138716
0 0.62421875 0.30952380 0.009375 0.01656314
0 0.35429687 0.29037267 0.01171875 0.01138716
0 0.3734375 0.26035196 0.0140625 0.01552795
0 0.46640625 0.18478260 0.0171875 0.01345755
0 0.44140625 0.17701863 0.0125 0.01656314
0 0.48242187 0.14233954 0.01640625 0.01552795
0 0.56015625 0.13923395 0.0171875 0.02380952
0 0.43867187 0.12784679 0.01015625 0.01345755
0 0.56171875 0.11697722 0.0140625 0.01656314
0 0.33554687 0.12732919 0.01796875 0.04140786
0 0.6109375 0.09006211 0.0109375 0.01449275
0 0.5765625 0.07971014 0.0125 0.01449275
0 0.59375 0.07091097 0.021875 0.02795031
0 0.6125 0.05797101 0.0109375 0.01242236
0 0.55078125 0.05745341 0.0078125 0.01138716
0 0.29023437 0.03467908 0.01328125 0.01966873
0 0.42695312 0.03260869 0.02421875 0.04451345
0 0.38476562 0.01656314 0.01640625 0.02070393