0 0.446875 0.97360248 0.0171875 0.02380952
0 0.37929687 0.94202898 0.01484375 0.01242236
0 0.58242187 0.93064182 0.01328125 0.01656314
0 0.64804687 0.92753623 0.01171875 0.01656314
0 0.57265625 0.91200828 0.0125 0.01242236
0 0.68007812 0.90269151 0.01171875 0.01242236
0 0.61875 0.89906832 0.0125 0.01552795
0 0.34765625 0.89389233 0.0109375 0.01138716
0 0.41914062 0.89182194 0.00859375 0.01345755
0 0.57851562 0.88405797 0.01015625 0.01242236
0 0.51210937 0.88043478 0.01484375 0.01759834
0 0.65898437 0.87215320 0.01796875 0.01345755
0 0.32695312 0.85766045 0.01015625 0.01552795
0 0.62109375 0.85144927 0.0203125 0.01759834
0 0.54257812 0.84730848 0.00859375 0.01138716
0 0.6484375 0.84109730 0.009375 0.01345755
0 0.6859375 0.83592132 0.0109375 0.01759834
0 0.46171875 0.83385093 0.01875 0.02587991
0 0.65585937 0.80900621 0.01171875 0.01345755
0 0.37460937 0.79399585 0.01640625 0.01656314
0 0.6796875 0.77587991 0.0140625 0.01759834
0 0.48007812 0.76293995 0.01015625 0.02070393
0 0.60664062 0.76190476 0.02265625 0.02691511
0 0.55039062 0.75103519 0.01171875 0.01345755
0 0.66679687 0.75724637 0.01171875 0.03209109
0 0.35078125 0.73084886 0.009375 0.01242236
0 0.36132812 0.72981366 0.01015625 0.01449275
0 0.41445312 0.72670807 0.01171875 0.01656314
0 0.64804687 0.72360248 0.01015625 0.01656314
0 0.609375 0.72049689 0.0109375 0.01449275
0 0.50195312 0.68426501 0.01171875 0.01863354
0 0.4015625 0.67391304 0.0140625 0.02484472
0 0.58945312 0.66149068 0.01484375 0.01656314
0 0.32109375 0.66459627 0.0140625 0.02277432
0 0.63984375 0.64648033 0.0109375 0.01345755
0 0.40820312 0.64078674 0.01328125 0.01863354
0 0.5 0.63923395 0.0140625 0.01759834
0 0.42578125 0.63612836 0.0171875 0.03209109
0 0.3984375 0.61594202 0.0140625 0.01449275
0 0.42304687 0.61283643 0.01328125 0.01242236
0 0.46601562 0.60662525 0.01015625 0.01449275
0 0.30742187 0.58229813 0.01328125 0.01966873
0 0.38710937 0.57815734 0.01015625 0.01966873
0 0.64453125 0.56314699 0.015625 0.02070393
0 0.40664062 0.54554865 0.01171875 0.01656314
0 0.63046875 0.53623188 0.0125 0.01449275
0 0.61015625 0.50828157 0.009375 0.01449275
0 0.3125 0.50776397 0.0265625 0.02380952
0 0.39414062 0.48913043 0.01015625 0.01345755
0 0.59453125 0.46842650 0.0109375 0.01966873
0 0.59375 0.44254658 0.0109375 0.01345755
0 0.50898437 0.43633540 0.01328125 0.01552795
0 0.47578125 0.42339544 0.009375 0.01449275
0 0.64375 0.41097308 0.0171875 0.02484472
0 0.67382812 0.39182194 0.01484375 0.01552795
0 0.41328125 0.37577639 0.0125 0.01656314
0 0.48710937 0.37370600 0.01171875 0.01449275
0 0.625 0.35766045 0.0109375 0.01552795
0 0.37226562 0.35817805 0.00703125 0.01863354
0 0.52929687 0.32453416 0.01328125 0.01966873
0 0.44609375 0.32194616 0.0203125 0.02070393
0 0.57109375 0.31728778 0.009375 0.01345755
0 0.63046875 0.31211180 0.015625 0.01345755
0 0.49804687 0.31004140 0.01640625 0.01759834
0 0.6 0.30124223 0.009375 0.01449275
0 0.5828125 0.29761904 0.0171875 0.02380952
0 0.43632812 0.27898550 0.01484375 0.01759834
0 0.6125 0.26449275 0.0125 0.01345755
0 0.41484375 0.26242236 0.0140625 0.01966873
0 0.46445312 0.24896480 0.01015625 0.01138716
0 0.52695312 0.24430641 0.01015625 0.01242236
0 0.64804687 0.24275362 0.01171875 0.01345755
0 0.40507812 0.23809523 0.01015625 0.01242236
0 0.41835937 0.22929606 0.01015625 0.01345755
0 0.51210937 0.22515527 0.01171875 0.01552795
0 0.37109375 0.21946169 0.0109375 0.01449275
0 0.38476562 0.21480331 0.01640625 0.02380952
0 0.40351562 0.20910973 0.01328125 0.01656314
0 0.44140625 0.19979296 0.009375 0.01449275
0 0.5359375 0.18892339 0.0171875 0.02380952
0 0.40234375 0.16666666 0.0125 0.01656314
0 0.45273437 0.16097308 0.01171875 0.01345755
0 0.56757812 0.14958592 0.01015625 0.02380952
0 0.47460937 0.13716356 0.01171875 0.00931677
0 0.36015625 0.10766045 0.0125 0.01242236
0 0.42460937 0.10869565 0.01484375 0.02484472
0 0.65039062 0.10455486 0.00859375 0.01863354
0 0.47578125 0.10351966 0.015625 0.02691511
0 0.35976562 0.08799171 0.01328125 0.01449275
0 0.52617187 0.07763975 0.00859375 0.01863354
0 0.40078125 0.06780538 0.015625 0.01552795