0 0.39609375 0.98395445 0.0125 0.01552795
0 0.29296875 0.98084886 0.015625 0.01966873
0 0.5390625 0.91252587 0.0171875 0.02380952
0 0.4515625 0.90734989 0.0125 0.01552795
0 0.57226562 0.90320910 0.01953125 0.01966873
0 0.43554687 0.89751552 0.01015625 0.01242236
0 0.328125 0.87474120 0.015625 0.01449275
0 0.38515625 0.86542443 0.0109375 0.01449275
0 0.30898437 0.86180124 0.01015625 0.01552795
0 0.58242187 0.83281573 0.01953125 0.01138716
0 0.5046875 0.82660455 0.0109375 0.01345755
0 0.63398437 0.81366459 0.01328125 0.03312629
0 0.49296875 0.78830227 0.0109375 0.01552795
0 0.58789062 0.78467908 0.01484375 0.01656314
0 0.634375 0.74844720 0.0109375 0.01656314
0 0.4921875 0.74171842 0.0171875 0.02380952
0 0.66640625 0.72929606 0.0125 0.01138716
0 0.62304687 0.73188405 0.01796875 0.02691511
0 0.51445312 0.72256728 0.01484375 0.01242236
0 0.61367187 0.71583850 0.01328125 0.00931677
0 0.6421875 0.71325051 0.009375 0.01035196
0 0.55390625 0.71635610 0.0171875 0.02277432
0 0.49726562 0.70962732 0.01015625 0.01345755
0 0.47890625 0.69513457 0.0140625 0.01552795
0 0.46484375 0.69772256 0.0078125 0.02691511
0 0.64882812 0.69099378 0.01328125 0.01759834
0 0.29765625 0.68995859 0.0140625 0.01552795
0 0.675 0.68271221 0.0078125 0.01138716
0 0.44804687 0.68219461 0.01171875 0.01656314
0 0.59296875 0.67028985 0.009375 0.01345755
0 0.44414062 0.64648033 0.03046875 0.02173913
0 0.684375 0.64078674 0.0140625 0.02691511
0 0.37734375 0.64233954 0.0078125 0.03416149
0 0.6328125 0.62888198 0.0140625 0.01966873
0 0.30585937 0.62267080 0.01171875 0.01552795
0 0.43945312 0.61594202 0.01953125 0.02898550
0 0.365625 0.59627329 0.009375 0.01242236
0 0.50585937 0.58747412 0.01015625 0.01759834
0 0.634375 0.57919254 0.0171875 0.01552795
0 0.52539062 0.56884057 0.01328125 0.01759834
0 0.3796875 0.56107660 0.009375 0.01863354
0 0.45117187 0.55641821 0.01484375 0.01966873
0 0.53085937 0.54865424 0.02890625 0.01242236
0 0.51015625 0.54658385 0.0109375 0.01035196
0 0.57226562 0.52743271 0.01640625 0.01345755
0 0.49140625 0.52070393 0.0109375 0.01449275
0 0.59921875 0.51811594 0.0171875 0.02380952
0 0.50546875 0.50983436 0.0125 0.01552795
0 0.30742187 0.49637681 0.01171875 0.01138716
0 0.6546875 0.50051759 0.0109375 0.02380952
0 0.33125 0.49171842 0.0125 0.01449275
0 0.53320312 0.48136645 0.01171875 0.01863354
0 0.41015625 0.48136645 0.01875 0.02277432
0 0.52304687 0.45859213 0.01796875 0.01035196
0 0.47578125 0.44875776 0.0171875 0.02380952
0 0.66757812 0.44513457 0.01328125 0.02070393
0 0.5921875 0.44047619 0.0078125 0.01138716
0 0.415625 0.44565217 0.0171875 0.02380952
0 0.29179687 0.41977225 0.00703125 0.01966873
0 0.45546875 0.41200828 0.0125 0.01242236
0 0.54804687 0.40217391 0.01484375 0.01552795
0 0.42070312 0.40320910 0.01328125 0.01966873
0 0.48867187 0.36749482 0.01328125 0.02070393
0 0.46523437 0.35973084 0.01015625 0.02173913
0 0.50742187 0.34782608 0.01015625 0.01863354
0 0.53554687 0.34057971 0.01015625 0.01449275
0 0.46289062 0.33436853 0.01171875 0.02070393
0 0.39179687 0.32660455 0.00703125 0.01759834
0 0.62929687 0.32091097 0.02109375 0.01242236
0 0.49453125 0.32039337 0.0125 0.01552795
0 0.51015625 0.30952380 0.009375 0.01035196
0 0.47265625 0.30486542 0.0109375 0.01345755
0 0.640625 0.27691511 0.0171875 0.02380952
0 0.5 0.27173913 0.021875 0.04451345
0 0.465625 0.24534161 0.0140625 0.02277432
0 0.57890625 0.24482401 0.0171875 0.02380952
0 0.38828125 0.23033126 0.015625 0.02173913
0 0.58515625 0.19668737 0.0265625 0.02691511
0 0.64804687 0.18530020 0.01328125 0.01656314
0 0.54648437 0.15890269 0.01171875 0.01552795
0 0.63984375 0.15424430 0.0296875 0.02277432
0 0.53671875 0.11542443 0.0125 0.01759834
0 0.51015625 0.09265010 0.0125 0.01345755
0 0.56054687 0.06004140 0.01328125 0.01656314
0 0.52890625 0.02173913 0.009375 0.02484472