0 0.60507812 0.82142857 0.01640625 0.01966873
0 0.45820312 0.82298136 0.01640625 0.03933747
0 0.3171875 0.75258799 0.0203125 0.03726708
0 0.42617187 0.74275362 0.01640625 0.02587991
0 0.55625 0.72826086 0.0125 0.02380952
0 0.59804687 0.71583850 0.01484375 0.01552795
0 0.5890625 0.66718426 0.01875 0.01966873
0 0.63554687 0.66614906 0.03671875 0.05072463
0 0.67226562 0.61076604 0.01484375 0.02484472
0 0.38164062 0.45755693 0.01640625 0.02484472
0 0.56328125 0.42546583 0.0171875 0.02898550
0 0.38046875 0.35196687 0.01875 0.01656314
0 0.5390625 0.33540372 0.0171875 0.01242236
0 0.3984375 0.33488612 0.009375 0.02380952
0 0.49375 0.28519668 0.0125 0.01552795
0 0.58007812 0.24482401 0.01640625 0.02173913
0 0.61015625 0.07971014 0.0140625 0.05175983
0 0.359375 0.07919254 0.0140625 0.05072463