0 0.584375 0.99637681 0.015625 0.00724637
0 0.67070312 0.98550724 0.02109375 0.01242236
0 0.3484375 0.94202898 0.0140625 0.01035196
0 0.440625 0.91459627 0.0140625 0.01138716
0 0.64609375 0.91459627 0.0140625 0.01966873
0 0.5734375 0.91356107 0.01875 0.02380952
0 0.5546875 0.89182194 0.009375 0.01138716
0 0.63203125 0.88664596 0.0109375 0.01759834
0 0.48359375 0.88250517 0.0109375 0.01345755
0 0.50234375 0.86904761 0.0171875 0.02173913
0 0.4734375 0.84679089 0.021875 0.02691511
0 0.5125 0.83436853 0.0078125 0.02070393
0 0.47617187 0.82142857 0.01015625 0.01759834
0 0.65390625 0.81935817 0.0171875 0.02380952
0 0.4 0.80952380 0.015625 0.01449275
0 0.29726562 0.79710144 0.00859375 0.01035196
0 0.52421875 0.79244306 0.015625 0.01138716
0 0.37929687 0.78933747 0.01328125 0.01345755
0 0.66914062 0.78105590 0.01796875 0.01138716
0 0.36171875 0.77950310 0.0125 0.01242236
0 0.60390625 0.76656314 0.0078125 0.01966873
0 0.41679687 0.76035196 0.01484375 0.01552795
0 0.66914062 0.74948240 0.01015625 0.01863354
0 0.49882812 0.71790890 0.01484375 0.01345755
0 0.5796875 0.71790890 0.009375 0.01966873
0 0.38164062 0.69306418 0.01015625 0.01759834
0 0.66328125 0.69616977 0.0140625 0.02587991
0 0.446875 0.67908902 0.0125 0.01656314
0 0.56367187 0.67494824 0.01171875 0.01449275
0 0.44570312 0.65683229 0.01171875 0.01345755
0 0.57109375 0.64855072 0.01875 0.01966873
0 0.59453125 0.64389233 0.009375 0.01242236
0 0.55585937 0.63923395 0.01171875 0.01345755
0 0.38828125 0.64958592 0.015625 0.03416149
0 0.61992187 0.61697722 0.01640625 0.01035196
0 0.55742187 0.59834368 0.01171875 0.01449275
0 0.33867187 0.60351966 0.01953125 0.02898550
0 0.68046875 0.59627329 0.0140625 0.03312629
0 0.40039062 0.57971014 0.01328125 0.01656314
0 0.36914062 0.57556935 0.01640625 0.02277432
0 0.50273437 0.57763975 0.01015625 0.03105590
0 0.44765625 0.56418219 0.009375 0.01242236
0 0.64609375 0.54296066 0.0109375 0.01345755
0 0.32695312 0.54089026 0.01171875 0.01552795
0 0.37890625 0.53260869 0.0125 0.02380952
0 0.53398437 0.51863354 0.01484375 0.01449275
0 0.41835937 0.51811594 0.02578125 0.02173913
0 0.64257812 0.49792960 0.01328125 0.01656314
0 0.584375 0.49068322 0.0109375 0.01242236
0 0.628125 0.48654244 0.0125 0.01035196
0 0.3796875 0.48809523 0.0109375 0.01345755
0 0.50625 0.48343685 0.0109375 0.01449275
0 0.52226562 0.47463768 0.01640625 0.01966873
0 0.44921875 0.47360248 0.015625 0.01759834
0 0.36835937 0.46894409 0.01953125 0.02277432
0 0.57148437 0.45031055 0.01171875 0.01035196
0 0.53398437 0.44927536 0.01171875 0.01449275
0 0.52226562 0.42960662 0.01015625 0.01656314
0 0.42851562 0.42028985 0.01171875 0.01863354
0 0.38398437 0.41511387 0.01328125 0.01656314
0 0.41835937 0.39648033 0.01171875 0.01863354
0 0.61210937 0.38405797 0.01640625 0.02070393
0 0.596875 0.34989648 0.015625 0.01242236
0 0.646875 0.35766045 0.0171875 0.04451345
0 0.396875 0.31211180 0.0109375 0.01345755
0 0.55546875 0.29813664 0.0109375 0.01656314
0 0.48320312 0.29451345 0.00859375 0.01345755
0 0.41992187 0.28674948 0.01328125 0.01656314
0 0.47929687 0.26345755 0.01015625 0.01759834
0 0.52109375 0.26242236 0.0140625 0.01966873
0 0.49453125 0.25724637 0.0109375 0.01345755
0 0.33867187 0.25621118 0.01171875 0.01759834
0 0.63085937 0.25258799 0.01015625 0.01242236
0 0.54296875 0.23188405 0.0109375 0.01449275
0 0.3453125 0.22360248 0.015625 0.02898550
0 0.39492187 0.19824016 0.01171875 0.01759834
0 0.40429687 0.18374741 0.01328125 0.01966873
0 0.33515625 0.18219461 0.0171875 0.01863354
0 0.47109375 0.17598343 0.009375 0.02691511
0 0.60625 0.16511387 0.0265625 0.02173913
0 0.41484375 0.13509316 0.0203125 0.01966873
0 0.525 0.12215320 0.0109375 0.01242236
0 0.56484375 0.10041407 0.0109375 0.01035196
0 0.60703125 0.07505175 0.0203125 0.02173913
0 0.47734375 0.06469979 0.015625 0.01138716
0 0.4359375 0.06055900 0.0171875 0.02380952
0 0.64179687 0.05331262 0.01796875 0.01759834