0 0.41953125 0.88198757 0.0171875 0.03105590
0 0.453125 0.85559006 0.021875 0.01552795
0 0.321875 0.85196687 0.0140625 0.02070393
0 0.47773437 0.80072463 0.01171875 0.01966873
0 0.3765625 0.76966873 0.0140625 0.01552795
0 0.34882812 0.73913043 0.01640625 0.02484472
0 0.44179687 0.73809523 0.01640625 0.03105590
0 0.62421875 0.71635610 0.015625 0.02484472
0 0.4953125 0.50672877 0.0140625 0.02173913
0 0.5515625 0.49792960 0.0234375 0.02484472
0 0.30859375 0.43633540 0.0203125 0.03209109
0 0.57851562 0.37784679 0.03671875 0.04554865