0 0.57265625 0.90734989 0.0234375 0.03002070
0 0.353125 0.88405797 0.015625 0.01863354
0 0.34140625 0.86076604 0.015625 0.01759834
0 0.47148437 0.85248447 0.01484375 0.01966873
0 0.45976562 0.78571428 0.01953125 0.02070393
0 0.43320312 0.75414078 0.01328125 0.02173913
0 0.57109375 0.71583850 0.0125 0.01552795
0 0.3109375 0.66511387 0.0265625 0.02587991
0 0.48007812 0.66200828 0.02109375 0.02173913
0 0.51757812 0.65786749 0.02109375 0.02795031
0 0.50117187 0.57505175 0.01171875 0.01345755
0 0.3421875 0.57194616 0.0203125 0.01966873
0 0.68359375 0.55641821 0.0171875 0.02173913
0 0.57382812 0.48188405 0.01796875 0.02173913
0 0.5140625 0.38975155 0.0125 0.02173913
0 0.3921875 0.21894409 0.04375 0.04037267
0 0.39609375 0.14130434 0.015625 0.02173913
0 0.62109375 0.02898550 0.01875 0.02484472
0 0.53242187 0.02536231 0.01484375 0.01966873