0 0.53164062 0.95548654 0.02578125 0.02277432
0 0.54140625 0.84886128 0.00625 0.00828157
0 0.6796875 0.81935817 0.0109375 0.01759834
0 0.46328125 0.81728778 0.0125 0.01552795
0 0.45898437 0.76242236 0.01015625 0.03002070
0 0.39257812 0.72929606 0.02890625 0.01552795
0 0.33984375 0.70289855 0.0171875 0.02691511
0 0.37109375 0.69461697 0.01875 0.02277432
0 0.47929687 0.64544513 0.01328125 0.01966873
0 0.30898437 0.59886128 0.01640625 0.02587991
0 0.31484375 0.56625258 0.0125 0.01656314
0 0.46523437 0.56469979 0.01171875 0.01759834
0 0.4328125 0.48654244 0.0234375 0.02277432
0 0.5328125 0.46376811 0.0203125 0.02277432
0 0.52890625 0.44099378 0.0171875 0.00828157
0 0.3046875 0.43012422 0.0140625 0.01966873
0 0.36757812 0.42236024 0.01640625 0.01656314
0 0.64648437 0.28726708 0.01640625 0.02795031
0 0.55 0.25879917 0.0171875 0.02691511
0 0.56914062 0.22877846 0.01953125 0.01656314
0 0.540625 0.21842650 0.0125 0.01656314
0 0.33398437 0.20600414 0.02265625 0.02691511
0 0.509375 0.19927536 0.0109375 0.02380952
0 0.44882812 0.18219461 0.01328125 0.01863354
0 0.38476562 0.17287784 0.01484375 0.01863354
0 0.38515625 0.14648033 0.021875 0.03209109
0 0.45117187 0.05124223 0.01953125 0.02380952
0 0.34570312 0.02122153 0.02421875 0.01138716