0 0.5 0.98084886 0.01875 0.03002070
0 0.55585937 0.96635610 0.01015625 0.01345755
0 0.48945312 0.93271221 0.01171875 0.01449275
0 0.3515625 0.92287784 0.0140625 0.02173913
0 0.51601562 0.89026915 0.01171875 0.01449275
0 0.44882812 0.87939958 0.01796875 0.02173913
0 0.340625 0.87525879 0.0109375 0.01345755
0 0.6578125 0.87267080 0.0109375 0.01242236
0 0.56445312 0.86853002 0.01171875 0.01656314
0 0.48828125 0.86645962 0.0109375 0.01449275
0 0.6734375 0.86490683 0.009375 0.01759834
0 0.48476562 0.84316770 0.01171875 0.01552795
0 0.65195312 0.83747412 0.01015625 0.01656314
0 0.53867187 0.83229813 0.01171875 0.01449275
0 0.44492187 0.82763975 0.01015625 0.01138716
0 0.6796875 0.82505175 0.0234375 0.02484472
0 0.63671875 0.79399585 0.0109375 0.01656314
0 0.59101562 0.77587991 0.01015625 0.01759834
0 0.4265625 0.74430641 0.0109375 0.01449275
0 0.56054687 0.71790890 0.00859375 0.01345755
0 0.42304687 0.70082815 0.01015625 0.01863354
0 0.63203125 0.69927536 0.009375 0.01966873
0 0.40078125 0.69824016 0.0125 0.02173913
0 0.33125 0.68374741 0.0140625 0.01552795
0 0.36445312 0.66614906 0.02890625 0.01966873
0 0.55898437 0.65579710 0.01171875 0.01552795
0 0.64375 0.65062111 0.0109375 0.03623188
0 0.42890625 0.64026915 0.0171875 0.02380952
0 0.4765625 0.63198757 0.0171875 0.02380952
0 0.3734375 0.61801242 0.0140625 0.01863354
0 0.29257812 0.60869565 0.00859375 0.01449275
0 0.36289062 0.59627329 0.01015625 0.01035196
0 0.52109375 0.59782608 0.0171875 0.02380952
0 0.48867187 0.59575569 0.02109375 0.02587991
0 0.41484375 0.56935817 0.0125 0.01449275
0 0.65078125 0.56884057 0.0234375 0.02173913
0 0.6265625 0.56521739 0.0140625 0.01656314
0 0.5421875 0.55797101 0.0171875 0.02277432
0 0.453125 0.54813664 0.0109375 0.01345755
0 0.5734375 0.54865424 0.0125 0.02691511
0 0.63984375 0.53623188 0.0109375 0.01242236
0 0.37695312 0.53105590 0.01171875 0.03726708
0 0.58203125 0.52070393 0.01875 0.02484472
0 0.55625 0.51035196 0.0140625 0.01242236
0 0.36914062 0.49948240 0.01484375 0.01345755
0 0.5375 0.49430641 0.015625 0.01552795
0 0.36640625 0.48084886 0.0109375 0.01759834
0 0.303125 0.48240165 0.0109375 0.03105590
0 0.52226562 0.46376811 0.01328125 0.01863354
0 0.48984375 0.44720496 0.009375 0.01242236
0 0.34179687 0.44358178 0.01484375 0.01552795
0 0.51015625 0.43840579 0.025 0.02380952
0 0.54609375 0.43115942 0.0265625 0.01966873
0 0.34765625 0.42598343 0.0125 0.01759834
0 0.40234375 0.41925465 0.01875 0.01242236
0 0.33242187 0.41511387 0.01484375 0.02070393
0 0.61523437 0.39751552 0.01015625 0.01035196
0 0.37773437 0.39440993 0.01484375 0.02277432
0 0.559375 0.38923395 0.0234375 0.03105590
0 0.3109375 0.38457556 0.0171875 0.02380952
0 0.384375 0.35507246 0.0109375 0.01449275
0 0.36484375 0.35300207 0.0203125 0.02691511
0 0.39648437 0.33385093 0.01015625 0.01759834
0 0.546875 0.31521739 0.028125 0.03830227
0 0.35703125 0.30124223 0.0125 0.01656314
0 0.49726562 0.24948240 0.01171875 0.01035196
0 0.40976562 0.24896480 0.01328125 0.01552795
0 0.5015625 0.21790890 0.009375 0.01345755
0 0.34570312 0.21273291 0.00703125 0.02380952
0 0.36132812 0.21118012 0.00703125 0.02691511
0 0.52695312 0.20289855 0.01484375 0.01242236
0 0.6140625 0.20238095 0.0171875 0.02380952
0 0.43671875 0.16925465 0.0125 0.01552795
0 0.6328125 0.16873706 0.0109375 0.02070393
0 0.43476562 0.15062111 0.01015625 0.01138716
0 0.56484375 0.14337474 0.015625 0.01138716
0 0.51875 0.11697722 0.0109375 0.01242236
0 0.4796875 0.11335403 0.0171875 0.02380952
0 0.49960937 0.10817805 0.00859375 0.01966873
0 0.3625 0.09886128 0.0140625 0.01552795
0 0.44765625 0.09886128 0.0171875 0.03416149
0 0.41484375 0.04606625 0.0125 0.02795031
0 0.51445312 0.03881987 0.01484375 0.01552795
0 0.32851562 0.03157349 0.01640625 0.00931677
0 0.3890625 0.02898550 0.0171875 0.01449275
0 0.58867187 0.02639751 0.02421875 0.02173913
0 0.54375 0.01604554 0.009375 0.01759834