0 0.4421875 0.94151138 0.0171875 0.02380952
0 0.68984375 0.93530020 0.0171875 0.02380952
0 0.3125 0.92184265 0.0171875 0.02380952
0 0.3484375 0.90838509 0.0140625 0.01759834
0 0.41992187 0.90683229 0.01484375 0.01656314
0 0.559375 0.87267080 0.0109375 0.01449275
0 0.4625 0.87215320 0.0109375 0.01345755
0 0.36796875 0.87370600 0.0109375 0.01863354
0 0.60703125 0.86801242 0.0171875 0.02380952
0 0.32773437 0.85196687 0.02734375 0.01656314
0 0.434375 0.84472049 0.0140625 0.01863354
0 0.5140625 0.84420289 0.0234375 0.02380952
0 0.30195312 0.83799171 0.01015625 0.01345755
0 0.67265625 0.83643892 0.009375 0.01242236
0 0.34335937 0.83695652 0.01015625 0.01345755
0 0.46640625 0.81211180 0.0171875 0.02380952
0 0.49609375 0.79606625 0.0109375 0.01449275
0 0.51445312 0.78623188 0.01171875 0.01345755
0 0.42109375 0.78830227 0.0109375 0.01759834
0 0.30078125 0.80020703 0.025 0.04140786
0 0.575 0.75931677 0.0171875 0.02380952
0 0.35976562 0.73498964 0.01015625 0.01449275
0 0.3421875 0.73136645 0.0171875 0.02380952
0 0.31640625 0.70548654 0.0171875 0.02380952
0 0.57890625 0.69409937 0.009375 0.01345755
0 0.46328125 0.69409937 0.0171875 0.02380952
0 0.4046875 0.69306418 0.0125 0.02173913
0 0.6359375 0.65890269 0.0109375 0.01345755
0 0.49335937 0.67184265 0.02109375 0.03933747
0 0.4671875 0.64544513 0.0109375 0.01759834
0 0.38476562 0.64026915 0.01015625 0.01552795
0 0.30546875 0.63768115 0.0140625 0.01035196
0 0.3671875 0.62525879 0.01875 0.01242236
0 0.52851562 0.62215320 0.01171875 0.01242236
0 0.40390625 0.61231884 0.0171875 0.02380952
0 0.48046875 0.59057971 0.0109375 0.01552795
0 0.51796875 0.58747412 0.0078125 0.01345755
0 0.59023437 0.58436853 0.01015625 0.01345755
0 0.46015625 0.58850931 0.0171875 0.02380952
0 0.47109375 0.57349896 0.009375 0.01656314
0 0.43476562 0.54296066 0.01015625 0.01138716
0 0.32578125 0.55227743 0.0125 0.03002070
0 0.38203125 0.54503105 0.0171875 0.02380952
0 0.47226562 0.53726708 0.00859375 0.01242236
0 0.64492187 0.53312629 0.01015625 0.01449275
0 0.53945312 0.53364389 0.01328125 0.01759834
0 0.59023437 0.52018633 0.01015625 0.01138716
0 0.68710937 0.50310559 0.01015625 0.01863354
0 0.51914062 0.48498964 0.01015625 0.01345755
0 0.36445312 0.46014492 0.00859375 0.01345755
0 0.33242187 0.44824016 0.01328125 0.01449275
0 0.49375 0.44254658 0.009375 0.00931677
0 0.41992187 0.45134575 0.01953125 0.03519668
0 0.31757812 0.43374741 0.01953125 0.02484472
0 0.41210937 0.40942028 0.01171875 0.01552795
0 0.55625 0.39440993 0.0125 0.02070393
0 0.46523437 0.39233954 0.01484375 0.01656314
0 0.33515625 0.39182194 0.0171875 0.02380952
0 0.5765625 0.38198757 0.009375 0.01242236
0 0.44648437 0.37629399 0.01171875 0.01759834
0 0.3859375 0.37370600 0.0109375 0.01656314
0 0.50390625 0.35248447 0.0171875 0.01552795
0 0.35625 0.33281573 0.0140625 0.01759834
0 0.37578125 0.31935817 0.0171875 0.02380952
0 0.3625 0.28157349 0.009375 0.01656314
0 0.415625 0.27898550 0.009375 0.01345755
0 0.35078125 0.27536231 0.0109375 0.01242236
0 0.53867187 0.27225672 0.01015625 0.01242236
0 0.55234375 0.26811594 0.009375 0.01035196
0 0.64101562 0.27225672 0.02734375 0.03105590
0 0.49101562 0.27277432 0.01953125 0.03416149
0 0.51757812 0.25569358 0.00859375 0.01449275
0 0.46367187 0.24068322 0.01015625 0.01345755
0 0.50742187 0.20082815 0.01640625 0.01863354
0 0.5828125 0.17598343 0.009375 0.01863354
0 0.3453125 0.17598343 0.0203125 0.02898550
0 0.50273437 0.15113871 0.01015625 0.02484472
0 0.33359375 0.14596273 0.0125 0.01656314
0 0.40078125 0.13405797 0.009375 0.01345755
0 0.61484375 0.12784679 0.0109375 0.01552795
0 0.59257812 0.11490683 0.00703125 0.01863354
0 0.55351562 0.10248447 0.01171875 0.01242236
0 0.46484375 0.10196687 0.0140625 0.01345755
0 0.51953125 0.07039337 0.009375 0.01449275
0 0.50078125 0.05486542 0.0078125 0.00828157
0 0.63867187 0.01449275 0.00703125 0.01449275
0 0.2875 0.01397515 0.0171875 0.02380952