0 0.5265625 0.98033126 0.015625 0.02070393
0 0.34921875 0.93322981 0.015625 0.02173913
0 0.33242187 0.92287784 0.02265625 0.01138716
0 0.51835937 0.91459627 0.01015625 0.01552795
0 0.34335937 0.88871635 0.01328125 0.02173913
0 0.42929687 0.87577639 0.01640625 0.01449275
0 0.68671875 0.86076604 0.009375 0.00931677
0 0.665625 0.85662525 0.0171875 0.00931677
0 0.60234375 0.85559006 0.0109375 0.01552795
0 0.53632812 0.84575569 0.01328125 0.01242236
0 0.67382812 0.83902691 0.00859375 0.01345755
0 0.47734375 0.84316770 0.009375 0.02173913
0 0.33515625 0.83643892 0.0109375 0.01449275
0 0.6640625 0.78830227 0.009375 0.01345755
0 0.6484375 0.78623188 0.0109375 0.01345755
0 0.39570312 0.78260869 0.01328125 0.01863354
0 0.31601562 0.77743271 0.01328125 0.01035196
0 0.42109375 0.77795031 0.0140625 0.01966873
0 0.35 0.77122153 0.009375 0.01863354
0 0.49296875 0.75776397 0.0171875 0.01242236
0 0.52890625 0.75414078 0.0109375 0.01759834
0 0.40742187 0.73602484 0.01171875 0.01242236
0 0.45234375 0.73084886 0.009375 0.01449275
0 0.58945312 0.73033126 0.01328125 0.01552795
0 0.65 0.72774327 0.015625 0.02070393
0 0.33515625 0.72515527 0.0125 0.01759834
0 0.4359375 0.72722567 0.0171875 0.02380952
0 0.31796875 0.72204968 0.0171875 0.02380952
0 0.61210937 0.71635610 0.01796875 0.03933747
0 0.68125 0.67805383 0.0109375 0.01242236
0 0.54804687 0.67908902 0.01171875 0.01449275
0 0.43085937 0.66718426 0.01015625 0.01759834
0 0.52421875 0.63975155 0.0078125 0.01656314
0 0.59335937 0.62991718 0.01484375 0.01345755
0 0.40546875 0.62732919 0.0125 0.01035196
0 0.66992187 0.61128364 0.01171875 0.01345755
0 0.37148437 0.58954451 0.01328125 0.01759834
0 0.31132812 0.58178053 0.01328125 0.01656314
0 0.51210937 0.57349896 0.01015625 0.01242236
0 0.38945312 0.54606625 0.00859375 0.01759834
0 0.4796875 0.54347826 0.0140625 0.01656314
0 0.37070312 0.54296066 0.01015625 0.01552795
0 0.35664062 0.52018633 0.01171875 0.01138716
0 0.49296875 0.51708074 0.009375 0.01552795
0 0.30429687 0.49223602 0.01015625 0.01345755
0 0.37578125 0.49275362 0.0140625 0.01863354
0 0.39726562 0.47826086 0.01328125 0.01656314
0 0.6671875 0.46480331 0.0078125 0.01035196
0 0.340625 0.46946169 0.0171875 0.02380952
0 0.60234375 0.44875776 0.0171875 0.02380952
0 0.36523437 0.42908902 0.01640625 0.02173913
0 0.49257812 0.42080745 0.01171875 0.01345755
0 0.51953125 0.42028985 0.0140625 0.01449275
0 0.33085937 0.41666666 0.01171875 0.01552795
0 0.5953125 0.37629399 0.0109375 0.02173913
0 0.31679687 0.37888198 0.03046875 0.02898550
0 0.4484375 0.36956521 0.0140625 0.01656314
0 0.61484375 0.35921325 0.0140625 0.01035196
0 0.62421875 0.34523809 0.009375 0.01345755
0 0.375 0.33695652 0.0171875 0.02380952
0 0.4671875 0.33281573 0.0171875 0.02380952
0 0.50820312 0.32401656 0.01484375 0.03519668
0 0.41132812 0.31469979 0.01328125 0.01656314
0 0.534375 0.30848861 0.0125 0.01656314
0 0.5578125 0.30952380 0.015625 0.02070393
0 0.4 0.30072463 0.0125 0.01552795
0 0.48242187 0.27432712 0.01484375 0.01035196
0 0.353125 0.27380952 0.0171875 0.02380952
0 0.61757812 0.25621118 0.01171875 0.01759834
0 0.33359375 0.25103519 0.015625 0.02587991
0 0.59609375 0.24016563 0.0125 0.01449275
0 0.621875 0.22619047 0.009375 0.01345755
0 0.5234375 0.22412008 0.009375 0.01138716
0 0.50078125 0.22412008 0.009375 0.01759834
0 0.45351562 0.23343685 0.01328125 0.03830227
0 0.40664062 0.22670807 0.01796875 0.03105590
0 0.54335937 0.18737060 0.01015625 0.01242236
0 0.62070312 0.18892339 0.01015625 0.01966873
0 0.62734375 0.16511387 0.0171875 0.02380952
0 0.42460937 0.15217391 0.02578125 0.01035196
0 0.40976562 0.13975155 0.02109375 0.02484472
0 0.6125 0.12525879 0.0109375 0.01449275
0 0.64453125 0.11542443 0.01875 0.01345755
0 0.45703125 0.09627329 0.0296875 0.03105590
0 0.59921875 0.06418219 0.0125 0.01242236
0 0.38320312 0.06314699 0.02109375 0.01035196
0 0.421875 0.05331262 0.009375 0.02173913
0 0.47890625 0.03830227 0.0140625 0.01863354
0 0.4515625 0.00931677 0.0109375 0.01863354
0 0.315625 0.01086956 0.0171875 0.02173913