0 0.40625 0.88975155 0.0203125 0.01552795
0 0.45820312 0.89130434 0.02109375 0.02484472
0 0.37539062 0.76966873 0.01640625 0.01552795
0 0.6578125 0.74223602 0.015625 0.02484472
0 0.559375 0.64026915 0.0234375 0.01966873
0 0.38125 0.52329192 0.015625 0.02380952
0 0.59296875 0.47515527 0.0234375 0.02277432
0 0.4578125 0.43788819 0.0171875 0.01449275
0 0.57148437 0.40476190 0.01328125 0.02691511
0 0.4359375 0.37784679 0.0140625 0.01656314
0 0.48476562 0.33799171 0.03046875 0.02173913
0 0.42265625 0.30538302 0.0296875 0.04140786
0 0.52773437 0.27432712 0.01640625 0.02484472
0 0.57304687 0.12474120 0.01171875 0.02173913