0 0.48046875 0.97981366 0.025 0.02173913
0 0.60195312 0.97774327 0.02578125 0.03002070
0 0.67226562 0.91407867 0.01640625 0.01863354
0 0.6609375 0.88768115 0.0203125 0.02380952
0 0.6125 0.87267080 0.015625 0.01863354
0 0.42265625 0.80072463 0.01875 0.01759834
0 0.29492187 0.78571428 0.01328125 0.01656314
0 0.36835937 0.70703933 0.01953125 0.02277432
0 0.68398437 0.66821946 0.01484375 0.01759834
0 0.39882812 0.62629399 0.01796875 0.01449275
0 0.44296875 0.61128364 0.025 0.03002070
0 0.64179687 0.59523809 0.01171875 0.01863354
0 0.3328125 0.58695652 0.015625 0.02277432
0 0.52226562 0.55124223 0.02578125 0.02795031
0 0.68242187 0.40942028 0.01484375 0.02380952
0 0.5359375 0.39906832 0.01875 0.03002070
0 0.48359375 0.37267080 0.0109375 0.01242236
0 0.55429687 0.29865424 0.02109375 0.01759834
0 0.34023437 0.22256728 0.02421875 0.03105590
0 0.41015625 0.21894409 0.0296875 0.03002070
0 0.54023437 0.19047619 0.01640625 0.02691511
0 0.58710937 0.17391304 0.01484375 0.02070393
0 0.50859375 0.11697722 0.0171875 0.02277432
0 0.53554687 0.05797101 0.00546875 0.03312629
0 0.49140625 0.05538302 0.021875 0.03623188
0 0.45234375 0.03778467 0.01875 0.01966873