0 0.37695312 0.91149068 0.00859375 0.02380952
0 0.4 0.89544513 0.0140625 0.01656314
0 0.35546875 0.88457556 0.0203125 0.01345755
0 0.51367187 0.88509316 0.01953125 0.02484472
0 0.59414062 0.87577639 0.01328125 0.01656314
0 0.31328125 0.87836438 0.0171875 0.02380952
0 0.66835937 0.87163561 0.01015625 0.01242236
0 0.43671875 0.87681159 0.009375 0.02898550
0 0.38242187 0.87111801 0.01015625 0.01759834
0 0.46992187 0.86231884 0.01171875 0.01656314
0 0.39804687 0.84886128 0.00859375 0.01242236
0 0.29804687 0.84368530 0.01328125 0.01656314
0 0.6703125 0.83695652 0.0078125 0.01552795
0 0.38828125 0.83178053 0.025 0.01966873
0 0.54882812 0.82246376 0.02109375 0.03830227
0 0.56484375 0.76966873 0.0109375 0.01138716
0 0.65078125 0.77380952 0.0171875 0.02380952
0 0.46328125 0.77380952 0.0171875 0.02380952
0 0.42109375 0.75207039 0.0078125 0.01759834
0 0.64101562 0.74327122 0.00859375 0.01242236
0 0.32578125 0.74430641 0.009375 0.01449275
0 0.41367187 0.73033126 0.01171875 0.01345755
0 0.46835937 0.72981366 0.01328125 0.01656314
0 0.49453125 0.71790890 0.0109375 0.01345755
0 0.29648437 0.71480331 0.01640625 0.02380952
0 0.64570312 0.71583850 0.01171875 0.02795031
0 0.40703125 0.70910973 0.0125 0.01656314
0 0.35625 0.71428571 0.01875 0.02691511
0 0.52773437 0.70652173 0.01171875 0.01759834
0 0.61992187 0.69927536 0.00859375 0.01345755
0 0.56640625 0.65527950 0.015625 0.01863354
0 0.45625 0.64958592 0.0125 0.01966873
0 0.58046875 0.63819875 0.0125 0.01759834
0 0.63359375 0.63095238 0.009375 0.02380952
0 0.52734375 0.61335403 0.0140625 0.00931677
0 0.66757812 0.61438923 0.01328125 0.01345755
0 0.60390625 0.61387163 0.0171875 0.01863354
0 0.47851562 0.58954451 0.01640625 0.02795031
0 0.58164062 0.58229813 0.01484375 0.01759834
0 0.66445312 0.55797101 0.01015625 0.01242236
0 0.35234375 0.55020703 0.0078125 0.02173913
0 0.371875 0.54917184 0.0171875 0.02380952
0 0.30742187 0.54761904 0.01328125 0.02484472
0 0.3828125 0.52070393 0.0109375 0.01242236
0 0.528125 0.51966873 0.0109375 0.01242236
0 0.51132812 0.51242236 0.01171875 0.01449275
0 0.596875 0.50155279 0.0078125 0.01345755
0 0.56367187 0.47101449 0.00859375 0.01242236
0 0.34726562 0.46273291 0.01171875 0.01863354
0 0.33125 0.46221532 0.0171875 0.02380952
0 0.6 0.43840579 0.0140625 0.01552795
0 0.56132812 0.43374741 0.01015625 0.01242236
0 0.409375 0.42391304 0.0109375 0.01552795
0 0.38398437 0.42132505 0.01171875 0.01242236
0 0.55234375 0.41511387 0.0140625 0.03519668
0 0.3703125 0.39803312 0.0109375 0.02380952
0 0.33867187 0.39285714 0.01171875 0.01552795
0 0.45390625 0.37474120 0.0109375 0.01656314
0 0.403125 0.35351966 0.0171875 0.02380952
0 0.5375 0.34730848 0.0109375 0.01966873
0 0.52148437 0.34368530 0.00859375 0.01449275
0 0.58554687 0.31418219 0.01953125 0.01966873
0 0.41523437 0.31004140 0.00859375 0.01552795
0 0.56132812 0.28881987 0.00859375 0.01242236
0 0.33867187 0.27484472 0.01171875 0.00931677
0 0.49257812 0.26759834 0.00859375 0.01138716
0 0.45859375 0.26811594 0.0109375 0.01242236
0 0.48046875 0.26397515 0.0078125 0.01035196
0 0.609375 0.22981366 0.0109375 0.01656314
0 0.64882812 0.21014492 0.01171875 0.02070393
0 0.44960937 0.19616977 0.01171875 0.02380952
0 0.38242187 0.18581780 0.02890625 0.02587991
0 0.52304687 0.17857142 0.01484375 0.01552795
0 0.34257812 0.15062111 0.00703125 0.01138716
0 0.4421875 0.15993788 0.0234375 0.04451345
0 0.63945312 0.12681159 0.01484375 0.01759834
0 0.55078125 0.11076604 0.0078125 0.01863354
0 0.4796875 0.10973084 0.0125 0.01656314
0 0.60039062 0.09679089 0.01171875 0.01345755
0 0.53554687 0.09057971 0.02421875 0.02380952
0 0.42851562 0.08540372 0.01328125 0.01759834
0 0.47148437 0.08126293 0.00859375 0.02587991
0 0.36796875 0.06832298 0.0109375 0.01449275
0 0.34335937 0.06469979 0.01015625 0.01138716
0 0.61679687 0.04037267 0.00859375 0.01449275
0 0.66796875 0.02484472 0.015625 0.01863354