0 0.40625 0.97412008 0.01875 0.01863354
0 0.69921875 0.93064182 0.009375 0.01863354
0 0.68125 0.91459627 0.0125 0.01759834
0 0.434375 0.91252587 0.0109375 0.01966873
0 0.59257812 0.90786749 0.01796875 0.01449275
0 0.56992187 0.87836438 0.00859375 0.01552795
0 0.6 0.87629399 0.009375 0.01552795
0 0.29882812 0.87008281 0.01171875 0.01552795
0 0.44023437 0.86438923 0.01640625 0.01656314
0 0.41601562 0.85973084 0.01015625 0.01966873
0 0.6421875 0.85041407 0.009375 0.01345755
0 0.60820312 0.83592132 0.01484375 0.01759834
0 0.375 0.82763975 0.0078125 0.01345755
0 0.39960937 0.82971014 0.02265625 0.02380952
0 0.603125 0.81469979 0.0109375 0.01242236
0 0.4734375 0.79865424 0.009375 0.01552795
0 0.37578125 0.78467908 0.0109375 0.01656314
0 0.34609375 0.78157349 0.0125 0.03312629
0 0.46953125 0.76759834 0.0171875 0.02380952
0 0.31015625 0.75672877 0.009375 0.01449275
0 0.58359375 0.75569358 0.009375 0.01449275
0 0.49648437 0.75569358 0.01171875 0.01449275
0 0.52382812 0.74430641 0.01328125 0.01449275
0 0.37226562 0.73757763 0.01171875 0.01345755
0 0.49882812 0.73706004 0.01328125 0.01449275
0 0.30039062 0.73343685 0.01171875 0.01552795
0 0.50390625 0.70859213 0.0140625 0.01759834
0 0.38671875 0.69513457 0.01875 0.01138716
0 0.52460937 0.69099378 0.01640625 0.02795031
0 0.4828125 0.68788819 0.0171875 0.02380952
0 0.64726562 0.67960662 0.01015625 0.01552795
0 0.35351562 0.67546583 0.01640625 0.02587991
0 0.44296875 0.67132505 0.0140625 0.01966873
0 0.64570312 0.64958592 0.01328125 0.01345755
0 0.59960937 0.64492753 0.01953125 0.01656314
0 0.39140625 0.63923395 0.0109375 0.01345755
0 0.65898437 0.63975155 0.01484375 0.03312629
0 0.64921875 0.60403726 0.0171875 0.01138716
0 0.665625 0.60610766 0.0125 0.01759834
0 0.60078125 0.59679089 0.0171875 0.01138716
0 0.51796875 0.59109730 0.0109375 0.01449275
0 0.4171875 0.58747412 0.0109375 0.01345755
0 0.31953125 0.58643892 0.0109375 0.02173913
0 0.38515625 0.57712215 0.0171875 0.02380952
0 0.67539062 0.56521739 0.01171875 0.01863354
0 0.52539062 0.54658385 0.00703125 0.01449275
0 0.29335937 0.52432712 0.01015625 0.01759834
0 0.40820312 0.51345755 0.01015625 0.01449275
0 0.65351562 0.51035196 0.02109375 0.01242236
0 0.59609375 0.51604554 0.0171875 0.02380952
0 0.31875 0.51035196 0.0109375 0.01449275
0 0.62695312 0.49948240 0.01015625 0.01552795
0 0.52773437 0.49068322 0.01484375 0.01449275
0 0.49882812 0.49068322 0.01484375 0.01656314
0 0.60507812 0.48654244 0.01171875 0.01656314
0 0.51328125 0.47981366 0.0109375 0.01552795
0 0.34648437 0.47153209 0.01015625 0.01552795
0 0.44804687 0.46842650 0.01484375 0.01552795
0 0.53632812 0.46014492 0.01171875 0.01345755
0 0.571875 0.46066252 0.0125 0.01656314
0 0.62578125 0.44409937 0.0078125 0.01035196
0 0.47617187 0.39648033 0.02109375 0.02898550
0 0.41132812 0.36180124 0.01015625 0.01345755
0 0.45585937 0.34213250 0.01484375 0.01552795
0 0.56015625 0.33799171 0.009375 0.01138716
0 0.33320312 0.32712215 0.01328125 0.02070393
0 0.48242187 0.31314699 0.01015625 0.01552795
0 0.375 0.31625258 0.0171875 0.02380952
0 0.46328125 0.30848861 0.0109375 0.01656314
0 0.56757812 0.29347826 0.01015625 0.01552795
0 0.48476562 0.28881987 0.01015625 0.01656314
0 0.58007812 0.28674948 0.00703125 0.01656314
0 0.53125 0.27950310 0.0109375 0.01035196
0 0.5125 0.27329192 0.009375 0.01035196
0 0.64335937 0.27122153 0.01015625 0.02484472
0 0.4703125 0.26501035 0.01875 0.02898550
0 0.40039062 0.25828157 0.00859375 0.01552795
0 0.50546875 0.25672877 0.009375 0.01656314
0 0.36328125 0.25931677 0.0125 0.02173913
0 0.38632812 0.25 0.01015625 0.01345755
0 0.5546875 0.24068322 0.0203125 0.02587991
0 0.44648437 0.22101449 0.00859375 0.01552795
0 0.33515625 0.21583850 0.0171875 0.02380952
0 0.42070312 0.19824016 0.00703125 0.02380952
0 0.434375 0.16252587 0.0078125 0.01656314
0 0.44023437 0.12318840 0.01015625 0.01449275
0 0.45625 0.12008281 0.0171875 0.01863354
0 0.50117187 0.10921325 0.01171875 0.01552795
0 0.55664062 0.10455486 0.01328125 0.01035196
0 0.37070312 0.07867494 0.01328125 0.03519668
0 0.5875 0.06004140 0.009375 0.01035196
0 0.57421875 0.00465838 0.0078125 0.00931677