0 0.53476562 0.96428571 0.01484375 0.01759834
0 0.30820312 0.92960662 0.01953125 0.01863354
0 0.42851562 0.84782608 0.01484375 0.02070393
0 0.50546875 0.83695652 0.0234375 0.03416149
0 0.45898437 0.81780538 0.01484375 0.02070393
0 0.36835937 0.78674948 0.01484375 0.00828157
0 0.66875 0.75465838 0.0125 0.01449275
0 0.43789062 0.73757763 0.01171875 0.01966873
0 0.6703125 0.70393374 0.0078125 0.02277432
0 0.45039062 0.68064182 0.01328125 0.01552795
0 0.42890625 0.60973084 0.0140625 0.01656314
0 0.52148437 0.59161490 0.01328125 0.02173913
0 0.459375 0.56314699 0.0203125 0.02277432
0 0.66171875 0.54140786 0.0078125 0.01863354
0 0.43554687 0.52950310 0.01015625 0.01345755
0 0.59414062 0.53157349 0.01484375 0.02173913
0 0.32421875 0.38819875 0.0171875 0.03105590
0 0.65507812 0.37474120 0.01640625 0.02484472
0 0.4921875 0.28881987 0.0234375 0.02898550
0 0.4328125 0.23654244 0.0078125 0.00931677
0 0.34609375 0.16459627 0.025 0.02898550
0 0.36523437 0.09006211 0.01328125 0.01449275
0 0.64335937 0.09109730 0.01640625 0.02070393
0 0.459375 0.08229813 0.015625 0.01759834
0 0.52226562 0.04451345 0.01328125 0.01035196
0 0.46132812 0.04658385 0.01484375 0.02484472
0 0.66679687 0.02329192 0.01796875 0.01552795