0 0.42421875 0.97929606 0.01875 0.01449275
0 0.40703125 0.95134575 0.0078125 0.01656314
0 0.32539062 0.94824016 0.02265625 0.02898550
0 0.42226562 0.93788819 0.01640625 0.02898550
0 0.44960937 0.93685300 0.02890625 0.03519668
0 0.421875 0.91149068 0.0140625 0.01759834
0 0.4984375 0.90424430 0.009375 0.01345755
0 0.52578125 0.90320910 0.0125 0.01759834
0 0.61054687 0.88871635 0.01328125 0.01966873
0 0.66796875 0.87525879 0.0109375 0.02173913
0 0.42148437 0.86749482 0.01328125 0.01449275
0 0.4859375 0.86490683 0.009375 0.01759834
0 0.36601562 0.85455486 0.01171875 0.00931677
0 0.29453125 0.83022774 0.009375 0.01242236
0 0.44375 0.82349896 0.0171875 0.02380952
0 0.390625 0.81314699 0.009375 0.01759834
0 0.31992187 0.77743271 0.01484375 0.01656314
0 0.49375 0.77225672 0.0109375 0.01035196
0 0.35664062 0.77639751 0.00859375 0.02070393
0 0.37773437 0.77691511 0.01484375 0.02380952
0 0.5921875 0.77070393 0.0109375 0.01345755
0 0.62148437 0.76708074 0.01328125 0.01242236
0 0.61289062 0.74120082 0.01015625 0.01242236
0 0.45273437 0.72619047 0.01484375 0.01759834
0 0.40273437 0.72204968 0.01484375 0.01759834
0 0.37617187 0.71221532 0.02578125 0.02070393
0 0.63828125 0.69358178 0.009375 0.00828157
0 0.396875 0.68322981 0.0140625 0.03105590
0 0.31132812 0.61438923 0.01015625 0.01759834
0 0.37890625 0.60973084 0.015625 0.01863354
0 0.57773437 0.60144927 0.01171875 0.01449275
0 0.55625 0.60300207 0.0125 0.02380952
0 0.39804687 0.57246376 0.01953125 0.01242236
0 0.65507812 0.57142857 0.01015625 0.01656314
0 0.63828125 0.56521739 0.0140625 0.01863354
0 0.525 0.56469979 0.015625 0.01966873
0 0.62578125 0.54192546 0.0078125 0.01345755
0 0.63984375 0.53364389 0.021875 0.01966873
0 0.37460937 0.52795031 0.02109375 0.01035196
0 0.5078125 0.51345755 0.0109375 0.01449275
0 0.54296875 0.51138716 0.009375 0.01449275
0 0.525 0.51501035 0.0140625 0.02380952
0 0.30078125 0.50621118 0.009375 0.01449275
0 0.4390625 0.50621118 0.0109375 0.01656314
0 0.59960937 0.50155279 0.01015625 0.01345755
0 0.40742187 0.49948240 0.00859375 0.02380952
0 0.44101562 0.47308488 0.01015625 0.01449275
0 0.41523437 0.45548654 0.01171875 0.01863354
0 0.46015625 0.44927536 0.0109375 0.01449275
0 0.31132812 0.44151138 0.00859375 0.01345755
0 0.38515625 0.43322981 0.0078125 0.03002070
0 0.6671875 0.41925465 0.0125 0.01656314
0 0.36054687 0.40476190 0.00859375 0.01242236
0 0.5703125 0.41407867 0.01875 0.03312629
0 0.46171875 0.39906832 0.0171875 0.03002070
0 0.33554687 0.39337474 0.02109375 0.02070393
0 0.50429687 0.39130434 0.01171875 0.02484472
0 0.39140625 0.38975155 0.0171875 0.02380952
0 0.54023437 0.37111801 0.02265625 0.02173913
0 0.65507812 0.35817805 0.00703125 0.01035196
0 0.53203125 0.35351966 0.0078125 0.01345755
0 0.48007812 0.35714285 0.02578125 0.02070393
0 0.36171875 0.33385093 0.01875 0.01345755
0 0.41484375 0.30020703 0.009375 0.01449275
0 0.47304687 0.29451345 0.01171875 0.01345755
0 0.4828125 0.27691511 0.009375 0.01345755
0 0.49921875 0.26708074 0.0265625 0.03105590
0 0.45703125 0.25103519 0.0125 0.01552795
0 0.59453125 0.24171842 0.009375 0.01345755
0 0.43046875 0.24171842 0.009375 0.01552795
0 0.43710937 0.19927536 0.01015625 0.01345755
0 0.38710937 0.19720496 0.01640625 0.01759834
0 0.55117187 0.18995859 0.01015625 0.01552795
0 0.41875 0.15786749 0.009375 0.01345755
0 0.55976562 0.15993788 0.01328125 0.01966873
0 0.58203125 0.14855072 0.0078125 0.01345755
0 0.4875 0.14544513 0.0109375 0.01138716
0 0.50625 0.13612836 0.0140625 0.01759834
0 0.39101562 0.12991718 0.01015625 0.01552795
0 0.57851562 0.11076604 0.01171875 0.01656314
0 0.51914062 0.09937888 0.01328125 0.01656314
0 0.60273437 0.09989648 0.02109375 0.01966873
0 0.584375 0.06987577 0.009375 0.01345755
0 0.34492187 0.06677018 0.01328125 0.00931677
0 0.58359375 0.05020703 0.0171875 0.02380952
0 0.40546875 0.01863354 0.0140625 0.02691511
0 0.57578125 0.01293995 0.01875 0.01759834