0 0.6203125 0.77225672 0.021875 0.02277432
0 0.49921875 0.76708074 0.0234375 0.02277432
0 0.56132812 0.75724637 0.03359375 0.05279503
0 0.60390625 0.70548654 0.0265625 0.04658385
0 0.59101562 0.64648033 0.01796875 0.02173913
0 0.59453125 0.53674948 0.021875 0.03830227
0 0.5109375 0.50672877 0.0140625 0.01966873
0 0.34453125 0.51345755 0.0328125 0.03519668
0 0.45742187 0.45238095 0.01640625 0.03105590
0 0.6203125 0.40165631 0.015625 0.02277432
0 0.51328125 0.33540372 0.0171875 0.01242236
0 0.5078125 0.29606625 0.015625 0.02484472
0 0.52773437 0.27432712 0.01640625 0.02484472
0 0.52929687 0.22412008 0.01484375 0.02380952
0 0.44335937 0.20962732 0.02421875 0.01966873
0 0.37109375 0.07971014 0.0140625 0.05175983