0 0.48320312 0.89026915 0.01796875 0.02484472
0 0.41953125 0.87474120 0.0171875 0.01656314
0 0.53867187 0.84368530 0.02109375 0.02691511
0 0.584375 0.84316770 0.0203125 0.02795031
0 0.67226562 0.83643892 0.01953125 0.05175983
0 0.33359375 0.78571428 0.015625 0.04968944
0 0.39140625 0.76501035 0.01875 0.02070393
0 0.35898437 0.73395445 0.01484375 0.01449275
0 0.55742187 0.65269151 0.01171875 0.02173913
0 0.43515625 0.53881987 0.040625 0.03830227
0 0.40703125 0.51552795 0.0203125 0.02691511
0 0.51210937 0.48240165 0.05859375 0.04347826
0 0.4359375 0.37474120 0.0140625 0.02277432
0 0.63359375 0.32660455 0.01875 0.02173913
0 0.42265625 0.27432712 0.0296875 0.02070393
0 0.52773437 0.27432712 0.01640625 0.02484472
0 0.59765625 0.23964803 0.0203125 0.02795031
0 0.58164062 0.12370600 0.02890625 0.04037267
0 0.621875 0.08178053 0.0140625 0.02898550