0 0.61640625 0.99327122 0.0125 0.01345755
0 0.53085937 0.95134575 0.01953125 0.01242236
0 0.60078125 0.94461697 0.0078125 0.02380952
0 0.37148437 0.91252587 0.02734375 0.03416149
0 0.42851562 0.89285714 0.01015625 0.01138716
0 0.58671875 0.89492753 0.0171875 0.02380952
0 0.54492187 0.89130434 0.01328125 0.01656314
0 0.5484375 0.86697722 0.0171875 0.02380952
0 0.44765625 0.86438923 0.0078125 0.01863354
0 0.6328125 0.85869565 0.009375 0.01345755
0 0.36601562 0.85455486 0.01171875 0.01345755
0 0.58828125 0.85351966 0.0171875 0.02380952
0 0.35 0.83333333 0.0125 0.01449275
0 0.39609375 0.83281573 0.021875 0.02173913
0 0.46523437 0.82039337 0.01328125 0.01138716
0 0.42382812 0.81469979 0.00859375 0.01242236
0 0.47148437 0.78157349 0.00859375 0.01656314
0 0.64453125 0.78002070 0.0125 0.02380952
0 0.3390625 0.76190476 0.0109375 0.01449275
0 0.40546875 0.75828157 0.0140625 0.01759834
0 0.56289062 0.75414078 0.00859375 0.01345755
0 0.38242187 0.76035196 0.02734375 0.02795031
0 0.6421875 0.74068322 0.015625 0.02173913
0 0.6734375 0.73861283 0.0171875 0.02380952
0 0.4828125 0.72774327 0.01875 0.01242236
0 0.365625 0.72929606 0.0078125 0.01966873
0 0.459375 0.71428571 0.0125 0.02070393
0 0.30117187 0.72877846 0.01796875 0.05383022
0 0.5125 0.70445134 0.009375 0.01345755
0 0.64140625 0.69927536 0.009375 0.01552795
0 0.67421875 0.67546583 0.0078125 0.01345755
0 0.43164062 0.67339544 0.01640625 0.01345755
0 0.446875 0.66718426 0.0125 0.01552795
0 0.61289062 0.64648033 0.00703125 0.01138716
0 0.66054687 0.64078674 0.01015625 0.01035196
0 0.5890625 0.64751552 0.0140625 0.02587991
0 0.32890625 0.62474120 0.025 0.02587991
0 0.30546875 0.61180124 0.015625 0.01656314
0 0.33125 0.60403726 0.01875 0.01759834
0 0.55703125 0.60507246 0.0171875 0.02380952
0 0.48242187 0.58695652 0.01328125 0.01449275
0 0.35273437 0.58333333 0.01484375 0.01552795
0 0.66289062 0.56832298 0.01015625 0.01449275
0 0.51484375 0.55538302 0.009375 0.01759834
0 0.47304687 0.54451345 0.01171875 0.01242236
0 0.496875 0.54089026 0.0203125 0.01345755
0 0.38125 0.52122153 0.009375 0.01138716
0 0.40351562 0.51759834 0.01015625 0.01449275
0 0.65625 0.50983436 0.0140625 0.01966873
0 0.6296875 0.51035196 0.015625 0.02691511
0 0.553125 0.49741200 0.0125 0.01552795
0 0.6296875 0.45807453 0.015625 0.01138716
0 0.29453125 0.44720496 0.0125 0.01656314
0 0.6421875 0.40786749 0.009375 0.01449275
0 0.58125 0.41252587 0.0125 0.02587991
0 0.33125 0.40476190 0.0125 0.01863354
0 0.484375 0.39078674 0.0125 0.01345755
0 0.30742187 0.38561076 0.01171875 0.01552795
0 0.59492187 0.38146997 0.01171875 0.01138716
0 0.57265625 0.35817805 0.009375 0.01035196
0 0.62890625 0.35248447 0.0078125 0.00931677
0 0.37929687 0.34420289 0.01171875 0.01345755
0 0.56210937 0.32919254 0.01328125 0.02484472
0 0.46171875 0.32142857 0.0171875 0.02380952
0 0.64179687 0.32194616 0.01640625 0.03105590
0 0.50859375 0.30331262 0.0140625 0.01035196
0 0.52265625 0.29089026 0.0234375 0.01242236
0 0.37695312 0.28830227 0.01328125 0.01345755
0 0.353125 0.28830227 0.025 0.02380952
0 0.59296875 0.25724637 0.0171875 0.02380952
0 0.40390625 0.24068322 0.0125 0.01345755
0 0.525 0.22308488 0.009375 0.01345755
0 0.59101562 0.19772256 0.00859375 0.01035196
0 0.43710937 0.19927536 0.01328125 0.01552795
0 0.51835937 0.19202898 0.01015625 0.01345755
0 0.62265625 0.19099378 0.0171875 0.02380952
0 0.50625 0.16045548 0.009375 0.01035196
0 0.54257812 0.15890269 0.01484375 0.00931677
0 0.36601562 0.15424430 0.01640625 0.01656314
0 0.55859375 0.13043478 0.015625 0.01035196
0 0.5421875 0.13302277 0.0109375 0.01966873
0 0.6203125 0.13198757 0.0203125 0.03002070
0 0.59375 0.09420289 0.0078125 0.01863354
0 0.63320312 0.06832298 0.01953125 0.02070393
0 0.671875 0.03933747 0.0171875 0.01035196
0 0.63007812 0.02018633 0.00703125 0.02795031
0 0.3359375 0.01397515 0.0109375 0.01552795