0 0.31367187 0.98188405 0.01171875 0.01759834
0 0.59609375 0.98395445 0.0171875 0.02380952
0 0.43515625 0.97981366 0.0171875 0.02380952
0 0.54765625 0.97670807 0.0171875 0.02380952
0 0.284375 0.92908902 0.0109375 0.01552795
0 0.37148437 0.91200828 0.01640625 0.01449275
0 0.38828125 0.89803312 0.0109375 0.01552795
0 0.4453125 0.89337474 0.0078125 0.01035196
0 0.60703125 0.88146997 0.0171875 0.02380952
0 0.48984375 0.87060041 0.0421875 0.03312629
0 0.63710937 0.86024844 0.02265625 0.03312629
0 0.421875 0.84886128 0.009375 0.01656314
0 0.38867187 0.83850931 0.02578125 0.02070393
0 0.60742187 0.83436853 0.01015625 0.01449275
0 0.42460937 0.83022774 0.02734375 0.01863354
0 0.57109375 0.82401656 0.0171875 0.02898550
0 0.54492187 0.81728778 0.01484375 0.01759834
0 0.38125 0.81573498 0.0140625 0.03312629
0 0.4703125 0.80175983 0.0171875 0.02380952
0 0.315625 0.79761904 0.0171875 0.02380952
0 0.421875 0.79658385 0.0234375 0.02587991
0 0.56484375 0.78726708 0.009375 0.01138716
0 0.33203125 0.78312629 0.009375 0.01345755
0 0.315625 0.75103519 0.0109375 0.01759834
0 0.45546875 0.74068322 0.0203125 0.01345755
0 0.43515625 0.74378881 0.0171875 0.02380952
0 0.63398437 0.73291925 0.02421875 0.02898550
0 0.52929687 0.72412008 0.01015625 0.01138716
0 0.39570312 0.70703933 0.02578125 0.02484472
0 0.47382812 0.69409937 0.01796875 0.01138716
0 0.6765625 0.66977225 0.009375 0.01863354
0 0.51953125 0.66200828 0.009375 0.01966873
0 0.58671875 0.63302277 0.0171875 0.02380952
0 0.346875 0.62422360 0.0109375 0.01449275
0 0.52695312 0.61542443 0.01484375 0.02587991
0 0.67851562 0.60041407 0.02578125 0.03105590
0 0.65117187 0.59109730 0.00859375 0.01656314
0 0.49414062 0.57763975 0.01171875 0.01242236
0 0.4359375 0.56366459 0.0109375 0.01345755
0 0.43320312 0.54089026 0.01640625 0.02173913
0 0.39570312 0.53002070 0.00859375 0.01242236
0 0.67539062 0.52639751 0.01015625 0.01138716
0 0.596875 0.52329192 0.0171875 0.02380952
0 0.30976562 0.50672877 0.01015625 0.01345755
0 0.54765625 0.5 0.0109375 0.01242236
0 0.57539062 0.48395445 0.02421875 0.01966873
0 0.6109375 0.47670807 0.015625 0.01759834
0 0.4859375 0.46997929 0.0109375 0.01449275
0 0.37539062 0.46532091 0.01484375 0.01552795
0 0.52890625 0.42132505 0.0140625 0.01863354
0 0.52382812 0.40062111 0.01171875 0.01449275
0 0.56289062 0.40113871 0.01953125 0.02380952
0 0.64960937 0.40010351 0.01328125 0.02587991
0 0.45039062 0.38871635 0.01171875 0.01345755
0 0.53242187 0.36594202 0.01015625 0.01759834
0 0.6515625 0.36594202 0.009375 0.01966873
0 0.32695312 0.35455486 0.01484375 0.02380952
0 0.45273437 0.34782608 0.01328125 0.02277432
0 0.49023437 0.34057971 0.01015625 0.01449275
0 0.47539062 0.31677018 0.01171875 0.01656314
0 0.421875 0.30486542 0.0125 0.02795031
0 0.5984375 0.28002070 0.0171875 0.02380952
0 0.51875 0.26086956 0.0109375 0.01449275
0 0.47890625 0.25207039 0.0125 0.01759834
0 0.57539062 0.22981366 0.01015625 0.01242236
0 0.59140625 0.22670807 0.0109375 0.01449275
0 0.38320312 0.22360248 0.01328125 0.01863354
0 0.40351562 0.20289855 0.01484375 0.01863354
0 0.34375 0.18271221 0.0109375 0.01552795
0 0.51953125 0.14440993 0.0125 0.01345755
0 0.48984375 0.11594202 0.0203125 0.01449275
0 0.4609375 0.11697722 0.021875 0.01656314
0 0.37421875 0.10093167 0.0171875 0.02380952
0 0.3375 0.07246376 0.009375 0.01242236
0 0.38359375 0.06004140 0.009375 0.01449275
0 0.44375 0.05693581 0.0140625 0.02070393
0 0.35820312 0.03933747 0.01171875 0.01449275
0 0.46328125 0.04192546 0.015625 0.03623188
0 0.64023437 0.02691511 0.01796875 0.01863354
0 0.44882812 0.00931677 0.01640625 0.01863354
0 0.39765625 0.00569358 0.0125 0.01138716