0 0.56835937 0.98136645 0.01796875 0.02277432
0 0.634375 0.97153209 0.0171875 0.01759834
0 0.44179687 0.96066252 0.01328125 0.01035196
0 0.36796875 0.95082815 0.0171875 0.02380952
0 0.38945312 0.92443064 0.01640625 0.01656314
0 0.68007812 0.91873706 0.02421875 0.02380952
0 0.50585937 0.90786749 0.01171875 0.01449275
0 0.31171875 0.91149068 0.0171875 0.02380952
0 0.49140625 0.89233954 0.009375 0.01449275
0 0.65625 0.86438923 0.015625 0.02070393
0 0.44335937 0.85817805 0.00859375 0.01035196
0 0.68554687 0.85662525 0.01171875 0.02380952
0 0.51132812 0.84937888 0.01328125 0.01552795
0 0.465625 0.84265010 0.0171875 0.02898550
0 0.490625 0.83229813 0.0140625 0.01656314
0 0.40546875 0.82349896 0.0109375 0.01138716
0 0.30390625 0.79865424 0.0125 0.01138716
0 0.5921875 0.79968944 0.0171875 0.02380952
0 0.60585937 0.77846790 0.01171875 0.01242236
0 0.32578125 0.78467908 0.01875 0.02898550
0 0.36953125 0.77691511 0.015625 0.01552795
0 0.62265625 0.75258799 0.009375 0.01242236
0 0.58125 0.74430641 0.0109375 0.02898550
0 0.67734375 0.73136645 0.0109375 0.01552795
0 0.5609375 0.72515527 0.0125 0.01552795
0 0.38476562 0.72412008 0.01015625 0.01345755
0 0.56796875 0.70859213 0.009375 0.01759834
0 0.63554687 0.71014492 0.01171875 0.02277432
0 0.46953125 0.69254658 0.01875 0.02484472
0 0.62695312 0.66511387 0.01171875 0.01552795
0 0.33242187 0.66356107 0.01484375 0.01449275
0 0.296875 0.64492753 0.0171875 0.01242236
0 0.54882812 0.65734989 0.01328125 0.03933747
0 0.64414062 0.63923395 0.01484375 0.01345755
0 0.603125 0.63716356 0.009375 0.02173913
0 0.334375 0.63043478 0.0125 0.01656314
0 0.4203125 0.59472049 0.0234375 0.02380952
0 0.59804687 0.58954451 0.01328125 0.01759834
0 0.35117187 0.58799171 0.01171875 0.01656314
0 0.48125 0.58178053 0.0125 0.01656314
0 0.665625 0.55848861 0.0140625 0.01966873
0 0.5546875 0.53364389 0.0109375 0.01552795
0 0.50234375 0.52691511 0.009375 0.01242236
0 0.32773437 0.51966873 0.02109375 0.01449275
0 0.4390625 0.50672877 0.009375 0.01345755
0 0.51484375 0.50621118 0.009375 0.02070393
0 0.41875 0.49482401 0.0109375 0.02277432
0 0.31289062 0.48964803 0.01328125 0.01449275
0 0.54296875 0.48654244 0.0203125 0.01242236
0 0.44179687 0.47515527 0.00703125 0.01449275
0 0.56328125 0.47360248 0.0125 0.01552795
0 0.52070312 0.47619047 0.01015625 0.02277432
0 0.58632812 0.47101449 0.01015625 0.01656314
0 0.4078125 0.46118012 0.0109375 0.01552795
0 0.43515625 0.45910973 0.0109375 0.01345755
0 0.47421875 0.45703933 0.0109375 0.01345755
0 0.3515625 0.43633540 0.0171875 0.02380952
0 0.51796875 0.43219461 0.015625 0.02173913
0 0.44179687 0.42184265 0.01328125 0.01552795
0 0.56992187 0.39648033 0.01171875 0.01449275
0 0.478125 0.39130434 0.015625 0.01242236
0 0.65820312 0.38198757 0.01328125 0.01242236
0 0.61484375 0.36853002 0.0171875 0.03519668
0 0.43476562 0.34679089 0.00859375 0.01449275
0 0.39179687 0.32608695 0.01328125 0.01656314
0 0.50976562 0.31521739 0.01640625 0.02587991
0 0.6421875 0.29917184 0.0078125 0.01242236
0 0.521875 0.29037267 0.0109375 0.01345755
0 0.37265625 0.28519668 0.009375 0.01138716
0 0.33359375 0.28519668 0.0125 0.01345755
0 0.63046875 0.26863354 0.0109375 0.03209109
0 0.553125 0.25621118 0.0171875 0.02380952
0 0.41875 0.25103519 0.0171875 0.02587991
0 0.4421875 0.18892339 0.0078125 0.01552795
0 0.51015625 0.18271221 0.0109375 0.01759834
0 0.64296875 0.16873706 0.0125 0.02070393
0 0.6234375 0.16407867 0.0109375 0.01345755
0 0.3765625 0.12836438 0.0125 0.02277432
0 0.48789062 0.11904761 0.01171875 0.01449275
0 0.5359375 0.08074534 0.0140625 0.02070393
0 0.63085937 0.07763975 0.01171875 0.01656314
0 0.49296875 0.07401656 0.0109375 0.01552795
0 0.3765625 0.07763975 0.03125 0.03312629
0 0.33789062 0.06418219 0.01015625 0.01449275
0 0.35625 0.05538302 0.01875 0.01138716
0 0.51835937 0.04347826 0.00859375 0.01449275
0 0.66171875 0.03623188 0.0109375 0.02277432
0 0.46601562 0.03157349 0.01953125 0.01552795
0 0.54023437 0.02070393 0.01015625 0.01449275
0 0.39101562 0.01604554 0.01953125 0.03002070
0 0.3609375 0.00362318 0.009375 0.00724637