0 0.59492187 0.82505175 0.01640625 0.01449275
0 0.65078125 0.79710144 0.0390625 0.03726708
0 0.49921875 0.76708074 0.0234375 0.02277432
0 0.56132812 0.75724637 0.03359375 0.05279503
0 0.63828125 0.74223602 0.015625 0.02484472
0 0.58789062 0.71739130 0.01640625 0.02484472
0 0.571875 0.61594202 0.0296875 0.02277432
0 0.62695312 0.60300207 0.01015625 0.02380952
0 0.66367187 0.59886128 0.01640625 0.02173913
0 0.5609375 0.54296066 0.021875 0.02587991
0 0.65546875 0.39233954 0.0234375 0.02898550
0 0.49179687 0.33850931 0.01640625 0.02070393
0 0.609375 0.31211180 0.01875 0.01552795
0 0.59765625 0.23964803 0.0203125 0.02795031
0 0.4234375 0.14440993 0.015625 0.02587991