0 0.61015625 0.96221532 0.0140625 0.01138716
0 0.40859375 0.96221532 0.0140625 0.01759834
0 0.46132812 0.94772256 0.01640625 0.01345755
0 0.33515625 0.90890269 0.0109375 0.01449275
0 0.5796875 0.90838509 0.0109375 0.01966873
0 0.46796875 0.91045548 0.0140625 0.02795031
0 0.64296875 0.89544513 0.0171875 0.02277432
0 0.5671875 0.87836438 0.0140625 0.01759834
0 0.34140625 0.87422360 0.009375 0.01552795
0 0.365625 0.86749482 0.0125 0.02898550
0 0.52734375 0.85248447 0.0140625 0.02173913
0 0.41835937 0.83333333 0.01328125 0.01242236
0 0.3109375 0.81935817 0.0109375 0.01138716
0 0.296875 0.81573498 0.0140625 0.01656314
0 0.40898437 0.80797101 0.01328125 0.01138716
0 0.34140625 0.80124223 0.0125 0.01656314
0 0.38710937 0.79865424 0.01484375 0.02380952
0 0.45 0.79451345 0.0171875 0.02380952
0 0.35390625 0.78830227 0.0078125 0.01138716
0 0.41328125 0.79037267 0.0109375 0.02173913
0 0.64804687 0.78571428 0.01171875 0.01449275
0 0.615625 0.78364389 0.0203125 0.01035196
0 0.37226562 0.77329192 0.01171875 0.01449275
0 0.57734375 0.77484472 0.0171875 0.02380952
0 0.68046875 0.77070393 0.0171875 0.02380952
0 0.5484375 0.74948240 0.0109375 0.01656314
0 0.36835937 0.74844720 0.01640625 0.01656314
0 0.59140625 0.73861283 0.0125 0.01552795
0 0.4140625 0.73913043 0.009375 0.01656314
0 0.6296875 0.74275362 0.0109375 0.03209109
0 0.30351562 0.70807453 0.00859375 0.01656314
0 0.32148437 0.70703933 0.01328125 0.01656314
0 0.55898437 0.68530020 0.02265625 0.02277432
0 0.68203125 0.68064182 0.0125 0.01759834
0 0.59296875 0.66977225 0.0109375 0.02070393
0 0.64140625 0.66149068 0.0140625 0.01863354
0 0.50390625 0.64130434 0.0171875 0.02380952
0 0.42265625 0.63923395 0.0171875 0.02380952
0 0.46015625 0.61594202 0.0125 0.01449275
0 0.58242187 0.61335403 0.02109375 0.01552795
0 0.5953125 0.60093167 0.0109375 0.01138716
0 0.4765625 0.60351966 0.0125 0.01863354
0 0.50078125 0.60196687 0.0171875 0.02380952
0 0.68320312 0.59679089 0.01015625 0.01759834
0 0.30234375 0.59057971 0.009375 0.01552795
0 0.46601562 0.58333333 0.01171875 0.01552795
0 0.30625 0.56573498 0.0109375 0.01345755
0 0.39023437 0.54968944 0.00859375 0.01035196
0 0.48085937 0.54296066 0.01015625 0.01345755
0 0.30546875 0.54037267 0.0125 0.01242236
0 0.5578125 0.53519668 0.01875 0.01035196
0 0.66015625 0.52587991 0.0171875 0.01242236
0 0.4578125 0.50465838 0.015625 0.01966873
0 0.48984375 0.49741200 0.0109375 0.01552795
0 0.59335937 0.48861283 0.01015625 0.01242236
0 0.53828125 0.47826086 0.009375 0.01656314
0 0.29375 0.46946169 0.0109375 0.01759834
0 0.428125 0.45962732 0.0109375 0.01449275
0 0.5921875 0.45859213 0.0140625 0.01656314
0 0.33046875 0.45134575 0.009375 0.01242236
0 0.55625 0.45600414 0.0171875 0.02380952
0 0.5140625 0.46221532 0.0203125 0.04037267
0 0.63046875 0.44461697 0.0109375 0.01552795
0 0.6296875 0.42443064 0.0109375 0.01863354
0 0.45507812 0.41149068 0.01953125 0.00931677
0 0.53046875 0.40993788 0.021875 0.02484472
0 0.42695312 0.40579710 0.01640625 0.01656314
0 0.62539062 0.38975155 0.00703125 0.01759834
0 0.3125 0.39285714 0.0234375 0.02380952
0 0.6515625 0.36904761 0.0109375 0.01345755
0 0.56171875 0.37163561 0.021875 0.03519668
0 0.51445312 0.35766045 0.01015625 0.01552795
0 0.39453125 0.29554865 0.0109375 0.01138716
0 0.43632812 0.28674948 0.01171875 0.01242236
0 0.45 0.28623188 0.0125 0.01759834
0 0.39296875 0.26759834 0.0171875 0.02380952
0 0.33164062 0.25621118 0.01171875 0.02380952
0 0.39882812 0.24430641 0.01015625 0.01449275
0 0.42578125 0.23809523 0.01875 0.02277432
0 0.496875 0.23447204 0.0140625 0.01759834
0 0.37773437 0.19927536 0.01796875 0.01552795
0 0.41601562 0.15734989 0.02734375 0.03312629
0 0.45976562 0.14803312 0.01171875 0.01656314
0 0.33125 0.13871635 0.009375 0.01449275
0 0.63828125 0.13509316 0.0171875 0.02380952
0 0.4421875 0.08643892 0.009375 0.01138716
0 0.32890625 0.02743271 0.0203125 0.02173913
0 0.61757812 0.01966873 0.00859375 0.01449275
0 0.371875 0.01656314 0.0078125 0.01656314
0 0.4796875 0.00517598 0.0109375 0.01035196