0 0.46601562 0.86749482 0.01640625 0.02277432
0 0.67148437 0.86231884 0.01953125 0.02484472
0 0.43984375 0.85817805 0.0171875 0.02070393
0 0.51210937 0.86024844 0.02265625 0.02898550
0 0.35546875 0.85144927 0.046875 0.06314699
0 0.63945312 0.81573498 0.01171875 0.02277432
0 0.33359375 0.78571428 0.015625 0.04968944
0 0.5859375 0.76449275 0.021875 0.03830227
0 0.390625 0.73964803 0.0171875 0.02173913
0 0.58867187 0.66718426 0.01796875 0.01966873
0 0.61210937 0.60300207 0.01953125 0.03002070
0 0.46367187 0.53416149 0.02890625 0.04761904
0 0.43164062 0.43840579 0.01640625 0.06107660
0 0.65546875 0.39233954 0.0234375 0.02898550
0 0.48476562 0.27484472 0.03046875 0.02173913
0 0.42382812 0.26345755 0.02421875 0.01552795
0 0.60664062 0.21946169 0.01328125 0.02277432
0 0.53945312 0.18685300 0.01796875 0.02380952
0 0.3703125 0.14337474 0.0125 0.02173913