0 0.42226562 0.99016563 0.01484375 0.01966873
0 0.51757812 0.96532091 0.00859375 0.01345755
0 0.45703125 0.96428571 0.0078125 0.02795031
0 0.4734375 0.95496894 0.0171875 0.02380952
0 0.56757812 0.94565217 0.01015625 0.01138716
0 0.3359375 0.94979296 0.0171875 0.02380952
0 0.63359375 0.90683229 0.0109375 0.01449275
0 0.59960937 0.89699792 0.01015625 0.01138716
0 0.67421875 0.89389233 0.009375 0.00931677
0 0.6125 0.87422360 0.009375 0.01345755
0 0.65859375 0.87422360 0.0125 0.01759834
0 0.54609375 0.87318840 0.0140625 0.01552795
0 0.49921875 0.87629399 0.01875 0.02795031
0 0.3453125 0.86853002 0.0109375 0.01449275
0 0.39023437 0.85559006 0.01484375 0.01966873
0 0.44609375 0.84627329 0.0171875 0.02380952
0 0.43671875 0.81573498 0.009375 0.01449275
0 0.31796875 0.79244306 0.0171875 0.02380952
0 0.47148437 0.78260869 0.00859375 0.02484472
0 0.29960937 0.77380952 0.00859375 0.01966873
0 0.57070312 0.76552795 0.01171875 0.01345755
0 0.3203125 0.76190476 0.0109375 0.01449275
0 0.50585937 0.75672877 0.01640625 0.01035196
0 0.31523437 0.74068322 0.01015625 0.01345755
0 0.44765625 0.73498964 0.0125 0.01656314
0 0.38828125 0.70445134 0.0125 0.01759834
0 0.66054687 0.69720496 0.01640625 0.01345755
0 0.41523437 0.66407867 0.00859375 0.00931677
0 0.584375 0.66459627 0.009375 0.01242236
0 0.48359375 0.66666666 0.0140625 0.01863354
0 0.3546875 0.64958592 0.015625 0.01966873
0 0.52460937 0.64544513 0.01015625 0.01552795
0 0.3984375 0.63923395 0.0125 0.02173913
0 0.65742187 0.62577639 0.00859375 0.01345755
0 0.6078125 0.62577639 0.015625 0.01759834
0 0.58046875 0.60351966 0.0109375 0.01242236
0 0.65117187 0.58695652 0.00859375 0.01035196
0 0.3046875 0.58799171 0.0109375 0.01449275
0 0.46367187 0.58126293 0.01171875 0.02587991
0 0.45703125 0.55383022 0.0109375 0.01242236
0 0.50898437 0.55175983 0.01015625 0.01449275
0 0.64179687 0.53881987 0.01015625 0.01345755
0 0.46757812 0.52484472 0.00859375 0.01035196
0 0.41796875 0.52639751 0.0140625 0.01759834
0 0.6796875 0.52122153 0.0171875 0.02380952
0 0.5953125 0.50879917 0.015625 0.02173913
0 0.54804687 0.50155279 0.01171875 0.01552795
0 0.52539062 0.50310559 0.01484375 0.01863354
0 0.32851562 0.49275362 0.01171875 0.01863354
0 0.39257812 0.45807453 0.01328125 0.01552795
0 0.58398437 0.46169772 0.01015625 0.02484472
0 0.49804687 0.44720496 0.01328125 0.01449275
0 0.54414062 0.45341614 0.03828125 0.02898550
0 0.31132812 0.43012422 0.00859375 0.02380952
0 0.42734375 0.41666666 0.0171875 0.02380952
0 0.40703125 0.40942028 0.009375 0.01552795
0 0.50703125 0.39233954 0.0109375 0.01656314
0 0.34804687 0.38768115 0.00859375 0.01552795
0 0.42421875 0.38198757 0.0140625 0.01863354
0 0.40585937 0.36542443 0.01015625 0.01449275
0 0.51445312 0.35196687 0.01171875 0.02691511
0 0.465625 0.33592132 0.0125 0.02173913
0 0.41445312 0.32919254 0.01328125 0.01449275
0 0.43046875 0.32867494 0.015625 0.02380952
0 0.58945312 0.30434782 0.00859375 0.01242236
0 0.57382812 0.29347826 0.01640625 0.01759834
0 0.52148437 0.27691511 0.01171875 0.01966873
0 0.35703125 0.27587991 0.0171875 0.02380952
0 0.49375 0.26656314 0.0171875 0.02380952
0 0.41992187 0.26708074 0.01953125 0.02484472
0 0.38398437 0.23602484 0.00859375 0.01449275
0 0.43085937 0.22463768 0.00859375 0.01242236
0 0.63515625 0.21169772 0.0109375 0.02173913
0 0.61796875 0.19979296 0.0125 0.01449275
0 0.55820312 0.19461697 0.01015625 0.01242236
0 0.42695312 0.19668737 0.01796875 0.01863354
0 0.34648437 0.19099378 0.00859375 0.01966873
0 0.33242187 0.17650103 0.01171875 0.01552795
0 0.6328125 0.15890269 0.0171875 0.02380952
0 0.60390625 0.14803312 0.009375 0.02277432
0 0.63125 0.13664596 0.0171875 0.01863354
0 0.39492187 0.13509316 0.00859375 0.01966873
0 0.35234375 0.12267080 0.0140625 0.01759834
0 0.54375 0.11749482 0.0140625 0.01759834
0 0.41757812 0.11438923 0.01640625 0.01759834
0 0.33007812 0.08850931 0.00703125 0.01138716
0 0.4421875 0.09161490 0.015625 0.03002070
0 0.36835937 0.06677018 0.01171875 0.01345755
0 0.3421875 0.07091097 0.0109375 0.02173913
0 0.346875 0.04761904 0.0109375 0.01242236
0 0.41835937 0.05072463 0.01015625 0.02484472
0 0.37460937 0.02018633 0.01328125 0.01966873