0 0.53085937 0.97360248 0.00703125 0.01138716
0 0.32773437 0.95289855 0.02734375 0.01966873
0 0.64882812 0.89958592 0.01796875 0.02277432
0 0.68046875 0.87888198 0.021875 0.02484472
0 0.540625 0.83385093 0.0109375 0.02380952
0 0.58085937 0.82608695 0.01484375 0.03312629
0 0.3515625 0.77329192 0.0140625 0.01656314
0 0.59414062 0.74844720 0.02265625 0.02691511
0 0.34804687 0.73447204 0.01640625 0.02380952
0 0.34414062 0.70652173 0.01640625 0.02173913
0 0.51992187 0.70548654 0.01640625 0.02795031
0 0.58125 0.66977225 0.0109375 0.02070393
0 0.46054687 0.59109730 0.01640625 0.02070393
0 0.39609375 0.58488612 0.0296875 0.03105590
0 0.52890625 0.52380952 0.0109375 0.01863354
0 0.378125 0.50310559 0.0203125 0.03312629
0 0.37460937 0.46169772 0.02109375 0.02691511
0 0.34335937 0.43944099 0.00546875 0.01966873
0 0.45507812 0.42184265 0.02265625 0.02587991
0 0.521875 0.38768115 0.0234375 0.03416149
0 0.4890625 0.25983436 0.0140625 0.02484472
0 0.625 0.11490683 0.015625 0.01863354
0 0.55273437 0.06677018 0.01015625 0.01138716
0 0.59375 0.04296066 0.01875 0.01759834