0 0.5640625 0.96273291 0.015625 0.01863354
0 0.38476562 0.89389233 0.01171875 0.00931677
0 0.41445312 0.87939958 0.01796875 0.03209109
0 0.29648437 0.82298136 0.01328125 0.01035196
0 0.45507812 0.82246376 0.02109375 0.02587991
0 0.60742187 0.79658385 0.01015625 0.03209109
0 0.3109375 0.74534161 0.0125 0.01863354
0 0.58359375 0.65320910 0.0203125 0.02277432
0 0.58867187 0.54140786 0.01328125 0.01449275
0 0.35273437 0.44616977 0.01640625 0.02277432
0 0.45585937 0.41149068 0.02109375 0.02173913
0 0.37148437 0.37267080 0.01953125 0.03105590
0 0.55976562 0.24637681 0.01484375 0.02691511