0 0.62226562 0.94306418 0.02734375 0.02691511
0 0.69296875 0.93530020 0.0171875 0.02173913
0 0.40195312 0.91873706 0.01328125 0.02587991
0 0.534375 0.87422360 0.0140625 0.01759834
0 0.5546875 0.85093167 0.0203125 0.02277432
0 0.5921875 0.85144927 0.021875 0.03623188
0 0.49140625 0.80590062 0.009375 0.01345755
0 0.62734375 0.73861283 0.0171875 0.02795031
0 0.52578125 0.69358178 0.021875 0.02277432
0 0.64570312 0.69254658 0.01484375 0.02277432
0 0.58203125 0.68995859 0.015625 0.02173913
0 0.46757812 0.51604554 0.01640625 0.02173913
0 0.60859375 0.48136645 0.0125 0.00828157
0 0.54335937 0.46532091 0.01640625 0.03002070
0 0.50859375 0.39078674 0.0203125 0.02380952
0 0.47617187 0.38819875 0.02421875 0.03105590
0 0.36640625 0.34420289 0.025 0.03209109
0 0.378125 0.31935817 0.0171875 0.00724637
0 0.42890625 0.29244306 0.015625 0.02587991
0 0.33242187 0.27277432 0.01328125 0.01966873
0 0.40039062 0.21014492 0.01484375 0.01656314
0 0.36875 0.20652173 0.0140625 0.01138716
0 0.565625 0.18012422 0.0140625 0.02277432
0 0.47382812 0.11024844 0.02265625 0.01966873
0 0.6515625 0.07867494 0.00625 0.01656314