0 0.63710937 0.95341614 0.00859375 0.01449275
0 0.44257812 0.94358178 0.01484375 0.01966873
0 0.4515625 0.89751552 0.0109375 0.01449275
0 0.65585937 0.89492753 0.01171875 0.01138716
0 0.603125 0.87681159 0.0109375 0.01863354
0 0.33125 0.86853002 0.0140625 0.02070393
0 0.33007812 0.82246376 0.01328125 0.01759834
0 0.38671875 0.82919254 0.021875 0.03519668
0 0.35273437 0.80952380 0.01328125 0.01449275
0 0.68515625 0.79399585 0.0125 0.01656314
0 0.35351562 0.78830227 0.01171875 0.01345755
0 0.64648437 0.78519668 0.00859375 0.01345755
0 0.38671875 0.77691511 0.021875 0.02173913
0 0.39335937 0.74327122 0.00859375 0.01035196
0 0.45664062 0.74430641 0.01484375 0.01863354
0 0.47773437 0.72826086 0.01171875 0.02587991
0 0.33828125 0.72256728 0.0125 0.01656314
0 0.61132812 0.70755693 0.01328125 0.01552795
0 0.6328125 0.69513457 0.0203125 0.01552795
0 0.33867187 0.69254658 0.01171875 0.01449275
0 0.44765625 0.69461697 0.01875 0.02484472
0 0.59023437 0.68633540 0.01640625 0.01242236
0 0.59453125 0.65786749 0.0078125 0.01552795
0 0.40664062 0.64803312 0.00859375 0.01656314
0 0.42265625 0.62991718 0.0171875 0.02380952
0 0.490625 0.61853002 0.0125 0.01345755
0 0.6765625 0.59834368 0.009375 0.01242236
0 0.39023437 0.60248447 0.01640625 0.02070393
0 0.50234375 0.59834368 0.0109375 0.01449275
0 0.584375 0.60351966 0.0078125 0.02691511
0 0.43320312 0.58954451 0.01171875 0.01759834
0 0.63515625 0.58333333 0.0140625 0.01345755
0 0.41210937 0.57556935 0.00859375 0.01035196
0 0.67460937 0.57505175 0.01796875 0.01345755
0 0.55 0.55538302 0.0125 0.01345755
0 0.46953125 0.54451345 0.015625 0.01035196
0 0.52539062 0.53933747 0.01796875 0.03312629
0 0.52773437 0.51397515 0.01015625 0.01759834
0 0.56796875 0.51759834 0.009375 0.03312629
0 0.54882812 0.49430641 0.01171875 0.01759834
0 0.32460937 0.48188405 0.01171875 0.01552795
0 0.4734375 0.47256728 0.0125 0.02173913
0 0.309375 0.46532091 0.009375 0.01552795
0 0.39335937 0.45910973 0.01015625 0.01138716
0 0.37890625 0.46221532 0.0171875 0.02380952
0 0.59609375 0.44720496 0.0109375 0.01449275
0 0.30703125 0.44720496 0.0109375 0.01863354
0 0.63007812 0.43374741 0.01328125 0.01035196
0 0.34023437 0.42391304 0.01171875 0.01138716
0 0.59648437 0.40890269 0.01171875 0.01449275
0 0.31914062 0.41045548 0.01328125 0.01759834
0 0.33710937 0.39440993 0.01171875 0.01242236
0 0.4421875 0.38354037 0.0140625 0.01552795
0 0.67265625 0.38043478 0.021875 0.03002070
0 0.634375 0.35196687 0.0109375 0.01449275
0 0.61367187 0.34989648 0.01171875 0.01449275
0 0.40703125 0.34627329 0.015625 0.02795031
0 0.50585937 0.33333333 0.01015625 0.01449275
0 0.48632812 0.30486542 0.01328125 0.01345755
0 0.34296875 0.30279503 0.0171875 0.02380952
0 0.57265625 0.29968944 0.021875 0.02380952
0 0.4375 0.27846790 0.0140625 0.01656314
0 0.40820312 0.25103519 0.01171875 0.01345755
0 0.36796875 0.24792960 0.0234375 0.01345755
0 0.409375 0.23033126 0.0109375 0.01345755
0 0.42382812 0.22826086 0.01015625 0.01759834
0 0.6390625 0.22360248 0.0125 0.01656314
0 0.36289062 0.22670807 0.01953125 0.02277432
0 0.4375 0.22101449 0.0125 0.01345755
0 0.33789062 0.21635610 0.01328125 0.01035196
0 0.51132812 0.21739130 0.01640625 0.01449275
0 0.62109375 0.21014492 0.009375 0.01242236
0 0.46171875 0.21118012 0.0171875 0.02277432
0 0.37109375 0.18633540 0.0109375 0.01449275
0 0.63320312 0.16821946 0.00859375 0.01759834
0 0.50625 0.15010351 0.0125 0.01449275
0 0.57773437 0.13871635 0.01328125 0.02070393
0 0.53828125 0.13043478 0.0140625 0.02070393
0 0.49101562 0.12318840 0.01171875 0.01656314
0 0.58125 0.10817805 0.0109375 0.01345755
0 0.63984375 0.11490683 0.01875 0.02898550
0 0.61328125 0.09575569 0.0171875 0.02380952
0 0.51484375 0.07608695 0.0171875 0.02380952
0 0.45976562 0.06884057 0.02578125 0.01759834
0 0.4921875 0.06521739 0.0125 0.01656314
0 0.43710937 0.06366459 0.01171875 0.01552795
0 0.3609375 0.06262939 0.0109375 0.01552795
0 0.51796875 0.02380952 0.015625 0.01449275
0 0.55507812 0.01086956 0.01953125 0.02173913
0 0.30273437 0.00776397 0.01953125 0.01552795