0 0.48945312 0.90269151 0.02734375 0.02277432
0 0.29570312 0.78467908 0.01484375 0.03105590
0 0.39921875 0.74482401 0.01875 0.00931677
0 0.64492187 0.65165631 0.01171875 0.01552795
0 0.46640625 0.62008281 0.00625 0.02070393
0 0.36601562 0.58488612 0.01171875 0.01449275
0 0.41757812 0.54037267 0.01015625 0.01656314
0 0.46679687 0.52122153 0.01328125 0.01345755
0 0.40625 0.48706004 0.021875 0.02380952
0 0.60390625 0.42857142 0.01875 0.02277432
0 0.61367187 0.35248447 0.01640625 0.02587991
0 0.4484375 0.34782608 0.0078125 0.01656314
0 0.63554687 0.27587991 0.01171875 0.02380952
0 0.540625 0.24792960 0.0125 0.01759834
0 0.47265625 0.03778467 0.0109375 0.01759834