0 0.57851562 0.88509316 0.01796875 0.01656314
0 0.39375 0.87681159 0.0171875 0.02070393
0 0.64296875 0.87163561 0.021875 0.01449275
0 0.47421875 0.81884057 0.0140625 0.02070393
0 0.64296875 0.77743271 0.0140625 0.01863354
0 0.6203125 0.75621118 0.021875 0.02173913
0 0.35898437 0.73395445 0.01484375 0.01449275
0 0.58789062 0.68012422 0.01171875 0.02070393
0 0.4765625 0.58385093 0.0203125 0.03726708
0 0.3953125 0.54451345 0.0140625 0.02277432
0 0.465625 0.48550724 0.0171875 0.03105590
0 0.41679687 0.45548654 0.01328125 0.02070393
0 0.38164062 0.45755693 0.01640625 0.02484472
0 0.325 0.38819875 0.0203125 0.02691511
0 0.39101562 0.35973084 0.02265625 0.01552795
0 0.609375 0.31211180 0.01875 0.01552795
0 0.37539062 0.31159420 0.01640625 0.02484472
0 0.56796875 0.22101449 0.015625 0.02173913
0 0.51953125 0.15631469 0.0125 0.02691511