0 0.42460937 0.96790890 0.02265625 0.01035196
0 0.64257812 0.95652173 0.01328125 0.01035196
0 0.6828125 0.95548654 0.0109375 0.01449275
0 0.61367187 0.95031055 0.02265625 0.01863354
0 0.28515625 0.93788819 0.0125 0.01242236
0 0.31914062 0.91873706 0.01015625 0.01345755
0 0.58945312 0.91821946 0.00859375 0.02484472
0 0.54257812 0.91459627 0.01171875 0.01966873
0 0.35898437 0.90890269 0.01015625 0.01242236
0 0.44101562 0.91045548 0.02421875 0.02380952
0 0.61835937 0.87732919 0.00703125 0.00931677
0 0.46835937 0.87681159 0.00859375 0.02484472
0 0.50039062 0.86749482 0.00859375 0.01863354
0 0.32695312 0.86594202 0.01328125 0.01759834
0 0.41015625 0.85559006 0.021875 0.01966873
0 0.66679687 0.84368530 0.00859375 0.01449275
0 0.396875 0.84161490 0.0140625 0.01242236
0 0.38203125 0.84161490 0.0140625 0.01863354
0 0.4171875 0.83747412 0.0109375 0.01449275
0 0.3453125 0.83747412 0.015625 0.01449275
0 0.45234375 0.82815734 0.009375 0.01449275
0 0.64023437 0.81469979 0.01953125 0.01242236
0 0.55976562 0.80279503 0.02109375 0.02380952
0 0.42460937 0.79296066 0.01328125 0.02070393
0 0.40195312 0.78830227 0.01484375 0.01759834
0 0.66015625 0.78260869 0.0109375 0.01242236
0 0.515625 0.77846790 0.0140625 0.03519668
0 0.43789062 0.76656314 0.01328125 0.01759834
0 0.59414062 0.76345755 0.01015625 0.01345755
0 0.6359375 0.74223602 0.0109375 0.01449275
0 0.39179687 0.73809523 0.01171875 0.01656314
0 0.42070312 0.73706004 0.00859375 0.01863354
0 0.64257812 0.72049689 0.00703125 0.01863354
0 0.4625 0.70341614 0.015625 0.01552795
0 0.684375 0.69720496 0.0140625 0.01966873
0 0.60078125 0.68167701 0.0078125 0.01345755
0 0.50625 0.67650103 0.0078125 0.01966873
0 0.46171875 0.67753623 0.0171875 0.02380952
0 0.43984375 0.64751552 0.009375 0.01966873
0 0.37773437 0.62732919 0.00859375 0.01035196
0 0.36367187 0.62318840 0.01484375 0.01656314
0 0.61953125 0.61645962 0.0171875 0.02380952
0 0.41289062 0.61283643 0.01328125 0.01656314
0 0.48007812 0.57971014 0.01015625 0.01863354
0 0.46171875 0.55590062 0.0125 0.01449275
0 0.33984375 0.55486542 0.0125 0.01449275
0 0.58125 0.54710144 0.0171875 0.02380952
0 0.50664062 0.52070393 0.01171875 0.01242236
0 0.43320312 0.51293995 0.01484375 0.01759834
0 0.6640625 0.51035196 0.0078125 0.02277432
0 0.63125 0.49430641 0.0171875 0.02380952
0 0.60117187 0.47412008 0.01171875 0.01656314
0 0.453125 0.46842650 0.0125 0.01552795
0 0.3921875 0.46894409 0.0140625 0.01656314
0 0.2984375 0.45755693 0.0109375 0.02484472
0 0.57929687 0.42960662 0.00859375 0.01242236
0 0.33515625 0.41407867 0.009375 0.01242236
0 0.6671875 0.41252587 0.0171875 0.02380952
0 0.3109375 0.41252587 0.0171875 0.02380952
0 0.50117187 0.40890269 0.01484375 0.01863354
0 0.45625 0.40838509 0.0078125 0.01759834
0 0.37851562 0.38354037 0.01171875 0.01345755
0 0.61875 0.37784679 0.009375 0.02484472
0 0.54921875 0.37163561 0.0140625 0.02070393
0 0.34882812 0.36542443 0.00859375 0.01656314
0 0.471875 0.35403726 0.009375 0.01242236
0 0.4046875 0.34989648 0.0078125 0.01656314
0 0.36210937 0.34627329 0.01796875 0.01966873
0 0.38554687 0.33799171 0.01015625 0.01552795
0 0.42460937 0.33488612 0.01328125 0.01759834
0 0.48164062 0.31935817 0.01015625 0.01345755
0 0.609375 0.31314699 0.0171875 0.02380952
0 0.4859375 0.27846790 0.0109375 0.01242236
0 0.46171875 0.28416149 0.0171875 0.02380952
0 0.56640625 0.26915113 0.015625 0.02277432
0 0.47460937 0.26086956 0.01171875 0.01449275
0 0.5046875 0.25879917 0.0109375 0.01449275
0 0.603125 0.26035196 0.0171875 0.02380952
0 0.39140625 0.24844720 0.0109375 0.01035196
0 0.49179687 0.21894409 0.01328125 0.01138716
0 0.60546875 0.21997929 0.009375 0.01552795
0 0.44375 0.21842650 0.0125 0.01449275
0 0.38085937 0.17184265 0.01171875 0.01242236
0 0.53203125 0.12163561 0.0171875 0.02380952
0 0.44921875 0.10714285 0.025 0.01759834
0 0.428125 0.09627329 0.009375 0.01242236
0 0.40976562 0.09057971 0.00859375 0.01138716
0 0.59257812 0.08643892 0.01015625 0.01552795
0 0.62460937 0.09316770 0.01328125 0.03105590
0 0.60703125 0.08126293 0.0171875 0.02380952
0 0.59804687 0.06314699 0.00859375 0.01242236
0 0.49726562 0.06573498 0.01015625 0.01759834
0 0.5171875 0.06004140 0.028125 0.02277432
0 0.46015625 0.05434782 0.0171875 0.01345755
0 0.396875 0.03623188 0.0078125 0.01863354
0 0.51484375 0.02018633 0.0171875 0.02380952
0 0.378125 0.01345755 0.0171875 0.02070393