0 0.57851562 0.88509316 0.01796875 0.01656314
0 0.43984375 0.86283643 0.0171875 0.03002070
0 0.63828125 0.82971014 0.021875 0.02587991
0 0.35664062 0.82194616 0.01328125 0.02277432
0 0.58515625 0.81935817 0.015625 0.02380952
0 0.56289062 0.71014492 0.03671875 0.04140786
0 0.58789062 0.68012422 0.01171875 0.02070393
0 0.62617187 0.65217391 0.01796875 0.02277432
0 0.41484375 0.48706004 0.0203125 0.03209109
0 0.59335937 0.44047619 0.02421875 0.02380952
0 0.40585937 0.42598343 0.01796875 0.02587991
0 0.38125 0.39699792 0.0140625 0.01759834
0 0.41328125 0.39544513 0.0125 0.02277432
0 0.328125 0.38664596 0.0140625 0.02380952
0 0.6390625 0.36283643 0.01875 0.01759834
0 0.51328125 0.33540372 0.0171875 0.01242236
0 0.42265625 0.33799171 0.0296875 0.02173913
0 0.51015625 0.30590062 0.0203125 0.01552795
0 0.42109375 0.28519668 0.0140625 0.01552795
0 0.37617187 0.28623188 0.01640625 0.01759834
0 0.628125 0.30331262 0.0296875 0.06832298
0 0.61445312 0.21946169 0.02890625 0.03726708
0 0.4234375 0.14440993 0.015625 0.02587991