0 0.53320312 0.97774327 0.01640625 0.01966873
0 0.6296875 0.95548654 0.025 0.02277432
0 0.30546875 0.85662525 0.01875 0.03002070
0 0.68007812 0.81366459 0.02265625 0.03519668
0 0.31367187 0.73809523 0.01796875 0.02484472
0 0.68320312 0.71014492 0.02734375 0.03105590
0 0.415625 0.63146997 0.025 0.03726708
0 0.475 0.61128364 0.021875 0.03002070
0 0.30039062 0.58281573 0.02421875 0.02898550
0 0.40117187 0.57349896 0.00546875 0.01863354
0 0.6578125 0.51863354 0.0234375 0.02898550
0 0.36601562 0.49585921 0.02109375 0.02070393
0 0.42070312 0.47774327 0.01796875 0.01966873
0 0.4625 0.44358178 0.01875 0.02587991
0 0.48828125 0.31469979 0.0140625 0.02070393
0 0.44179687 0.30072463 0.01953125 0.02173913
0 0.47695312 0.24792960 0.01484375 0.01966873
0 0.58671875 0.13664596 0.0140625 0.02070393
0 0.403125 0.11231884 0.015625 0.03002070
0 0.50664062 0.05434782 0.02265625 0.02173913
0 0.39804687 0.00207039 0.00546875 0.00414078