0 0.59179687 0.98240165 0.01796875 0.02070393
0 0.39648437 0.98033126 0.00703125 0.02070393
0 0.5203125 0.96428571 0.0171875 0.01966873
0 0.36171875 0.94824016 0.0171875 0.01863354
0 0.5140625 0.93944099 0.0171875 0.02380952
0 0.3859375 0.93530020 0.0171875 0.02380952
0 0.54257812 0.92391304 0.02734375 0.02587991
0 0.57617187 0.90217391 0.01171875 0.01966873
0 0.40820312 0.87784679 0.00859375 0.01656314
0 0.36523437 0.87370600 0.01484375 0.01656314
0 0.58359375 0.87163561 0.0125 0.01863354
0 0.45859375 0.85559006 0.0125 0.01759834
0 0.39414062 0.83850931 0.01015625 0.01035196
0 0.66992187 0.83540372 0.00859375 0.01035196
0 0.32578125 0.82142857 0.009375 0.01759834
0 0.43984375 0.81107660 0.0109375 0.01345755
0 0.30546875 0.81314699 0.0140625 0.01759834
0 0.68632812 0.79917184 0.01015625 0.01656314
0 0.50078125 0.78519668 0.0171875 0.02380952
0 0.3546875 0.78157349 0.034375 0.02484472
0 0.6125 0.77536231 0.009375 0.01449275
0 0.628125 0.77846790 0.0109375 0.02484472
0 0.35859375 0.75983436 0.0125 0.01656314
0 0.55859375 0.76035196 0.009375 0.01966873
0 0.65273437 0.75983436 0.02109375 0.02691511
0 0.31328125 0.75155279 0.015625 0.02070393
0 0.34492187 0.74016563 0.01171875 0.01449275
0 0.4046875 0.71428571 0.015625 0.01242236
0 0.46132812 0.69979296 0.00859375 0.01449275
0 0.6328125 0.68892339 0.009375 0.01345755
0 0.35625 0.68944099 0.0109375 0.01449275
0 0.45273437 0.66925465 0.02265625 0.01138716
0 0.6421875 0.65527950 0.0078125 0.01242236
0 0.35742187 0.65165631 0.01171875 0.01552795
0 0.30078125 0.65165631 0.0171875 0.02380952
0 0.375 0.60351966 0.0125 0.02070393
0 0.66445312 0.59472049 0.00859375 0.01345755
0 0.32695312 0.56107660 0.01015625 0.01449275
0 0.66992187 0.56728778 0.00703125 0.02898550
0 0.60742187 0.54813664 0.01484375 0.01966873
0 0.59023437 0.53830227 0.01015625 0.01035196
0 0.32890625 0.51138716 0.0203125 0.01035196
0 0.54921875 0.50879917 0.0078125 0.01138716
0 0.39453125 0.50051759 0.015625 0.00931677
0 0.2953125 0.49896480 0.009375 0.01242236
0 0.6296875 0.47412008 0.0125 0.01449275
0 0.5609375 0.46687370 0.0109375 0.01035196
0 0.38789062 0.46687370 0.01484375 0.01656314
0 0.45703125 0.45703933 0.0171875 0.02380952
0 0.56484375 0.43737060 0.0140625 0.01552795
0 0.41875 0.42908902 0.0109375 0.01345755
0 0.58515625 0.43012422 0.0109375 0.01759834
0 0.4046875 0.43426501 0.0171875 0.03416149
0 0.37109375 0.42184265 0.0109375 0.01345755
0 0.6796875 0.41770186 0.0140625 0.01552795
0 0.50429687 0.39699792 0.01796875 0.01138716
0 0.54648437 0.39544513 0.01015625 0.01242236
0 0.38046875 0.39803312 0.0171875 0.02380952
0 0.58828125 0.38250517 0.0109375 0.01138716
0 0.5296875 0.34782608 0.0125 0.01656314
0 0.55546875 0.32505175 0.0109375 0.02277432
0 0.5046875 0.31573498 0.0078125 0.01242236
0 0.37578125 0.29089026 0.0109375 0.01242236
0 0.57695312 0.29037267 0.01328125 0.01345755
0 0.51367187 0.28571428 0.01328125 0.01656314
0 0.484375 0.27743271 0.0125 0.01035196
0 0.34765625 0.24171842 0.0171875 0.02380952
0 0.5796875 0.21376811 0.0125 0.01552795
0 0.38515625 0.21480331 0.01875 0.01966873
0 0.59882812 0.20341614 0.01328125 0.01552795
0 0.3859375 0.19358178 0.0125 0.01656314
0 0.56679687 0.18374741 0.01484375 0.01966873
0 0.4671875 0.17805383 0.0125 0.01449275
0 0.51953125 0.18167701 0.0171875 0.02380952
0 0.34023437 0.16563146 0.01171875 0.01656314
0 0.4125 0.15993788 0.0125 0.01345755
0 0.54921875 0.15838509 0.015625 0.01656314
0 0.59726562 0.14906832 0.01015625 0.01449275
0 0.546875 0.12784679 0.0078125 0.01552795
0 0.6109375 0.12525879 0.0203125 0.02484472
0 0.59296875 0.11956521 0.0109375 0.01552795
0 0.59960937 0.10041407 0.01015625 0.01242236
0 0.43359375 0.10248447 0.0171875 0.01863354
0 0.621875 0.09057971 0.0140625 0.01759834
0 0.44101562 0.08902691 0.01171875 0.01656314
0 0.39414062 0.08695652 0.01484375 0.02070393
0 0.60546875 0.07556935 0.0140625 0.02070393
0 0.62578125 0.06832298 0.0203125 0.02070393
0 0.48945312 0.06262939 0.01953125 0.01345755
0 0.39296875 0.06055900 0.0171875 0.02380952
0 0.659375 0.02225672 0.0171875 0.02380952