0 0.31953125 0.87784679 0.01875 0.02070393
0 0.5234375 0.84472049 0.0234375 0.01863354
0 0.67226562 0.83643892 0.01953125 0.05175983
0 0.47578125 0.81884057 0.0171875 0.02070393
0 0.63945312 0.81573498 0.01171875 0.02277432
0 0.56796875 0.77432712 0.0203125 0.01863354
0 0.66992187 0.61490683 0.03046875 0.02898550
0 0.31757812 0.51501035 0.01640625 0.02173913
0 0.3890625 0.45755693 0.0140625 0.02484472
0 0.57460937 0.42753623 0.03984375 0.03312629
0 0.6046875 0.39958592 0.0203125 0.02691511
0 0.5390625 0.33540372 0.0171875 0.01242236
0 0.48476562 0.33799171 0.03046875 0.02173913
0 0.39492187 0.31211180 0.01640625 0.02380952
0 0.42265625 0.27432712 0.0296875 0.02070393