0 0.51484375 0.99171842 0.015625 0.01656314
0 0.4484375 0.96428571 0.0109375 0.01552795
0 0.565625 0.94306418 0.009375 0.01242236
0 0.68632812 0.92443064 0.01484375 0.01242236
0 0.38945312 0.88664596 0.00859375 0.01345755
0 0.41445312 0.88923395 0.02109375 0.02070393
0 0.575 0.84627329 0.0109375 0.01552795
0 0.50898437 0.83954451 0.01328125 0.01449275
0 0.42421875 0.83074534 0.0140625 0.01552795
0 0.48007812 0.82763975 0.01640625 0.01552795
0 0.50273437 0.79606625 0.00859375 0.01242236
0 0.37695312 0.79296066 0.01015625 0.01242236
0 0.66328125 0.79192546 0.009375 0.01242236
0 0.31757812 0.79296066 0.01171875 0.01656314
0 0.45546875 0.74844720 0.01875 0.02484472
0 0.44414062 0.73809523 0.01328125 0.01863354
0 0.35273437 0.74792960 0.02421875 0.04658385
0 0.559375 0.71790890 0.0171875 0.02380952
0 0.378125 0.70445134 0.015625 0.01966873
0 0.65898437 0.68944099 0.01015625 0.01656314
0 0.29414062 0.67339544 0.01171875 0.01759834
0 0.58984375 0.66614906 0.009375 0.01552795
0 0.54570312 0.65217391 0.00703125 0.01449275
0 0.66875 0.64803312 0.0125 0.01656314
0 0.35820312 0.63612836 0.02109375 0.01966873
0 0.55039062 0.63043478 0.01015625 0.01035196
0 0.59375 0.61335403 0.0078125 0.01138716
0 0.57421875 0.61594202 0.0140625 0.01863354
0 0.40390625 0.60196687 0.0140625 0.02173913
0 0.52382812 0.59316770 0.01484375 0.02484472
0 0.57421875 0.59161490 0.0171875 0.02380952
0 0.67226562 0.58126293 0.01015625 0.01138716
0 0.4453125 0.58022774 0.009375 0.01345755
0 0.30351562 0.55072463 0.01015625 0.01242236
0 0.31640625 0.54554865 0.0109375 0.01242236
0 0.48046875 0.54606625 0.0171875 0.02380952
0 0.45234375 0.52898550 0.0109375 0.01863354
0 0.3359375 0.51604554 0.009375 0.01345755
0 0.58203125 0.51604554 0.0125 0.01552795
0 0.55273437 0.50621118 0.02109375 0.02070393
0 0.60078125 0.49637681 0.009375 0.01345755
0 0.37695312 0.49378881 0.01328125 0.01242236
0 0.32070312 0.48757763 0.01015625 0.01449275
0 0.50195312 0.48757763 0.00859375 0.01656314
0 0.5484375 0.48395445 0.0125 0.01759834
0 0.3640625 0.47619047 0.0109375 0.01242236
0 0.29296875 0.46842650 0.009375 0.01966873
0 0.43242187 0.46273291 0.01015625 0.01449275
0 0.4953125 0.44927536 0.0171875 0.01449275
0 0.41835937 0.43374741 0.00859375 0.02070393
0 0.45273437 0.42701863 0.01015625 0.01138716
0 0.33984375 0.42132505 0.0109375 0.01242236
0 0.66640625 0.41511387 0.0109375 0.01449275
0 0.578125 0.40838509 0.0125 0.01552795
0 0.64492187 0.40424430 0.01015625 0.01138716
0 0.61328125 0.39855072 0.0109375 0.01449275
0 0.55078125 0.39699792 0.009375 0.01345755
0 0.58085937 0.38612836 0.01015625 0.01242236
0 0.35859375 0.39078674 0.0171875 0.02380952
0 0.48398437 0.37474120 0.01015625 0.02070393
0 0.45976562 0.36904761 0.00703125 0.01759834
0 0.3390625 0.37422360 0.0203125 0.03209109
0 0.63125 0.35300207 0.009375 0.01449275
0 0.55585937 0.33695652 0.01328125 0.02173913
0 0.50117187 0.32298136 0.01328125 0.01656314
0 0.59765625 0.28985507 0.0140625 0.01035196
0 0.51328125 0.28881987 0.009375 0.01242236
0 0.40859375 0.28002070 0.015625 0.01966873
0 0.52734375 0.26345755 0.0078125 0.02380952
0 0.6109375 0.23291925 0.0125 0.01656314
0 0.45 0.22877846 0.0078125 0.02070393
0 0.3578125 0.22204968 0.0109375 0.00931677
0 0.39453125 0.21635610 0.0140625 0.02277432
0 0.6109375 0.20186335 0.009375 0.02484472
0 0.46679687 0.17650103 0.01640625 0.01552795
0 0.51875 0.17753623 0.0078125 0.03416149
0 0.42304687 0.17908902 0.01640625 0.03726708
0 0.559375 0.15424430 0.009375 0.01863354
0 0.42109375 0.14648033 0.0125 0.01552795
0 0.53203125 0.13405797 0.0171875 0.02380952
0 0.5609375 0.13146997 0.0140625 0.02070393
0 0.58984375 0.12422360 0.009375 0.01242236
0 0.51914062 0.10403726 0.01953125 0.01345755
0 0.35 0.11180124 0.0171875 0.03105590
0 0.47890625 0.10610766 0.021875 0.04451345
0 0.60117187 0.08229813 0.00859375 0.01138716
0 0.42617187 0.07867494 0.01328125 0.01449275
0 0.47851562 0.07246376 0.01328125 0.01449275
0 0.51210937 0.05641821 0.01640625 0.02380952
0 0.49921875 0.02432712 0.0171875 0.01966873