0 0.58007812 0.99171842 0.02109375 0.01656314
0 0.62070312 0.96739130 0.01171875 0.02380952
0 0.36367187 0.96635610 0.01953125 0.02587991
0 0.62890625 0.93788819 0.0203125 0.02070393
0 0.48085937 0.90683229 0.00703125 0.02484472
0 0.66367187 0.89440993 0.01328125 0.01863354
0 0.40273437 0.88768115 0.01484375 0.01966873
0 0.2953125 0.87991718 0.0140625 0.01863354
0 0.61679687 0.87474120 0.01328125 0.01449275
0 0.48671875 0.86956521 0.0125 0.01449275
0 0.52070312 0.86387163 0.01328125 0.01552795
0 0.42890625 0.86024844 0.0125 0.01035196
0 0.4015625 0.85817805 0.0109375 0.01449275
0 0.62773437 0.85196687 0.00859375 0.01242236
0 0.54726562 0.82971014 0.02109375 0.01552795
0 0.62265625 0.80797101 0.0171875 0.02380952
0 0.52890625 0.79554865 0.0109375 0.01552795
0 0.38867187 0.77225672 0.01328125 0.01449275
0 0.54414062 0.77018633 0.00859375 0.01863354
0 0.3609375 0.76708074 0.0078125 0.01449275
0 0.31953125 0.75828157 0.0109375 0.01345755
0 0.58515625 0.74482401 0.0109375 0.01552795
0 0.2921875 0.73343685 0.0078125 0.01552795
0 0.5 0.73550724 0.009375 0.02173913
0 0.60195312 0.71946169 0.00859375 0.01242236
0 0.33320312 0.71790890 0.00859375 0.01345755
0 0.67226562 0.70496894 0.03203125 0.02484472
0 0.55195312 0.69409937 0.00859375 0.01759834
0 0.49726562 0.68995859 0.01015625 0.01552795
0 0.64414062 0.69047619 0.01328125 0.02898550
0 0.34296875 0.67443064 0.0171875 0.02380952
0 0.4234375 0.66200828 0.01875 0.01138716
0 0.39609375 0.65269151 0.0109375 0.01759834
0 0.61210937 0.64182194 0.01015625 0.01242236
0 0.32734375 0.63405797 0.0171875 0.02380952
0 0.51953125 0.60869565 0.0125 0.01656314
0 0.68046875 0.56884057 0.0078125 0.03002070
0 0.65273437 0.55797101 0.00859375 0.01242236
0 0.38046875 0.55124223 0.0140625 0.01552795
0 0.47265625 0.54710144 0.0125 0.01552795
0 0.40078125 0.51863354 0.0078125 0.02070393
0 0.54609375 0.51293995 0.0078125 0.01138716
0 0.30234375 0.51811594 0.0171875 0.04451345
0 0.41679687 0.50724637 0.01640625 0.02898550
0 0.68671875 0.50207039 0.0109375 0.02070393
0 0.37929687 0.49378881 0.01484375 0.01242236
0 0.50546875 0.48757763 0.009375 0.01242236
0 0.55234375 0.48809523 0.0171875 0.02380952
0 0.35742187 0.48291925 0.01328125 0.01552795
0 0.43945312 0.47722567 0.01171875 0.01242236
0 0.59414062 0.47515527 0.00859375 0.01242236
0 0.30234375 0.46790890 0.009375 0.01242236
0 0.45664062 0.46635610 0.01328125 0.01759834
0 0.43359375 0.45341614 0.0078125 0.01242236
0 0.30703125 0.44668737 0.009375 0.01138716
0 0.35585937 0.44565217 0.01484375 0.02173913
0 0.58789062 0.43685300 0.01015625 0.01656314
0 0.3234375 0.43685300 0.0234375 0.01656314
0 0.62734375 0.43271221 0.0109375 0.01449275
0 0.50078125 0.43012422 0.0171875 0.02380952
0 0.44414062 0.41511387 0.01015625 0.02070393
0 0.3078125 0.39233954 0.01875 0.01449275
0 0.60273437 0.38509316 0.00859375 0.01242236
0 0.515625 0.38250517 0.0171875 0.02380952
0 0.54609375 0.36697722 0.0078125 0.02173913
0 0.40429687 0.35766045 0.02421875 0.02380952
0 0.57539062 0.34265010 0.01328125 0.01656314
0 0.47890625 0.34109730 0.00625 0.01345755
0 0.60390625 0.33385093 0.0203125 0.01138716
0 0.52851562 0.34057971 0.01484375 0.03312629
0 0.61171875 0.29968944 0.01875 0.03209109
0 0.4109375 0.28881987 0.009375 0.01242236
0 0.54140625 0.28105590 0.0171875 0.02380952
0 0.384375 0.26345755 0.0171875 0.02380952
0 0.5921875 0.25362318 0.0171875 0.01035196
0 0.49335937 0.24741200 0.00859375 0.01863354
0 0.33710937 0.22360248 0.01015625 0.01242236
0 0.5015625 0.22204968 0.009375 0.01966873
0 0.5875 0.20031055 0.009375 0.01552795
0 0.53828125 0.17908902 0.0109375 0.01242236
0 0.50117187 0.15838509 0.00703125 0.02070393
0 0.6203125 0.14492753 0.0125 0.01656314
0 0.48125 0.13457556 0.0140625 0.01035196
0 0.49140625 0.10921325 0.0109375 0.01345755
0 0.46171875 0.10766045 0.0109375 0.01242236
0 0.4359375 0.10403726 0.0109375 0.01552795
0 0.56171875 0.10403726 0.0171875 0.02380952
0 0.38671875 0.09627329 0.0109375 0.01863354
0 0.55585937 0.08022774 0.01328125 0.01966873
0 0.34023437 0.06573498 0.01015625 0.01345755
0 0.61796875 0.05124223 0.0171875 0.02380952
0 0.29296875 0.02018633 0.009375 0.01138716
0 0.44375 0.02795031 0.0171875 0.03105590