0 0.36054687 0.99275362 0.01796875 0.01449275
0 0.62382812 0.90890269 0.03203125 0.03519668
0 0.34335937 0.83799171 0.01171875 0.01138716
0 0.29804687 0.82194616 0.01328125 0.01449275
0 0.41328125 0.78881987 0.00625 0.01035196
0 0.62539062 0.77536231 0.01328125 0.01656314
0 0.43359375 0.73809523 0.0140625 0.01656314
0 0.6734375 0.71687370 0.021875 0.02795031
0 0.48476562 0.68892339 0.01328125 0.01759834
0 0.35976562 0.65838509 0.03515625 0.04347826
0 0.44179687 0.58902691 0.01484375 0.01656314
0 0.29453125 0.53002070 0.009375 0.03312629
0 0.39375 0.47256728 0.0140625 0.02173913
0 0.55390625 0.46532091 0.0125 0.02173913
0 0.30703125 0.39958592 0.015625 0.01656314
0 0.61445312 0.38198757 0.02734375 0.02070393
0 0.55039062 0.25569358 0.01953125 0.01242236
0 0.47890625 0.25828157 0.0125 0.01759834
0 0.575 0.20186335 0.0125 0.01863354
0 0.44296875 0.19565217 0.025 0.03312629
0 0.60273437 0.09730848 0.01640625 0.01863354
0 0.5140625 0.07401656 0.0171875 0.01966873
0 0.3578125 0.06107660 0.0109375 0.01449275