0 0.42421875 0.97774327 0.0171875 0.02380952
0 0.30703125 0.93426501 0.0078125 0.01966873
0 0.58984375 0.92546583 0.0140625 0.01035196
0 0.32382812 0.90579710 0.01328125 0.01035196
0 0.50820312 0.88768115 0.00859375 0.00931677
0 0.546875 0.88664596 0.0078125 0.01138716
0 0.65429687 0.87732919 0.01015625 0.00931677
0 0.39335937 0.87318840 0.01015625 0.01345755
0 0.60195312 0.86853002 0.01015625 0.01449275
0 0.45898437 0.87474120 0.02421875 0.03519668
0 0.34335937 0.86542443 0.00703125 0.03105590
0 0.60039062 0.84627329 0.01015625 0.01345755
0 0.51640625 0.83954451 0.0125 0.01656314
0 0.48671875 0.84057971 0.0140625 0.02484472
0 0.65585937 0.83643892 0.01328125 0.02070393
0 0.4140625 0.83074534 0.0125 0.01552795
0 0.48476562 0.81987577 0.01015625 0.01449275
0 0.3296875 0.78726708 0.0171875 0.02380952
0 0.60039062 0.76708074 0.00859375 0.02277432
0 0.5515625 0.76397515 0.0140625 0.01656314
0 0.61132812 0.75776397 0.01015625 0.01242236
0 0.42148437 0.75621118 0.01015625 0.01345755
0 0.58125 0.75103519 0.0140625 0.01138716
0 0.496875 0.75517598 0.0171875 0.02380952
0 0.44453125 0.72308488 0.0109375 0.01345755
0 0.5515625 0.71480331 0.0109375 0.01552795
0 0.52070312 0.71014492 0.01328125 0.01656314
0 0.61484375 0.70341614 0.015625 0.01966873
0 0.55664062 0.68840579 0.01171875 0.01449275
0 0.59609375 0.69099378 0.0171875 0.02380952
0 0.29960937 0.67598343 0.01953125 0.02898550
0 0.67578125 0.66977225 0.0203125 0.02484472
0 0.64257812 0.64492753 0.01484375 0.01863354
0 0.34648437 0.64648033 0.01328125 0.02173913
0 0.43710937 0.61335403 0.01171875 0.01552795
0 0.55546875 0.61335403 0.0171875 0.02380952
0 0.38046875 0.61076604 0.0171875 0.02277432
0 0.62109375 0.60351966 0.0109375 0.01449275
0 0.65117187 0.59420289 0.01328125 0.01242236
0 0.55898437 0.58799171 0.01015625 0.01656314
0 0.34960937 0.57608695 0.01015625 0.01552795
0 0.325 0.57919254 0.0171875 0.02380952
0 0.37460937 0.56159420 0.02421875 0.03416149
0 0.65078125 0.55175983 0.0125 0.01656314
0 0.3 0.54761904 0.009375 0.01242236
0 0.42265625 0.52070393 0.009375 0.01035196
0 0.65546875 0.52070393 0.0140625 0.01449275
0 0.47304687 0.51966873 0.01328125 0.03312629
0 0.32460937 0.50414078 0.01171875 0.01449275
0 0.6046875 0.49844720 0.0171875 0.01138716
0 0.54414062 0.48136645 0.01015625 0.01242236
0 0.49023437 0.47877846 0.01171875 0.01552795
0 0.39492187 0.47619047 0.01015625 0.01449275
0 0.38164062 0.47308488 0.01015625 0.01449275
0 0.3078125 0.46480331 0.0078125 0.01242236
0 0.34453125 0.44306418 0.0078125 0.01656314
0 0.6828125 0.43530020 0.0140625 0.01138716
0 0.66757812 0.43685300 0.01171875 0.01863354
0 0.51289062 0.42650103 0.01171875 0.01656314
0 0.56015625 0.39803312 0.015625 0.01138716
0 0.4515625 0.40424430 0.009375 0.02380952
0 0.390625 0.36749482 0.009375 0.01656314
0 0.57773437 0.36335403 0.01796875 0.02070393
0 0.52773437 0.35921325 0.02109375 0.01449275
0 0.61289062 0.35455486 0.01484375 0.01966873
0 0.45546875 0.32349896 0.0078125 0.02795031
0 0.56328125 0.32194616 0.0203125 0.03105590
0 0.54453125 0.31418219 0.0078125 0.01552795
0 0.57421875 0.26345755 0.0171875 0.02380952
0 0.615625 0.26138716 0.0171875 0.02380952
0 0.42304687 0.25569358 0.01328125 0.01449275
0 0.37070312 0.25465838 0.01953125 0.02070393
0 0.6484375 0.22463768 0.0125 0.01863354
0 0.46757812 0.21428571 0.01328125 0.01863354
0 0.553125 0.20341614 0.0171875 0.02380952
0 0.3875 0.17908902 0.0078125 0.01035196
0 0.50898437 0.14492753 0.01171875 0.01656314
0 0.35234375 0.14130434 0.0171875 0.02380952
0 0.4921875 0.13457556 0.0109375 0.01449275
0 0.54609375 0.12732919 0.0140625 0.01656314
0 0.4046875 0.12888198 0.0171875 0.02380952
0 0.38828125 0.08022774 0.0171875 0.01759834
0 0.4265625 0.07608695 0.0171875 0.02380952
0 0.4890625 0.07763975 0.0125 0.02898550
0 0.50546875 0.06987577 0.0171875 0.02380952
0 0.36640625 0.05848861 0.009375 0.01345755
0 0.60585937 0.05641821 0.01953125 0.01552795
0 0.4453125 0.03881987 0.0109375 0.01759834
0 0.5109375 0.03053830 0.0078125 0.02380952
0 0.4734375 0.01604554 0.0171875 0.02380952