0 0.47265625 0.96169772 0.009375 0.02070393
0 0.37695312 0.92960662 0.01171875 0.01242236
0 0.675 0.91459627 0.0125 0.01552795
0 0.61796875 0.91200828 0.0171875 0.02070393
0 0.32226562 0.91097308 0.04609375 0.03312629
0 0.5796875 0.89285714 0.0125 0.01552795
0 0.37304687 0.88871635 0.01171875 0.01759834
0 0.42617187 0.87215320 0.01171875 0.01552795
0 0.55390625 0.87111801 0.0109375 0.01552795
0 0.6609375 0.86335403 0.0125 0.01035196
0 0.328125 0.86076604 0.0171875 0.02380952
0 0.36757812 0.84886128 0.01171875 0.01242236
0 0.60703125 0.84109730 0.0171875 0.02380952
0 0.45703125 0.82505175 0.009375 0.01449275
0 0.5859375 0.83540372 0.0140625 0.03726708
0 0.625 0.82142857 0.0125 0.01759834
0 0.41484375 0.81314699 0.025 0.02380952
0 0.35 0.79813664 0.0125 0.01863354
0 0.48710937 0.75879917 0.01484375 0.01863354
0 0.64179687 0.76242236 0.02578125 0.03416149
0 0.67070312 0.71635610 0.01015625 0.01242236
0 0.37070312 0.72360248 0.01484375 0.02691511
0 0.403125 0.71687370 0.0125 0.01552795
0 0.58789062 0.71273291 0.01796875 0.02380952
0 0.62382812 0.70082815 0.01015625 0.01242236
0 0.4484375 0.68064182 0.0171875 0.02380952
0 0.39609375 0.66821946 0.0109375 0.01552795
0 0.33203125 0.66304347 0.0171875 0.02380952
0 0.68554687 0.63923395 0.00859375 0.01138716
0 0.66523437 0.62681159 0.01171875 0.02795031
0 0.49609375 0.63354037 0.0390625 0.04554865
0 0.44882812 0.61697722 0.01171875 0.01863354
0 0.59179687 0.61076604 0.01015625 0.01656314
0 0.55820312 0.60662525 0.01484375 0.01863354
0 0.45703125 0.59937888 0.0140625 0.01656314
0 0.51757812 0.56159420 0.01015625 0.01345755
0 0.38203125 0.56107660 0.0125 0.01656314
0 0.42734375 0.55175983 0.009375 0.01449275
0 0.4953125 0.52639751 0.0125 0.02173913
0 0.29648437 0.52484472 0.01796875 0.02070393
0 0.65078125 0.51863354 0.01875 0.02070393
0 0.5453125 0.51811594 0.0171875 0.02380952
0 0.32226562 0.51242236 0.00703125 0.01242236
0 0.51445312 0.50672877 0.01015625 0.01138716
0 0.55625 0.48240165 0.015625 0.02070393
0 0.37460937 0.47256728 0.01171875 0.01966873
0 0.50546875 0.46842650 0.0109375 0.01552795
0 0.68242187 0.46325051 0.01953125 0.02380952
0 0.37460937 0.45082815 0.01484375 0.01759834
0 0.5671875 0.44358178 0.0171875 0.02380952
0 0.30078125 0.42598343 0.0109375 0.01345755
0 0.38320312 0.41045548 0.01015625 0.01552795
0 0.44609375 0.41045548 0.0171875 0.02380952
0 0.47109375 0.40113871 0.0171875 0.02380952
0 0.40117187 0.39855072 0.01171875 0.01863354
0 0.6578125 0.39648033 0.015625 0.01863354
0 0.60273437 0.39699792 0.01015625 0.02587991
0 0.4078125 0.38250517 0.0125 0.01552795
0 0.43984375 0.37215320 0.0171875 0.01552795
0 0.503125 0.34627329 0.009375 0.01552795
0 0.47617187 0.33436853 0.01171875 0.01863354
0 0.40390625 0.32763975 0.0109375 0.01966873
0 0.61328125 0.32298136 0.0109375 0.01656314
0 0.35703125 0.27898550 0.0171875 0.02380952
0 0.55703125 0.26915113 0.009375 0.01656314
0 0.61015625 0.25724637 0.0109375 0.01345755
0 0.51640625 0.25672877 0.0125 0.01242236
0 0.47695312 0.24378881 0.01171875 0.01345755
0 0.33085937 0.22826086 0.01015625 0.01759834
0 0.58007812 0.21221532 0.01171875 0.01656314
0 0.48398437 0.19047619 0.01484375 0.01449275
0 0.48984375 0.14544513 0.0109375 0.01345755
0 0.64960937 0.13664596 0.01015625 0.01656314
0 0.42070312 0.12732919 0.01328125 0.01035196
0 0.58046875 0.10300207 0.0140625 0.01345755
0 0.365625 0.09575569 0.0125 0.01759834
0 0.5765625 0.08074534 0.0078125 0.01242236
0 0.3578125 0.08022774 0.0125 0.01138716
0 0.52539062 0.08488612 0.01328125 0.03312629
0 0.63164062 0.07453416 0.01328125 0.01656314
0 0.35585937 0.06314699 0.00859375 0.01035196
0 0.57070312 0.06366459 0.01328125 0.01552795
0 0.39726562 0.05900621 0.01953125 0.01242236
0 0.59453125 0.05952380 0.0125 0.01552795
0 0.49296875 0.05383022 0.0171875 0.03105590
0 0.64023437 0.02329192 0.01015625 0.01966873
0 0.65742187 0.01656314 0.01640625 0.03105590
0 0.5328125 0.00414078 0.015625 0.00828157