0 0.31757812 0.98395445 0.01640625 0.00931677
0 0.515625 0.89492753 0.01875 0.02173913
0 0.65429687 0.85144927 0.01796875 0.01345755
0 0.6671875 0.81987577 0.0125 0.01656314
0 0.340625 0.81780538 0.0140625 0.01863354
0 0.43515625 0.76966873 0.0140625 0.01759834
0 0.66835937 0.71480331 0.01328125 0.01552795
0 0.5734375 0.65734989 0.0140625 0.01863354
0 0.34570312 0.60973084 0.01328125 0.00828157
0 0.51289062 0.47153209 0.01484375 0.01759834
0 0.54414062 0.35973084 0.02109375 0.02380952
0 0.64960937 0.35662525 0.01796875 0.02380952
0 0.62890625 0.33178053 0.009375 0.01552795
0 0.60039062 0.27587991 0.01796875 0.01552795
0 0.50898437 0.27587991 0.01171875 0.02173913
0 0.384375 0.26449275 0.01875 0.02173913
0 0.36914062 0.23136645 0.01015625 0.01966873
0 0.54335937 0.18064182 0.01484375 0.01966873
0 0.5875 0.13354037 0.0140625 0.01656314
0 0.56171875 0.09265010 0.0125 0.01759834
0 0.67226562 0.01863354 0.00703125 0.01449275