0 0.40742187 0.87370600 0.02265625 0.01449275
0 0.409375 0.83229813 0.015625 0.02277432
0 0.42578125 0.82401656 0.015625 0.03105590
0 0.34804687 0.78623188 0.03828125 0.06521739
0 0.4578125 0.73291925 0.015625 0.02070393
0 0.59804687 0.71583850 0.01484375 0.01552795
0 0.64335937 0.71635610 0.01484375 0.02484472
0 0.55859375 0.69047619 0.0140625 0.01449275
0 0.67226562 0.61076604 0.01484375 0.02484472
0 0.61914062 0.60351966 0.01484375 0.02691511
0 0.57304687 0.60817805 0.03203125 0.03830227
0 0.3390625 0.53416149 0.0453125 0.05590062
0 0.36210937 0.45755693 0.01640625 0.02484472
0 0.43164062 0.44513457 0.01640625 0.01449275
0 0.31992187 0.43478260 0.01484375 0.02691511
0 0.3953125 0.33488612 0.015625 0.02380952
0 0.59492187 0.30693581 0.02109375 0.02380952
0 0.628125 0.31469979 0.0296875 0.04554865
0 0.42265625 0.29554865 0.0296875 0.02173913
0 0.58164062 0.12370600 0.02890625 0.04037267
0 0.37070312 0.06418219 0.01328125 0.02070393