0 0.42929687 0.89026915 0.01484375 0.01449275
0 0.39375 0.88198757 0.0171875 0.03105590
0 0.3234375 0.86490683 0.0109375 0.02173913
0 0.67148437 0.86231884 0.01953125 0.02484472
0 0.4875 0.86335403 0.025 0.02898550
0 0.64765625 0.84420289 0.0171875 0.02587991
0 0.41796875 0.82349896 0.0328125 0.04037267
0 0.47539062 0.80072463 0.01640625 0.01966873
0 0.36132812 0.78416149 0.01171875 0.02795031
0 0.64296875 0.77743271 0.0140625 0.01863354
0 0.49492187 0.76708074 0.01484375 0.02277432
0 0.64414062 0.70600414 0.01796875 0.04554865
0 0.58867187 0.66718426 0.01796875 0.01966873
0 0.66953125 0.60973084 0.0203125 0.02691511
0 0.59609375 0.50207039 0.0234375 0.03312629
0 0.64648437 0.43892339 0.01640625 0.03726708
0 0.43164062 0.42339544 0.01640625 0.03105590
0 0.45429687 0.39389233 0.01640625 0.02380952
0 0.42265625 0.31677018 0.0296875 0.02070393
0 0.4765625 0.29554865 0.0140625 0.02173913
0 0.52773437 0.27743271 0.01640625 0.03105590
0 0.58007812 0.24482401 0.01640625 0.02173913
0 0.49648437 0.23861283 0.01796875 0.03002070
0 0.53085937 0.22412008 0.01796875 0.02380952
0 0.63476562 0.09523809 0.01171875 0.02070393