0 0.5140625 0.99378881 0.0140625 0.01242236
0 0.54921875 0.98602484 0.0171875 0.02380952
0 0.3671875 0.97567287 0.021875 0.02587991
0 0.44179687 0.96842650 0.01171875 0.03209109
0 0.29257812 0.91459627 0.01171875 0.01966873
0 0.45742187 0.90113871 0.01328125 0.01345755
0 0.54375 0.89648033 0.0109375 0.01449275
0 0.51328125 0.89026915 0.0078125 0.01242236
0 0.63476562 0.88975155 0.00859375 0.01345755
0 0.434375 0.89389233 0.0171875 0.02380952
0 0.34765625 0.89182194 0.0171875 0.02380952
0 0.37890625 0.87939958 0.0125 0.01552795
0 0.32734375 0.88043478 0.0140625 0.01759834
0 0.40078125 0.86128364 0.0125 0.01863354
0 0.67304687 0.84316770 0.01171875 0.01345755
0 0.38203125 0.85196687 0.0203125 0.03105590
0 0.58632812 0.83333333 0.00859375 0.01242236
0 0.46914062 0.83799171 0.01171875 0.02795031
0 0.39570312 0.82919254 0.00859375 0.01242236
0 0.57109375 0.83074534 0.0125 0.01759834
0 0.33085937 0.82608695 0.01015625 0.01449275
0 0.49648437 0.81625258 0.01015625 0.01759834
0 0.3546875 0.81107660 0.009375 0.01138716
0 0.29570312 0.80590062 0.01484375 0.02380952
0 0.57617187 0.79710144 0.01015625 0.01863354
0 0.5078125 0.78571428 0.015625 0.01656314
0 0.58125 0.77225672 0.009375 0.01242236
0 0.57421875 0.75414078 0.0171875 0.01138716
0 0.42226562 0.75051759 0.02890625 0.01656314
0 0.62773437 0.75155279 0.02734375 0.03105590
0 0.37226562 0.73809523 0.00859375 0.01242236
0 0.44023437 0.73706004 0.00859375 0.01242236
0 0.3125 0.73964803 0.0171875 0.02380952
0 0.56328125 0.73240165 0.0171875 0.02380952
0 0.6203125 0.71169772 0.0109375 0.01759834
0 0.31640625 0.69358178 0.0125 0.01656314
0 0.63984375 0.69616977 0.0171875 0.02380952
0 0.40859375 0.68581780 0.0171875 0.02380952
0 0.50625 0.67494824 0.009375 0.01242236
0 0.33085937 0.60455486 0.01171875 0.02277432
0 0.63984375 0.59213250 0.009375 0.01035196
0 0.36953125 0.55848861 0.0109375 0.01552795
0 0.39609375 0.55952380 0.009375 0.02587991
0 0.41367187 0.52329192 0.01171875 0.01966873
0 0.4640625 0.51915113 0.0125 0.01552795
0 0.54453125 0.49430641 0.0078125 0.01345755
0 0.52382812 0.50207039 0.01328125 0.03933747
0 0.51484375 0.47360248 0.0125 0.01345755
0 0.48046875 0.47567287 0.0140625 0.01759834
0 0.59375 0.47204968 0.009375 0.01656314
0 0.57226562 0.45962732 0.01171875 0.01242236
0 0.45195312 0.44772256 0.01796875 0.02380952
0 0.52890625 0.44358178 0.0109375 0.01759834
0 0.48164062 0.42546583 0.01171875 0.01449275
0 0.52109375 0.41459627 0.0171875 0.02380952
0 0.35429687 0.40631469 0.01171875 0.01552795
0 0.68789062 0.39958592 0.00859375 0.01863354
0 0.57304687 0.38302277 0.01171875 0.01242236
0 0.62304687 0.37474120 0.01171875 0.01449275
0 0.4828125 0.37474120 0.0109375 0.01656314
0 0.328125 0.37836438 0.0171875 0.02380952
0 0.44492187 0.35403726 0.01484375 0.01863354
0 0.50273437 0.34523809 0.01328125 0.01552795
0 0.384375 0.33592132 0.0171875 0.01138716
0 0.33671875 0.30383022 0.0171875 0.02380952
0 0.59257812 0.28726708 0.01015625 0.01138716
0 0.5046875 0.27484472 0.0078125 0.01552795
0 0.35429687 0.27587991 0.01484375 0.01966873
0 0.546875 0.26863354 0.0140625 0.01759834
0 0.44960937 0.26242236 0.02421875 0.03830227
0 0.4828125 0.24844720 0.009375 0.01242236
0 0.42421875 0.24171842 0.0140625 0.01345755
0 0.3765625 0.22412008 0.0171875 0.02380952
0 0.5828125 0.21842650 0.0125 0.01863354
0 0.625 0.18995859 0.0109375 0.01345755
0 0.45117187 0.19358178 0.01640625 0.02484472
0 0.43476562 0.17028985 0.01015625 0.01552795
0 0.61054687 0.17080745 0.01328125 0.02070393
0 0.33828125 0.15838509 0.0109375 0.01656314
0 0.36523437 0.14751552 0.00859375 0.01345755
0 0.45664062 0.14958592 0.00703125 0.02173913
0 0.64765625 0.12888198 0.0140625 0.01345755
0 0.52421875 0.12318840 0.0109375 0.01035196
0 0.63515625 0.11956521 0.009375 0.02380952
0 0.4328125 0.11853002 0.0125 0.02173913
0 0.58046875 0.09886128 0.0125 0.01552795
0 0.63671875 0.07453416 0.0109375 0.01449275
0 0.58203125 0.05538302 0.0171875 0.03002070
0 0.37578125 0.03105590 0.0171875 0.02277432
0 0.43203125 0.01397515 0.0171875 0.02380952