0 0.696875 0.96894409 0.00625 0.01242236
0 0.425 0.84730848 0.0171875 0.03002070
0 0.503125 0.79710144 0.0203125 0.02898550
0 0.6140625 0.71532091 0.0296875 0.02691511
0 0.45273437 0.71169772 0.01328125 0.01966873
0 0.3734375 0.63302277 0.0390625 0.04037267
0 0.52109375 0.61076604 0.0171875 0.02691511
0 0.60820312 0.61128364 0.02578125 0.03209109
0 0.36054687 0.58643892 0.01171875 0.01966873
0 0.64453125 0.59161490 0.0296875 0.04244306
0 0.49375 0.56107660 0.0125 0.02070393
0 0.52382812 0.55020703 0.02109375 0.02587991
0 0.33632812 0.44461697 0.02109375 0.02380952
0 0.55351562 0.38819875 0.01484375 0.02484472
0 0.446875 0.33592132 0.025 0.03830227
0 0.3796875 0.31521739 0.0140625 0.02380952
0 0.49960937 0.29813664 0.01484375 0.02070393
0 0.52734375 0.13405797 0.0125 0.01552795
0 0.64375 0.12991718 0.021875 0.01966873
0 0.60117187 0.10507246 0.01015625 0.01345755
0 0.52265625 0.10248447 0.0125 0.02691511
0 0.61054687 0.00621118 0.01953125 0.01242236