0 0.47265625 0.96273291 0.0140625 0.01035196
0 0.6203125 0.86542443 0.015625 0.01656314
0 0.57304687 0.85610766 0.01796875 0.02277432
0 0.63632812 0.76966873 0.02109375 0.02173913
0 0.2984375 0.74948240 0.0140625 0.02277432
0 0.4484375 0.73757763 0.01875 0.02380952
0 0.32929687 0.65890269 0.02421875 0.01966873
0 0.29570312 0.61387163 0.01171875 0.01449275
0 0.44609375 0.60869565 0.0203125 0.02484472
0 0.353125 0.52743271 0.0171875 0.03002070
0 0.475 0.41304347 0.0171875 0.02484472
0 0.33515625 0.34472049 0.0203125 0.02484472
0 0.425 0.31055900 0.0234375 0.02691511
0 0.63085937 0.01552795 0.01796875 0.02070393