0 0.40859375 0.97929606 0.015625 0.01242236
0 0.54453125 0.96635610 0.0203125 0.03623188
0 0.6515625 0.95703933 0.0140625 0.03002070
0 0.43710937 0.94720496 0.01328125 0.01242236
0 0.41210937 0.93685300 0.01953125 0.01242236
0 0.59492187 0.90424430 0.03515625 0.01552795
0 0.36914062 0.89596273 0.01328125 0.01759834
0 0.56679687 0.89078674 0.01171875 0.01759834
0 0.58867187 0.88457556 0.01015625 0.01345755
0 0.36289062 0.86956521 0.01171875 0.01449275
0 0.54414062 0.87008281 0.02109375 0.02173913
0 0.59335937 0.84989648 0.01328125 0.02070393
0 0.43945312 0.85196687 0.00859375 0.02484472
0 0.6703125 0.84627329 0.0125 0.01759834
0 0.47773437 0.84265010 0.01171875 0.01656314
0 0.4421875 0.82246376 0.009375 0.01345755
0 0.39453125 0.80486542 0.0171875 0.00931677
0 0.34375 0.80279503 0.009375 0.01138716
0 0.62109375 0.79554865 0.009375 0.01552795
0 0.31796875 0.76449275 0.0109375 0.01345755
0 0.59140625 0.75051759 0.009375 0.01863354
0 0.48007812 0.74585921 0.01171875 0.01345755
0 0.3078125 0.74792960 0.0109375 0.01759834
0 0.44140625 0.73447204 0.0125 0.01759834
0 0.39882812 0.72981366 0.00703125 0.01863354
0 0.62265625 0.72204968 0.0171875 0.02380952
0 0.47695312 0.70910973 0.01171875 0.01656314
0 0.57382812 0.70134575 0.01171875 0.01552795
0 0.29804687 0.68788819 0.01328125 0.00931677
0 0.59882812 0.68737060 0.01171875 0.01242236
0 0.4484375 0.68892339 0.0125 0.01759834
0 0.5578125 0.68530020 0.0171875 0.02277432
0 0.31601562 0.66821946 0.01171875 0.01966873
0 0.36523437 0.66097308 0.01015625 0.01966873
0 0.50664062 0.63250517 0.00859375 0.01449275
0 0.4640625 0.61645962 0.009375 0.01138716
0 0.44375 0.61645962 0.0171875 0.02380952
0 0.29609375 0.61076604 0.015625 0.02691511
0 0.36328125 0.61853002 0.01875 0.04658385
0 0.64296875 0.59316770 0.009375 0.01449275
0 0.67304687 0.59109730 0.01015625 0.02070393
0 0.66679687 0.57194616 0.01015625 0.01345755
0 0.65390625 0.55538302 0.0078125 0.01138716
0 0.53515625 0.54917184 0.0171875 0.02380952
0 0.58828125 0.54865424 0.0171875 0.02898550
0 0.29257812 0.52898550 0.00859375 0.01035196
0 0.35859375 0.54451345 0.03125 0.04554865
0 0.49335937 0.52070393 0.01796875 0.02484472
0 0.57304687 0.50672877 0.01171875 0.01552795
0 0.378125 0.50828157 0.0140625 0.01863354
0 0.42539062 0.48550724 0.00859375 0.01863354
0 0.55546875 0.48343685 0.0109375 0.03105590
0 0.36015625 0.48136645 0.015625 0.02898550
0 0.29257812 0.47515527 0.00859375 0.01656314
0 0.51523437 0.47463768 0.02421875 0.04658385
0 0.6296875 0.43633540 0.0125 0.01759834
0 0.4015625 0.42184265 0.009375 0.01138716
0 0.5484375 0.42391304 0.03125 0.03209109
0 0.41679687 0.40424430 0.01328125 0.01759834
0 0.31992187 0.39803312 0.01171875 0.01345755
0 0.45234375 0.39544513 0.0125 0.01449275
0 0.56757812 0.39285714 0.01015625 0.01345755
0 0.47539062 0.38095238 0.01015625 0.01242236
0 0.36992187 0.36749482 0.01015625 0.01449275
0 0.63515625 0.34730848 0.009375 0.01345755
0 0.37578125 0.34937888 0.015625 0.01759834
0 0.56171875 0.34368530 0.009375 0.01242236
0 0.61015625 0.33695652 0.0171875 0.02380952
0 0.45078125 0.32091097 0.0171875 0.03519668
0 0.3484375 0.31418219 0.0171875 0.02380952
0 0.42890625 0.28881987 0.0203125 0.01863354
0 0.51054687 0.27432712 0.01171875 0.02070393
0 0.39140625 0.25621118 0.0140625 0.01759834
0 0.37070312 0.25310559 0.01328125 0.01345755
0 0.55039062 0.24741200 0.01015625 0.02277432
0 0.59140625 0.23964803 0.0109375 0.01759834
0 0.38085937 0.23188405 0.01640625 0.02277432
0 0.44648437 0.21894409 0.00859375 0.01552795
0 0.55117187 0.21118012 0.01171875 0.01242236
0 0.51171875 0.21273291 0.0171875 0.02380952
0 0.3484375 0.20445134 0.0171875 0.02173913
0 0.4515625 0.17028985 0.015625 0.01759834
0 0.43398437 0.15165631 0.00859375 0.00931677
0 0.54960937 0.14389233 0.01953125 0.01449275
0 0.440625 0.12163561 0.021875 0.01966873
0 0.63476562 0.07039337 0.00859375 0.01242236