0 0.371875 0.99378881 0.015625 0.01242236
0 0.40390625 0.98136645 0.0125 0.02070393
0 0.321875 0.96894409 0.0109375 0.01656314
0 0.5171875 0.96221532 0.0171875 0.02380952
0 0.4453125 0.94151138 0.015625 0.02380952
0 0.65351562 0.93530020 0.01171875 0.01759834
0 0.5875 0.91511387 0.0109375 0.01656314
0 0.61796875 0.91252587 0.0171875 0.02380952
0 0.428125 0.89544513 0.0078125 0.02691511
0 0.67265625 0.89130434 0.0140625 0.02277432
0 0.56796875 0.88716356 0.0109375 0.01449275
0 0.609375 0.88095238 0.009375 0.01242236
0 0.52070312 0.87422360 0.01484375 0.01552795
0 0.6703125 0.86335403 0.0125 0.01242236
0 0.55390625 0.86801242 0.0171875 0.02380952
0 0.57773437 0.84420289 0.01640625 0.02587991
0 0.68554687 0.82556935 0.01171875 0.01966873
0 0.478125 0.81987577 0.015625 0.01656314
0 0.50585937 0.79606625 0.01640625 0.03312629
0 0.48710937 0.78519668 0.01796875 0.01759834
0 0.30742187 0.78364389 0.00703125 0.02070393
0 0.61835937 0.76966873 0.01484375 0.02587991
0 0.315625 0.76138716 0.0125 0.01345755
0 0.42460937 0.75258799 0.01015625 0.02070393
0 0.65390625 0.74223602 0.0125 0.01449275
0 0.609375 0.74327122 0.0125 0.01656314
0 0.39179687 0.73291925 0.01015625 0.01242236
0 0.6421875 0.73447204 0.0078125 0.01966873
0 0.4234375 0.72929606 0.0109375 0.01759834
0 0.509375 0.68374741 0.0109375 0.01759834
0 0.38554687 0.65476190 0.01015625 0.01345755
0 0.5203125 0.65890269 0.0171875 0.02380952
0 0.503125 0.65424430 0.0125 0.01449275
0 0.63007812 0.65424430 0.01171875 0.01656314
0 0.65078125 0.64285714 0.0109375 0.01242236
0 0.29921875 0.64492753 0.0125 0.01863354
0 0.55390625 0.63871635 0.0234375 0.02691511
0 0.628125 0.62577639 0.0109375 0.01345755
0 0.47929687 0.60973084 0.02421875 0.01863354
0 0.6546875 0.58902691 0.009375 0.01242236
0 0.4359375 0.59679089 0.0140625 0.03209109
0 0.34414062 0.57142857 0.00859375 0.01449275
0 0.3984375 0.56573498 0.0171875 0.02380952
0 0.51992187 0.54606625 0.01484375 0.01138716
0 0.45234375 0.54503105 0.009375 0.01345755
0 0.38359375 0.54347826 0.0078125 0.01242236
0 0.38046875 0.51242236 0.0125 0.01449275
0 0.53320312 0.48913043 0.01640625 0.01138716
0 0.59179687 0.48498964 0.01171875 0.01552795
0 0.38359375 0.48188405 0.0171875 0.02380952
0 0.49492187 0.46997929 0.01484375 0.01863354
0 0.653125 0.46997929 0.0140625 0.02484472
0 0.51289062 0.46066252 0.01171875 0.01449275
0 0.42148437 0.46325051 0.01015625 0.02380952
0 0.55703125 0.46221532 0.0171875 0.02380952
0 0.2984375 0.45755693 0.0203125 0.03726708
0 0.31601562 0.40838509 0.01328125 0.01345755
0 0.53945312 0.39337474 0.00859375 0.01449275
0 0.48359375 0.39078674 0.0109375 0.01138716
0 0.359375 0.39182194 0.0109375 0.01345755
0 0.41875 0.40372670 0.025 0.04347826
0 0.61210937 0.37888198 0.01328125 0.01242236
0 0.63789062 0.37267080 0.00859375 0.01449275
0 0.540625 0.37267080 0.0140625 0.01449275
0 0.58671875 0.36438923 0.0109375 0.01449275
0 0.46054687 0.32919254 0.01171875 0.01242236
0 0.44335937 0.32556935 0.01015625 0.01345755
0 0.42226562 0.30590062 0.01171875 0.01552795
0 0.62382812 0.30279503 0.00859375 0.02795031
0 0.59453125 0.29451345 0.0125 0.01345755
0 0.60742187 0.29554865 0.00859375 0.01966873
0 0.61054687 0.27536231 0.01171875 0.01656314
0 0.53125 0.26604554 0.0109375 0.01242236
0 0.38242187 0.26035196 0.02578125 0.01552795
0 0.50429687 0.25155279 0.00859375 0.01242236
0 0.61015625 0.24171842 0.0171875 0.02380952
0 0.33632812 0.23809523 0.01171875 0.01656314
0 0.59335937 0.22463768 0.01171875 0.01656314
0 0.53242187 0.22877846 0.02578125 0.02691511
0 0.41171875 0.20186335 0.015625 0.01863354
0 0.63867187 0.18944099 0.01328125 0.02070393
0 0.6265625 0.13871635 0.0109375 0.02070393
0 0.51132812 0.11128364 0.00859375 0.02173913
0 0.390625 0.09057971 0.0171875 0.02380952
0 0.59804687 0.08126293 0.01015625 0.01552795
0 0.43320312 0.07867494 0.01796875 0.02070393
0 0.58007812 0.05227743 0.01171875 0.01552795
0 0.67421875 0.04399585 0.0171875 0.02380952
0 0.56210937 0.03105590 0.01640625 0.01656314