0 0.37460937 0.91459627 0.01484375 0.01138716
0 0.42421875 0.91614906 0.0109375 0.01656314
0 0.63515625 0.91045548 0.0171875 0.02380952
0 0.5265625 0.90838509 0.0109375 0.01966873
0 0.40546875 0.90269151 0.0140625 0.01863354
0 0.32265625 0.88457556 0.015625 0.01759834
0 0.6171875 0.87991718 0.009375 0.01242236
0 0.5921875 0.87525879 0.0078125 0.01138716
0 0.36953125 0.87422360 0.0125 0.01759834
0 0.30507812 0.84834368 0.00859375 0.01138716
0 0.596875 0.84316770 0.0140625 0.02173913
0 0.51367187 0.83488612 0.01015625 0.01345755
0 0.4078125 0.83281573 0.009375 0.01345755
0 0.45976562 0.81987577 0.00859375 0.01242236
0 0.3515625 0.80952380 0.009375 0.01242236
0 0.565625 0.78933747 0.0109375 0.01345755
0 0.37890625 0.78416149 0.0171875 0.02380952
0 0.5234375 0.75569358 0.0125 0.02070393
0 0.46835937 0.74327122 0.01796875 0.02070393
0 0.6546875 0.73602484 0.009375 0.01242236
0 0.49335937 0.71842650 0.01328125 0.02070393
0 0.58125 0.71635610 0.0328125 0.03726708
0 0.61914062 0.68012422 0.01484375 0.01863354
0 0.56601562 0.67650103 0.01015625 0.01552795
0 0.4171875 0.67598343 0.0203125 0.02898550
0 0.43476562 0.65424430 0.01171875 0.01656314
0 0.31875 0.62474120 0.0125 0.01966873
0 0.52226562 0.61697722 0.00859375 0.01863354
0 0.634375 0.61749482 0.0171875 0.02380952
0 0.36289062 0.62111801 0.01640625 0.03519668
0 0.590625 0.60507246 0.0140625 0.00931677
0 0.47460937 0.60766045 0.02109375 0.02484472
0 0.40625 0.60041407 0.0109375 0.01449275
0 0.48710937 0.56469979 0.01328125 0.01345755
0 0.40664062 0.56521739 0.01484375 0.01449275
0 0.35273437 0.56107660 0.01328125 0.01242236
0 0.55820312 0.53881987 0.01171875 0.01966873
0 0.63125 0.52018633 0.0171875 0.02380952
0 0.67070312 0.50931677 0.00859375 0.01035196
0 0.54335937 0.50879917 0.01015625 0.01966873
0 0.4046875 0.50828157 0.0078125 0.02484472
0 0.35 0.49741200 0.0140625 0.01759834
0 0.59726562 0.49792960 0.01796875 0.02070393
0 0.62539062 0.49741200 0.00703125 0.02173913
0 0.30546875 0.49068322 0.0140625 0.02070393
0 0.59882812 0.46169772 0.01171875 0.01449275
0 0.57382812 0.46118012 0.01796875 0.01345755
0 0.4140625 0.46118012 0.0203125 0.01345755
0 0.37304687 0.46428571 0.01484375 0.01966873
0 0.51484375 0.45755693 0.0109375 0.02277432
0 0.47773437 0.45031055 0.01015625 0.01449275
0 0.42382812 0.44254658 0.01171875 0.01759834
0 0.4 0.43271221 0.0171875 0.01242236
0 0.55664062 0.42805383 0.01015625 0.01345755
0 0.45859375 0.42443064 0.009375 0.01449275
0 0.64609375 0.41614906 0.009375 0.01242236
0 0.3109375 0.41925465 0.01875 0.02070393
0 0.46914062 0.40631469 0.01171875 0.01759834
0 0.68398437 0.40269151 0.01484375 0.01863354
0 0.52578125 0.40113871 0.015625 0.02173913
0 0.32695312 0.39285714 0.01015625 0.01552795
0 0.45351562 0.37732919 0.01171875 0.01345755
0 0.63320312 0.36490683 0.02109375 0.02587991
0 0.34960937 0.35921325 0.01171875 0.01449275
0 0.50976562 0.36387163 0.03046875 0.03002070
0 0.41132812 0.32815734 0.01796875 0.01656314
0 0.4984375 0.32919254 0.0171875 0.02484472
0 0.4328125 0.30952380 0.0109375 0.01242236
0 0.37148437 0.28985507 0.01640625 0.01242236
0 0.42890625 0.27122153 0.009375 0.01242236
0 0.44375 0.26035196 0.0109375 0.01552795
0 0.55 0.23395445 0.0109375 0.01863354
0 0.52773437 0.22877846 0.01484375 0.01242236
0 0.51328125 0.21842650 0.009375 0.01035196
0 0.48242187 0.22101449 0.01171875 0.03416149
0 0.40859375 0.21376811 0.0171875 0.02380952
0 0.47304687 0.20341614 0.01015625 0.01552795
0 0.5578125 0.18478260 0.0171875 0.02380952
0 0.37578125 0.15062111 0.0125 0.01552795
0 0.359375 0.14648033 0.0171875 0.02795031
0 0.47890625 0.12939958 0.0109375 0.02484472
0 0.6390625 0.11542443 0.0171875 0.02380952
0 0.42265625 0.09057971 0.009375 0.01552795
0 0.62773437 0.06055900 0.01953125 0.01759834
0 0.38671875 0.05797101 0.0109375 0.01449275
0 0.29609375 0.02587991 0.01875 0.01863354
0 0.50117187 0.00828157 0.01484375 0.01656314