0 0.6640625 0.94358178 0.0234375 0.02795031
0 0.54335937 0.87474120 0.01171875 0.01863354
0 0.52539062 0.85973084 0.01171875 0.02173913
0 0.4203125 0.84523809 0.0140625 0.02173913
0 0.38398437 0.74948240 0.01953125 0.01863354
0 0.57539062 0.71376811 0.01640625 0.01966873
0 0.30703125 0.71480331 0.0125 0.02587991
0 0.39960937 0.69358178 0.02421875 0.02691511
0 0.50351562 0.67805383 0.01640625 0.02070393
0 0.47695312 0.55745341 0.02109375 0.01966873
0 0.55625 0.53053830 0.015625 0.02173913
0 0.3953125 0.52691511 0.0125 0.01656314
0 0.46367187 0.51811594 0.01484375 0.01759834
0 0.3015625 0.45807453 0.0234375 0.01966873
0 0.67773437 0.45755693 0.01953125 0.02070393
0 0.40703125 0.43892339 0.0203125 0.02070393
0 0.5421875 0.41666666 0.01875 0.01966873
0 0.58828125 0.37474120 0.021875 0.02484472
0 0.56992187 0.35093167 0.01796875 0.02070393
0 0.4375 0.33695652 0.0203125 0.02173913
0 0.60351562 0.32091097 0.01015625 0.00828157
0 0.58359375 0.22308488 0.0140625 0.01966873
0 0.521875 0.21066252 0.009375 0.01345755
0 0.61367187 0.20755693 0.01328125 0.01552795
0 0.47265625 0.16045548 0.015625 0.02070393
0 0.37304687 0.09057971 0.01015625 0.01345755
0 0.38710937 0.07298136 0.01015625 0.01759834