0 0.64335937 0.90838509 0.01640625 0.01759834
0 0.50625 0.89906832 0.0109375 0.02173913
0 0.6046875 0.79296066 0.0125 0.01656314
0 0.6140625 0.73240165 0.0125 0.01345755
0 0.3078125 0.73964803 0.015625 0.03002070
0 0.50390625 0.65320910 0.015625 0.03105590
0 0.36640625 0.47826086 0.0171875 0.01863354
0 0.46914062 0.45755693 0.01953125 0.00828157
0 0.36367187 0.44668737 0.01796875 0.02380952
0 0.45273437 0.35455486 0.01484375 0.02380952
0 0.60507812 0.31366459 0.01796875 0.02070393
0 0.38085937 0.30383022 0.02109375 0.04037267
0 0.45273437 0.27122153 0.02578125 0.02484472
0 0.64726562 0.13975155 0.01484375 0.01863354
0 0.50820312 0.13509316 0.02265625 0.02587991
0 0.621875 0.10093167 0.015625 0.02380952