0 0.59492187 0.88871635 0.02734375 0.02795031
0 0.43984375 0.85817805 0.0171875 0.02070393
0 0.40390625 0.85610766 0.0203125 0.02691511
0 0.66992187 0.84523809 0.01484375 0.03416149
0 0.49921875 0.80124223 0.0234375 0.02070393
0 0.33359375 0.78571428 0.015625 0.04968944
0 0.35898437 0.73395445 0.01484375 0.01449275
0 0.61367187 0.73757763 0.01796875 0.02380952
0 0.64453125 0.66718426 0.01875 0.02173913
0 0.659375 0.56159420 0.0359375 0.01966873
0 0.64375 0.42546583 0.01875 0.02898550
0 0.56328125 0.42546583 0.0171875 0.02898550
0 0.65546875 0.39233954 0.0234375 0.02898550
0 0.57851562 0.37784679 0.03671875 0.04554865
0 0.49179687 0.33850931 0.01640625 0.02070393
0 0.51015625 0.29865424 0.0203125 0.03002070
0 0.3953125 0.29037267 0.015625 0.02380952
0 0.63242187 0.28053830 0.01484375 0.02277432
0 0.60507812 0.23188405 0.01640625 0.02484472
0 0.44335937 0.22308488 0.01171875 0.01759834
0 0.51171875 0.22360248 0.028125 0.02691511
0 0.621875 0.07971014 0.0140625 0.05175983