0 0.5515625 0.86490683 0.01875 0.03209109
0 0.44570312 0.80538302 0.01484375 0.02277432
0 0.51523437 0.76811594 0.02109375 0.02898550
0 0.44492187 0.73757763 0.00859375 0.00931677
0 0.65859375 0.72515527 0.0203125 0.02795031
0 0.4125 0.68633540 0.0140625 0.02277432
0 0.32617187 0.64285714 0.02109375 0.03312629
0 0.31523437 0.61024844 0.02578125 0.01966873
0 0.51015625 0.57298136 0.0125 0.01552795
0 0.46796875 0.48913043 0.0140625 0.01138716
0 0.64414062 0.40786749 0.01640625 0.03105590
0 0.58867187 0.33385093 0.01796875 0.02173913
0 0.6109375 0.31418219 0.009375 0.02380952
0 0.64257812 0.24792960 0.01328125 0.01552795
0 0.52382812 0.24430641 0.01953125 0.02070393
0 0.509375 0.18737060 0.0171875 0.02277432
0 0.540625 0.15476190 0.009375 0.01759834
0 0.415625 0.13819875 0.015625 0.02587991
0 0.4640625 0.10196687 0.0234375 0.03002070
0 0.3640625 0.05900621 0.01875 0.02484472
0 0.49765625 0.03467908 0.009375 0.02587991