0 0.59140625 0.93633540 0.0140625 0.02380952
0 0.3203125 0.81780538 0.0171875 0.02691511
0 0.546875 0.61645962 0.0140625 0.01759834
0 0.60117187 0.59161490 0.01640625 0.01759834
0 0.45 0.57142857 0.0234375 0.02691511
0 0.60820312 0.53933747 0.01328125 0.02484472
0 0.5546875 0.45755693 0.0125 0.02070393
0 0.62070312 0.41356107 0.02421875 0.02587991
0 0.32773437 0.40579710 0.00546875 0.01656314
0 0.66289062 0.38871635 0.01796875 0.00931677
0 0.5140625 0.23706004 0.01875 0.01863354
0 0.62226562 0.22774327 0.01640625 0.01863354
0 0.56445312 0.17184265 0.01015625 0.01242236
0 0.57148437 0.07712215 0.01953125 0.01345755