0 0.41679687 0.97670807 0.01171875 0.00931677
0 0.2953125 0.93219461 0.0171875 0.02587991
0 0.4875 0.83902691 0.0203125 0.02173913
0 0.42070312 0.83074534 0.01796875 0.02173913
0 0.29921875 0.80124223 0.0078125 0.01656314
0 0.37421875 0.76811594 0.0140625 0.02277432
0 0.40546875 0.60973084 0.0203125 0.02277432
0 0.528125 0.52587991 0.015625 0.01035196
0 0.65351562 0.52277432 0.01484375 0.02070393
0 0.4125 0.51915113 0.0109375 0.01759834
0 0.32304687 0.51242236 0.01484375 0.02070393
0 0.60273437 0.49585921 0.01484375 0.01656314
0 0.59492187 0.24327122 0.01953125 0.02070393
0 0.41875 0.18685300 0.0078125 0.01138716