0 0.59960937 0.99275362 0.01015625 0.01449275
0 0.28632812 0.96739130 0.01484375 0.01138716
0 0.56171875 0.93478260 0.0203125 0.01449275
0 0.54609375 0.91149068 0.0078125 0.01552795
0 0.52265625 0.91097308 0.0171875 0.02484472
0 0.6390625 0.89699792 0.0140625 0.01138716
0 0.43789062 0.88923395 0.00859375 0.01242236
0 0.65664062 0.87422360 0.01171875 0.01345755
0 0.5296875 0.87267080 0.009375 0.01863354
0 0.4125 0.83074534 0.0125 0.02173913
0 0.31484375 0.83178053 0.0171875 0.02380952
0 0.67148437 0.81884057 0.01953125 0.01656314
0 0.6015625 0.79089026 0.0125 0.01449275
0 0.39570312 0.78364389 0.01171875 0.01242236
0 0.315625 0.77484472 0.01875 0.03209109
0 0.38398437 0.75621118 0.00859375 0.01138716
0 0.6359375 0.74792960 0.0171875 0.01138716
0 0.65546875 0.73757763 0.0109375 0.01966873
0 0.59609375 0.73084886 0.025 0.01449275
0 0.6390625 0.72722567 0.0109375 0.01345755
0 0.50585937 0.71325051 0.01015625 0.01449275
0 0.46328125 0.70652173 0.0125 0.01345755
0 0.66289062 0.70807453 0.01328125 0.01863354
0 0.30742187 0.68012422 0.01484375 0.01242236
0 0.40273437 0.67391304 0.01171875 0.01449275
0 0.33125 0.66718426 0.009375 0.01552795
0 0.29375 0.66563146 0.0109375 0.01656314
0 0.55976562 0.66200828 0.01015625 0.01138716
0 0.35507812 0.63612836 0.01484375 0.01138716
0 0.60117187 0.62111801 0.01171875 0.01449275
0 0.52460937 0.61438923 0.01328125 0.01759834
0 0.56015625 0.61128364 0.0140625 0.01966873
0 0.45390625 0.61335403 0.015625 0.02587991
0 0.41757812 0.60610766 0.01171875 0.01759834
0 0.5609375 0.55279503 0.0203125 0.01863354
0 0.396875 0.55175983 0.0125 0.01656314
0 0.64726562 0.55020703 0.01015625 0.01759834
0 0.684375 0.53260869 0.015625 0.02173913
0 0.43476562 0.52795031 0.01015625 0.01242236
0 0.39609375 0.51345755 0.0171875 0.01863354
0 0.35 0.47204968 0.0125 0.01449275
0 0.3734375 0.47049689 0.0109375 0.01552795
0 0.49570312 0.46997929 0.02421875 0.02898550
0 0.6484375 0.44409937 0.0171875 0.02484472
0 0.4234375 0.43581780 0.0109375 0.01449275
0 0.54414062 0.43219461 0.02578125 0.02380952
0 0.60390625 0.43271221 0.021875 0.02691511
0 0.653125 0.42236024 0.0078125 0.01863354
0 0.63007812 0.41873706 0.01171875 0.01138716
0 0.43867187 0.39751552 0.01015625 0.01449275
0 0.55546875 0.39699792 0.0109375 0.01552795
0 0.68164062 0.38612836 0.01171875 0.01449275
0 0.64335937 0.37163561 0.01015625 0.01035196
0 0.62265625 0.36335403 0.021875 0.01242236
0 0.4734375 0.36749482 0.021875 0.02691511
0 0.4515625 0.36024844 0.0109375 0.01449275
0 0.60859375 0.34937888 0.009375 0.01138716
0 0.54609375 0.35351966 0.0109375 0.01966873
0 0.59414062 0.32919254 0.00859375 0.01035196
0 0.53515625 0.32505175 0.0109375 0.01449275
0 0.64453125 0.32763975 0.0171875 0.02380952
0 0.565625 0.31159420 0.0125 0.01863354
0 0.4203125 0.30745341 0.0125 0.01242236
0 0.61367187 0.31107660 0.01328125 0.02795031
0 0.63242187 0.28985507 0.01796875 0.01242236
0 0.60390625 0.27380952 0.0140625 0.01138716
0 0.44609375 0.27639751 0.0125 0.01863354
0 0.62578125 0.27277432 0.015625 0.02173913
0 0.34921875 0.27018633 0.0125 0.01656314
0 0.34257812 0.25310559 0.01640625 0.01552795
0 0.48710937 0.24689440 0.02109375 0.04037267
0 0.43125 0.23084886 0.0125 0.01035196
0 0.61484375 0.22981366 0.0109375 0.01449275
0 0.475 0.22929606 0.0171875 0.02380952
0 0.62109375 0.21118012 0.009375 0.01656314
0 0.53085937 0.17908902 0.00859375 0.01035196
0 0.37578125 0.18064182 0.0140625 0.01552795
0 0.55039062 0.17339544 0.01328125 0.01552795
0 0.4328125 0.16459627 0.009375 0.01449275
0 0.57851562 0.13509316 0.00859375 0.01552795
0 0.35429687 0.12525879 0.01171875 0.01242236
0 0.42773437 0.12318840 0.01484375 0.01863354
0 0.64375 0.11490683 0.0109375 0.01863354
0 0.596875 0.03260869 0.0140625 0.01345755
0 0.67421875 0.01656314 0.009375 0.02277432
0 0.4453125 0.00931677 0.009375 0.01656314
0 0.51289062 0.01138716 0.01015625 0.02277432