0 0.57851562 0.88509316 0.01796875 0.01656314
0 0.6546875 0.88302277 0.0203125 0.02277432
0 0.61367187 0.88457556 0.02578125 0.03416149
0 0.43984375 0.86283643 0.0171875 0.03002070
0 0.40976562 0.82349896 0.01640625 0.04037267
0 0.47773437 0.80072463 0.01171875 0.01966873
0 0.66289062 0.79710144 0.01484375 0.03105590
0 0.33359375 0.78571428 0.015625 0.04968944
0 0.5859375 0.75828157 0.021875 0.02587991
0 0.44179687 0.73809523 0.01640625 0.03105590
0 0.56289062 0.71014492 0.03671875 0.04140786
0 0.51171875 0.56262939 0.01875 0.02173913
0 0.35234375 0.55124223 0.01875 0.01966873
0 0.6671875 0.54710144 0.021875 0.02173913
0 0.44453125 0.52691511 0.021875 0.01449275
0 0.5609375 0.53674948 0.021875 0.03830227
0 0.40585937 0.40683229 0.01796875 0.01656314
0 0.60117187 0.38819875 0.01796875 0.02484472
0 0.38046875 0.38095238 0.0171875 0.02070393
0 0.48632812 0.37888198 0.01640625 0.02691511
0 0.51328125 0.34937888 0.0171875 0.03209109
0 0.63359375 0.32660455 0.01875 0.02173913
0 0.42265625 0.32091097 0.0296875 0.02898550
0 0.49648437 0.23861283 0.01796875 0.03002070
0 0.51953125 0.15631469 0.0125 0.02691511