0 0.6484375 0.97308488 0.0234375 0.01449275
0 0.44140625 0.97670807 0.0171875 0.02380952
0 0.52382812 0.95703933 0.01796875 0.01759834
0 0.48828125 0.92494824 0.0171875 0.02380952
0 0.40585937 0.89648033 0.02265625 0.01656314
0 0.38789062 0.89855072 0.01328125 0.02691511
0 0.60625 0.88716356 0.009375 0.01242236
0 0.65273437 0.88509316 0.01953125 0.02484472
0 0.45585937 0.87991718 0.01640625 0.02070393
0 0.55117187 0.87215320 0.01015625 0.01345755
0 0.315625 0.85455486 0.0125 0.01345755
0 0.40117187 0.84627329 0.01171875 0.01138716
0 0.58320312 0.84523809 0.00859375 0.01138716
0 0.421875 0.82453416 0.0109375 0.01759834
0 0.40859375 0.82142857 0.009375 0.01345755
0 0.35351562 0.81521739 0.01171875 0.01138716
0 0.60117187 0.81159420 0.01015625 0.01863354
0 0.3 0.81159420 0.0140625 0.01863354
0 0.63476562 0.79606625 0.01015625 0.01242236
0 0.5015625 0.78519668 0.0171875 0.02380952
0 0.35976562 0.78157349 0.02265625 0.01863354
0 0.41445312 0.74896480 0.02109375 0.02587991
0 0.5203125 0.74482401 0.0171875 0.02380952
0 0.615625 0.74068322 0.0171875 0.01966873
0 0.67148437 0.71687370 0.00703125 0.01759834
0 0.61992187 0.68944099 0.01328125 0.02070393
0 0.40625 0.67805383 0.0109375 0.01449275
0 0.48125 0.67546583 0.0140625 0.01759834
0 0.59296875 0.66873706 0.01875 0.01242236
0 0.42578125 0.66666666 0.0109375 0.01242236
0 0.47773437 0.65113871 0.01328125 0.01449275
0 0.328125 0.63664596 0.0140625 0.01863354
0 0.68320312 0.63405797 0.01796875 0.01966873
0 0.41875 0.63612836 0.0171875 0.02380952
0 0.5015625 0.62163561 0.0171875 0.02380952
0 0.45078125 0.62577639 0.0171875 0.03416149
0 0.40898437 0.61231884 0.00859375 0.01552795
0 0.67421875 0.60766045 0.009375 0.01242236
0 0.58554687 0.60662525 0.01328125 0.01035196
0 0.2921875 0.60766045 0.0078125 0.01449275
0 0.6421875 0.59937888 0.015625 0.02070393
0 0.6296875 0.57194616 0.0109375 0.01345755
0 0.44140625 0.56987577 0.0125 0.01138716
0 0.37539062 0.57298136 0.00859375 0.02380952
0 0.49609375 0.56366459 0.0078125 0.01345755
0 0.31601562 0.56107660 0.01328125 0.01863354
0 0.38164062 0.55227743 0.01171875 0.01552795
0 0.5921875 0.54554865 0.0078125 0.01242236
0 0.63085937 0.54451345 0.01328125 0.02691511
0 0.53046875 0.52743271 0.0140625 0.01759834
0 0.35429687 0.51811594 0.01171875 0.01345755
0 0.29765625 0.51708074 0.0109375 0.01345755
0 0.50039062 0.50621118 0.01640625 0.02484472
0 0.40234375 0.49378881 0.0109375 0.01656314
0 0.46640625 0.48188405 0.0125 0.01759834
0 0.484375 0.47360248 0.0171875 0.02380952
0 0.603125 0.46014492 0.0140625 0.01759834
0 0.4984375 0.46221532 0.015625 0.03002070
0 0.4296875 0.44979296 0.009375 0.01345755
0 0.659375 0.44668737 0.0171875 0.02380952
0 0.39375 0.44875776 0.0203125 0.03209109
0 0.40585937 0.41925465 0.01484375 0.01035196
0 0.328125 0.42132505 0.0109375 0.01449275
0 0.35703125 0.41563146 0.0125 0.01552795
0 0.5296875 0.39803312 0.0109375 0.01345755
0 0.34765625 0.39078674 0.0125 0.02173913
0 0.5015625 0.38146997 0.0078125 0.01552795
0 0.3671875 0.36490683 0.0125 0.01552795
0 0.559375 0.36697722 0.0171875 0.02380952
0 0.41640625 0.35403726 0.0109375 0.01863354
0 0.51679687 0.33178053 0.01484375 0.01759834
0 0.41757812 0.31004140 0.01484375 0.01552795
0 0.51015625 0.30020703 0.021875 0.01449275
0 0.47070312 0.29761904 0.01953125 0.02795031
0 0.3875 0.28209109 0.0125 0.01552795
0 0.55390625 0.27484472 0.0125 0.01552795
0 0.41875 0.25517598 0.0109375 0.01552795
0 0.53085937 0.21894409 0.01015625 0.01552795
0 0.42226562 0.21273291 0.01484375 0.01966873
0 0.57578125 0.20445134 0.0109375 0.01759834
0 0.5515625 0.20238095 0.015625 0.01759834
0 0.55585937 0.18788819 0.01015625 0.00931677
0 0.48789062 0.16718426 0.01484375 0.01552795
0 0.4953125 0.14596273 0.0140625 0.01863354
0 0.60351562 0.10766045 0.00703125 0.01656314
0 0.403125 0.10507246 0.0171875 0.02380952
0 0.49257812 0.08229813 0.02109375 0.01552795
0 0.5015625 0.05331262 0.0125 0.01966873
0 0.32265625 0.03830227 0.0125 0.01242236
0 0.659375 0.01086956 0.021875 0.02173913