0 0.66210937 0.98447204 0.01796875 0.01035196
0 0.52578125 0.95652173 0.015625 0.02277432
0 0.45039062 0.94927536 0.01484375 0.02691511
0 0.60390625 0.91356107 0.0171875 0.02380952
0 0.54648437 0.90113871 0.01484375 0.01552795
0 0.51835937 0.88405797 0.01015625 0.01449275
0 0.6890625 0.88302277 0.01875 0.01449275
0 0.36328125 0.87939958 0.0171875 0.02380952
0 0.58476562 0.85973084 0.02109375 0.01759834
0 0.38710937 0.84057971 0.01015625 0.01449275
0 0.5890625 0.82556935 0.01875 0.02173913
0 0.334375 0.82039337 0.0125 0.01552795
0 0.61367187 0.80124223 0.03515625 0.02898550
0 0.3109375 0.79399585 0.00625 0.02070393
0 0.43789062 0.78416149 0.01328125 0.03623188
0 0.54882812 0.77329192 0.01015625 0.01863354
0 0.35859375 0.76035196 0.0109375 0.01552795
0 0.6421875 0.76242236 0.0171875 0.02380952
0 0.4140625 0.74378881 0.0125 0.01552795
0 0.34882812 0.74275362 0.00859375 0.01345755
0 0.32695312 0.73084886 0.01484375 0.01242236
0 0.5875 0.71428571 0.0109375 0.01449275
0 0.59023437 0.69254658 0.01328125 0.02070393
0 0.60703125 0.69099378 0.0171875 0.02173913
0 0.54921875 0.68167701 0.015625 0.02380952
0 0.35507812 0.66200828 0.01171875 0.01552795
0 0.63359375 0.65476190 0.0125 0.01552795
0 0.58671875 0.64699792 0.015625 0.01863354
0 0.61210937 0.63405797 0.01953125 0.03209109
0 0.44609375 0.62163561 0.0171875 0.02380952
0 0.31367187 0.61231884 0.01015625 0.01345755
0 0.58164062 0.59109730 0.01015625 0.01242236
0 0.35273437 0.58747412 0.01953125 0.01552795
0 0.48671875 0.58799171 0.0171875 0.02277432
0 0.65507812 0.56262939 0.01796875 0.01759834
0 0.56679687 0.55175983 0.01953125 0.02070393
0 0.584375 0.53260869 0.015625 0.01138716
0 0.56132812 0.52950310 0.01171875 0.01345755
0 0.45703125 0.52432712 0.0171875 0.02380952
0 0.53945312 0.51811594 0.01328125 0.01345755
0 0.43554687 0.51293995 0.01015625 0.00931677
0 0.40429687 0.51501035 0.01484375 0.01345755
0 0.36796875 0.49430641 0.0125 0.02795031
0 0.49453125 0.48550724 0.009375 0.01242236
0 0.47109375 0.48447204 0.0265625 0.02898550
0 0.38125 0.45186335 0.0078125 0.01345755
0 0.53125 0.44616977 0.01875 0.01449275
0 0.36523437 0.44409937 0.01328125 0.01449275
0 0.675 0.43840579 0.0109375 0.01345755
0 0.34257812 0.42908902 0.01015625 0.01345755
0 0.35546875 0.42443064 0.0125 0.01656314
0 0.49375 0.42132505 0.009375 0.01656314
0 0.4640625 0.39182194 0.0171875 0.01966873
0 0.37421875 0.34213250 0.009375 0.01138716
0 0.35859375 0.33695652 0.0109375 0.01552795
0 0.62265625 0.33902691 0.0140625 0.02173913
0 0.49765625 0.29761904 0.0171875 0.02380952
0 0.61835937 0.30124223 0.01171875 0.03312629
0 0.4265625 0.27639751 0.009375 0.01035196
0 0.50507812 0.26656314 0.01015625 0.01345755
0 0.61875 0.26966873 0.0171875 0.02380952
0 0.55390625 0.25414078 0.009375 0.02173913
0 0.61875 0.24844720 0.009375 0.01242236
0 0.60195312 0.25103519 0.00859375 0.02173913
0 0.50039062 0.24223602 0.01328125 0.01863354
0 0.50273437 0.21687370 0.01015625 0.01345755
0 0.49257812 0.19979296 0.01328125 0.01449275
0 0.58828125 0.19927536 0.0125 0.01552795
0 0.43320312 0.19306418 0.01640625 0.01552795
0 0.64921875 0.18167701 0.0109375 0.01552795
0 0.51328125 0.17650103 0.0125 0.01759834
0 0.36210937 0.15269151 0.02109375 0.01759834
0 0.56523437 0.16977225 0.02109375 0.05590062
0 0.62695312 0.14337474 0.01171875 0.01345755
0 0.47109375 0.12888198 0.0171875 0.02380952
0 0.33203125 0.11231884 0.0109375 0.02380952
0 0.35703125 0.10973084 0.0234375 0.02484472
0 0.63359375 0.10093167 0.0171875 0.02380952
0 0.47695312 0.09368530 0.02578125 0.02380952
0 0.54882812 0.08022774 0.01015625 0.01345755
0 0.45585937 0.07556935 0.01015625 0.01656314
0 0.36367187 0.08178053 0.01171875 0.03312629
0 0.490625 0.06677018 0.0140625 0.01759834
0 0.60390625 0.04192546 0.0171875 0.02380952
0 0.68984375 0.03053830 0.0171875 0.02380952
0 0.52304687 0.02587991 0.01015625 0.02277432
0 0.4015625 0.00879917 0.025 0.01759834