0 0.6140625 0.91252587 0.0125 0.00931677
0 0.33867187 0.84834368 0.01328125 0.01552795
0 0.59179687 0.84730848 0.02265625 0.03416149
0 0.6078125 0.79917184 0.0203125 0.02898550
0 0.36757812 0.73188405 0.01640625 0.02691511
0 0.4796875 0.62163561 0.009375 0.01552795
0 0.30898437 0.60714285 0.01640625 0.03002070
0 0.67382812 0.57763975 0.01328125 0.01449275
0 0.32929687 0.54606625 0.01015625 0.01138716
0 0.45625 0.53830227 0.0125 0.02070393
0 0.52460937 0.46997929 0.02109375 0.02691511
0 0.51445312 0.33333333 0.02265625 0.02691511
0 0.48554687 0.31366459 0.02421875 0.02691511
0 0.33867187 0.26656314 0.01171875 0.00931677
0 0.625 0.25207039 0.0171875 0.02173913
0 0.43867187 0.01604554 0.02109375 0.02795031