0 0.35234375 0.97308488 0.015625 0.01035196
0 0.32890625 0.96894409 0.0125 0.02070393
0 0.51210937 0.94254658 0.01328125 0.02173913
0 0.6875 0.93271221 0.0171875 0.02898550
0 0.375 0.92391304 0.01875 0.01345755
0 0.290625 0.92494824 0.0171875 0.02380952
0 0.44296875 0.91718426 0.0109375 0.01242236
0 0.67578125 0.90010351 0.0140625 0.01966873
0 0.4953125 0.90010351 0.0171875 0.02380952
0 0.64023437 0.88975155 0.01328125 0.01345755
0 0.54921875 0.88819875 0.0171875 0.04554865
0 0.43320312 0.86335403 0.01796875 0.02277432
0 0.40585937 0.82815734 0.01015625 0.01035196
0 0.42382812 0.82091097 0.01171875 0.01242236
0 0.30664062 0.81987577 0.01484375 0.01863354
0 0.52148437 0.79554865 0.01015625 0.01345755
0 0.34101562 0.79244306 0.02109375 0.03209109
0 0.54414062 0.78157349 0.01015625 0.01449275
0 0.36210937 0.77484472 0.01484375 0.01138716
0 0.41328125 0.77743271 0.0140625 0.02070393
0 0.46679687 0.75362318 0.01171875 0.01449275
0 0.31953125 0.74430641 0.0109375 0.01242236
0 0.509375 0.74896480 0.0171875 0.02380952
0 0.67851562 0.73809523 0.00703125 0.01035196
0 0.43710937 0.71635610 0.01328125 0.01449275
0 0.66914062 0.71014492 0.01171875 0.01449275
0 0.34492187 0.70548654 0.02109375 0.01138716
0 0.5109375 0.70393374 0.0125 0.01656314
0 0.40195312 0.69824016 0.00859375 0.01966873
0 0.56835937 0.69306418 0.01484375 0.01552795
0 0.38007812 0.66097308 0.02890625 0.02380952
0 0.60117187 0.64182194 0.01171875 0.01242236
0 0.57539062 0.64233954 0.01484375 0.01552795
0 0.41953125 0.63561076 0.0078125 0.01656314
0 0.58710937 0.62525879 0.00859375 0.01863354
0 0.39257812 0.62163561 0.01328125 0.01552795
0 0.31054687 0.62888198 0.02109375 0.03416149
0 0.68320312 0.61801242 0.01484375 0.02691511
0 0.6671875 0.59161490 0.0234375 0.00931677
0 0.38632812 0.58799171 0.01171875 0.01242236
0 0.55234375 0.59057971 0.0125 0.02173913
0 0.32070312 0.56935817 0.01484375 0.02691511
0 0.68242187 0.55693581 0.01953125 0.01656314
0 0.4734375 0.52743271 0.0296875 0.01966873
0 0.32539062 0.51604554 0.01640625 0.01966873
0 0.63320312 0.51293995 0.01328125 0.01552795
0 0.58789062 0.50983436 0.01015625 0.01759834
0 0.67929687 0.51086956 0.01015625 0.02173913
0 0.4625 0.48706004 0.0140625 0.01552795
0 0.60078125 0.47515527 0.009375 0.01449275
0 0.52460937 0.46790890 0.00859375 0.01449275
0 0.42382812 0.46325051 0.00859375 0.01345755
0 0.45625 0.45807453 0.009375 0.01138716
0 0.38984375 0.45652173 0.0125 0.01449275
0 0.64765625 0.45134575 0.009375 0.01242236
0 0.47226562 0.44358178 0.01015625 0.02380952
0 0.37148437 0.43737060 0.01484375 0.01966873
0 0.44453125 0.41459627 0.0125 0.01552795
0 0.4046875 0.40734989 0.0125 0.01345755
0 0.478125 0.41149068 0.0203125 0.02380952
0 0.37890625 0.40010351 0.0140625 0.01345755
0 0.5765625 0.39130434 0.0109375 0.01242236
0 0.48203125 0.38561076 0.009375 0.01345755
0 0.3625 0.38302277 0.0125 0.02070393
0 0.38945312 0.37060041 0.01328125 0.01449275
0 0.53359375 0.35921325 0.009375 0.01242236
0 0.61210937 0.35817805 0.01484375 0.01863354
0 0.58398437 0.33747412 0.01015625 0.01242236
0 0.640625 0.34213250 0.009375 0.02380952
0 0.39921875 0.33850931 0.0265625 0.02277432
0 0.53359375 0.32608695 0.009375 0.01449275
0 0.36015625 0.30175983 0.0203125 0.00931677
0 0.33710937 0.29813664 0.01484375 0.03312629
0 0.55 0.27639751 0.015625 0.01863354
0 0.43320312 0.28157349 0.02578125 0.03312629
0 0.55351562 0.24844720 0.01328125 0.01035196
0 0.46484375 0.23498964 0.0125 0.01656314
0 0.3328125 0.23136645 0.0109375 0.01552795
0 0.4390625 0.22256728 0.0125 0.01863354
0 0.39609375 0.21946169 0.0109375 0.01449275
0 0.35234375 0.20859213 0.0171875 0.02380952
0 0.46132812 0.19151138 0.00859375 0.02277432
0 0.578125 0.16563146 0.0140625 0.01035196
0 0.4171875 0.13405797 0.0109375 0.01345755
0 0.54140625 0.12474120 0.0125 0.01552795
0 0.45507812 0.06832298 0.01640625 0.01242236
0 0.35195312 0.06469979 0.01015625 0.01759834
0 0.61679687 0.03157349 0.01640625 0.01552795
0 0.44375 0.03157349 0.0171875 0.02380952
0 0.67773437 0.00776397 0.00859375 0.01552795