0 0.6546875 0.97256728 0.0171875 0.02380952
0 0.57734375 0.97153209 0.0203125 0.04037267
0 0.53125 0.96221532 0.0078125 0.03002070
0 0.39609375 0.94720496 0.0078125 0.01242236
0 0.36445312 0.94772256 0.00859375 0.01759834
0 0.69414062 0.92443064 0.01484375 0.01035196
0 0.64609375 0.92287784 0.0171875 0.03002070
0 0.39492187 0.89803312 0.01015625 0.01552795
0 0.30429687 0.88664596 0.01171875 0.01966873
0 0.32460937 0.87784679 0.01484375 0.01656314
0 0.34335937 0.86024844 0.01015625 0.01242236
0 0.31445312 0.86128364 0.01015625 0.01656314
0 0.584375 0.83540372 0.0109375 0.01449275
0 0.4140625 0.83747412 0.0109375 0.02277432
0 0.49101562 0.83229813 0.01015625 0.01449275
0 0.528125 0.81832298 0.021875 0.02173913
0 0.42695312 0.81211180 0.01328125 0.01759834
0 0.36914062 0.80900621 0.01015625 0.01138716
0 0.32539062 0.80434782 0.01015625 0.01656314
0 0.53671875 0.79503105 0.0125 0.02070393
0 0.57226562 0.78933747 0.01328125 0.01552795
0 0.66914062 0.77173913 0.01171875 0.01552795
0 0.49101562 0.76086956 0.01015625 0.01449275
0 0.5828125 0.75983436 0.015625 0.01449275
0 0.42734375 0.75672877 0.0125 0.01035196
0 0.42070312 0.73964803 0.01015625 0.01345755
0 0.60429687 0.71066252 0.02421875 0.02587991
0 0.5046875 0.70755693 0.0203125 0.01966873
0 0.32265625 0.70859213 0.028125 0.03002070
0 0.40898437 0.67701863 0.01015625 0.01242236
0 0.52460937 0.66407867 0.01015625 0.01345755
0 0.325 0.66459627 0.0234375 0.02484472
0 0.41601562 0.62215320 0.01484375 0.01449275
0 0.62617187 0.60144927 0.00859375 0.01242236
0 0.6 0.60610766 0.0171875 0.02380952
0 0.57539062 0.59627329 0.01640625 0.01242236
0 0.63984375 0.60093167 0.0171875 0.02380952
0 0.64726562 0.57246376 0.01015625 0.01242236
0 0.68515625 0.55227743 0.0140625 0.01138716
0 0.43398437 0.52795031 0.01015625 0.01242236
0 0.57421875 0.52432712 0.0171875 0.03209109
0 0.52070312 0.51397515 0.00859375 0.01138716
0 0.6328125 0.51604554 0.0171875 0.02380952
0 0.51171875 0.50103519 0.0109375 0.01242236
0 0.51835937 0.48395445 0.01171875 0.01345755
0 0.59921875 0.47929606 0.0078125 0.01035196
0 0.65390625 0.46739130 0.0109375 0.01552795
0 0.34453125 0.46169772 0.0125 0.01242236
0 0.59453125 0.44979296 0.0109375 0.01552795
0 0.32617187 0.43374741 0.00859375 0.01449275
0 0.4359375 0.42546583 0.0109375 0.01656314
0 0.59882812 0.42184265 0.01484375 0.01138716
0 0.34765625 0.42132505 0.009375 0.01449275
0 0.48671875 0.41356107 0.0125 0.01759834
0 0.35546875 0.40527950 0.0125 0.01345755
0 0.66054687 0.39699792 0.00859375 0.01345755
0 0.43710937 0.38768115 0.00859375 0.01138716
0 0.49453125 0.39182194 0.0171875 0.02380952
0 0.65585937 0.36645962 0.01171875 0.01656314
0 0.58476562 0.36335403 0.02109375 0.01035196
0 0.41796875 0.34730848 0.0109375 0.02173913
0 0.62304687 0.34420289 0.01015625 0.01759834
0 0.5921875 0.33436853 0.0109375 0.01449275
0 0.3953125 0.32971014 0.0109375 0.02380952
0 0.540625 0.31987577 0.015625 0.01863354
0 0.40625 0.31211180 0.0109375 0.01345755
0 0.578125 0.31211180 0.0078125 0.02587991
0 0.54296875 0.29606625 0.0140625 0.01242236
0 0.3390625 0.30590062 0.009375 0.03209109
0 0.62929687 0.27743271 0.01015625 0.01449275
0 0.47148437 0.27329192 0.00859375 0.01656314
0 0.34492187 0.26811594 0.01015625 0.01656314
0 0.60625 0.25103519 0.015625 0.02173913
0 0.48710937 0.24948240 0.02109375 0.02070393
0 0.60820312 0.21532091 0.01015625 0.01242236
0 0.38320312 0.18581780 0.01171875 0.01345755
0 0.61015625 0.17598343 0.0140625 0.01242236
0 0.44609375 0.15993788 0.009375 0.01138716
0 0.33632812 0.15631469 0.01796875 0.03312629
0 0.41679687 0.14285714 0.01171875 0.02070393
0 0.38710937 0.12111801 0.00703125 0.01242236
0 0.5828125 0.11076604 0.009375 0.01242236
0 0.40976562 0.10196687 0.01328125 0.01345755
0 0.5625 0.06935817 0.0109375 0.01449275
0 0.38046875 0.05745341 0.0109375 0.01138716
0 0.340625 0.04865424 0.0078125 0.01035196
0 0.4890625 0.04917184 0.01875 0.01552795
0 0.68867187 0.02122153 0.02890625 0.02380952
0 0.39453125 0.00724637 0.0109375 0.01449275