0 0.38710937 0.88923395 0.01484375 0.02277432
0 0.328125 0.83436853 0.0109375 0.01863354
0 0.50742187 0.79865424 0.01796875 0.01966873
0 0.4078125 0.71014492 0.01875 0.02484472
0 0.55195312 0.60300207 0.01328125 0.01552795
0 0.34257812 0.58540372 0.01640625 0.01759834
0 0.66757812 0.56987577 0.01953125 0.02173913
0 0.29375 0.53674948 0.0109375 0.02380952
0 0.35703125 0.50879917 0.0125 0.01759834
0 0.403125 0.41356107 0.015625 0.03209109
0 0.66445312 0.38923395 0.01953125 0.03519668
0 0.45351562 0.37163561 0.01015625 0.01656314
0 0.546875 0.37111801 0.0125 0.01966873
0 0.48164062 0.23447204 0.01171875 0.01759834
0 0.43671875 0.21480331 0.0203125 0.02173913
0 0.60234375 0.18788819 0.01875 0.03416149
0 0.33828125 0.12267080 0.0140625 0.01552795
0 0.54921875 0.08385093 0.00625 0.01035196
0 0.42148437 0.08954451 0.01015625 0.02173913