0 0.6046875 0.98343685 0.0171875 0.01035196
0 0.51054687 0.97567287 0.01328125 0.01345755
0 0.56445312 0.93788819 0.01015625 0.01242236
0 0.28476562 0.92857142 0.01015625 0.01035196
0 0.4125 0.89078674 0.009375 0.01138716
0 0.68476562 0.89233954 0.01328125 0.02070393
0 0.59453125 0.88871635 0.0078125 0.02380952
0 0.6203125 0.87939958 0.025 0.02173913
0 0.49453125 0.87939958 0.0171875 0.02380952
0 0.3734375 0.85714285 0.0140625 0.01449275
0 0.428125 0.85766045 0.0125 0.01966873
0 0.62929687 0.85455486 0.01328125 0.01552795
0 0.38398437 0.84213250 0.00859375 0.01138716
0 0.65976562 0.83954451 0.02890625 0.02691511
0 0.32109375 0.81728778 0.0171875 0.02380952
0 0.65507812 0.81055900 0.01015625 0.01242236
0 0.37578125 0.81211180 0.0109375 0.01759834
0 0.35703125 0.81004140 0.009375 0.01552795
0 0.53242187 0.80641821 0.01015625 0.01449275
0 0.30976562 0.76915113 0.01171875 0.01656314
0 0.4671875 0.76759834 0.0078125 0.01966873
0 0.44882812 0.75931677 0.01171875 0.01345755
0 0.61835937 0.75310559 0.01015625 0.01138716
0 0.67695312 0.75414078 0.01171875 0.01552795
0 0.54921875 0.75155279 0.0109375 0.01242236
0 0.5234375 0.75414078 0.0171875 0.02380952
0 0.6703125 0.72256728 0.0234375 0.01449275
0 0.55585937 0.72670807 0.01484375 0.02484472
0 0.5 0.70755693 0.0234375 0.01966873
0 0.67539062 0.69616977 0.01015625 0.01345755
0 0.5625 0.69513457 0.015625 0.01552795
0 0.48046875 0.69047619 0.0140625 0.01656314
0 0.49648437 0.67184265 0.01953125 0.02070393
0 0.3421875 0.66821946 0.0171875 0.02380952
0 0.384375 0.62888198 0.0140625 0.01759834
0 0.3609375 0.59937888 0.0140625 0.01863354
0 0.58476562 0.59472049 0.01015625 0.01345755
0 0.41835937 0.59006211 0.01328125 0.01449275
0 0.62929687 0.57039337 0.00859375 0.02070393
0 0.51367187 0.57349896 0.02734375 0.03519668
0 0.603125 0.55693581 0.0171875 0.01035196
0 0.57578125 0.55279503 0.0125 0.01656314
0 0.4015625 0.54658385 0.0078125 0.02691511
0 0.52226562 0.54089026 0.01640625 0.02380952
0 0.4625 0.50828157 0.0125 0.01656314
0 0.653125 0.50879917 0.0171875 0.02380952
0 0.67382812 0.50258799 0.00859375 0.02587991
0 0.53476562 0.48602484 0.01015625 0.01345755
0 0.47851562 0.47619047 0.01171875 0.01656314
0 0.31679687 0.47101449 0.00859375 0.01035196
0 0.29414062 0.46842650 0.01171875 0.01552795
0 0.41757812 0.44565217 0.01171875 0.01552795
0 0.31953125 0.41407867 0.0078125 0.00828157
0 0.49570312 0.40113871 0.01328125 0.02587991
0 0.39882812 0.39233954 0.01015625 0.01449275
0 0.66484375 0.39182194 0.0171875 0.02380952
0 0.30703125 0.38716356 0.0125 0.01863354
0 0.41367187 0.38561076 0.01328125 0.01759834
0 0.60546875 0.38250517 0.0109375 0.01345755
0 0.371875 0.37267080 0.0140625 0.01656314
0 0.32382812 0.36956521 0.01015625 0.01656314
0 0.52929687 0.36387163 0.01015625 0.01345755
0 0.46367187 0.31262939 0.01484375 0.01242236
0 0.5171875 0.29658385 0.009375 0.01759834
0 0.453125 0.28209109 0.0140625 0.01552795
0 0.55546875 0.27484472 0.009375 0.01345755
0 0.52734375 0.27587991 0.0125 0.01552795
0 0.33476562 0.25776397 0.01484375 0.01449275
0 0.534375 0.24482401 0.0125 0.01759834
0 0.43046875 0.25 0.021875 0.02795031
0 0.5984375 0.24585921 0.0171875 0.02380952
0 0.43632812 0.22619047 0.01171875 0.01345755
0 0.40390625 0.22049689 0.0140625 0.01035196
0 0.46328125 0.22515527 0.015625 0.02173913
0 0.54296875 0.22308488 0.0140625 0.02173913
0 0.38671875 0.20859213 0.0078125 0.01552795
0 0.58515625 0.19824016 0.009375 0.01345755
0 0.51132812 0.20289855 0.01171875 0.02484472
0 0.6234375 0.19254658 0.009375 0.01449275
0 0.42382812 0.19099378 0.01015625 0.01759834
0 0.59648437 0.15476190 0.01484375 0.01966873
0 0.42929687 0.14648033 0.00859375 0.02173913
0 0.39570312 0.13923395 0.00703125 0.01138716
0 0.578125 0.13561076 0.0171875 0.01656314
0 0.33242187 0.12784679 0.01171875 0.01345755
0 0.39375 0.11490683 0.0140625 0.01449275
0 0.43554687 0.09575569 0.01328125 0.03416149
0 0.3875 0.07867494 0.0125 0.01656314
0 0.56796875 0.02950310 0.009375 0.01759834
0 0.31171875 0.02018633 0.0109375 0.01759834
0 0.51875 0.01863354 0.009375 0.02277432