0 0.44726562 0.95910973 0.02421875 0.02173913
0 0.3796875 0.88146997 0.0171875 0.02173913
0 0.44101562 0.87577639 0.01484375 0.02277432
0 0.55195312 0.83126293 0.01015625 0.01656314
0 0.3953125 0.82919254 0.015625 0.02277432
0 0.41875 0.78881987 0.0203125 0.02277432
0 0.65546875 0.74585921 0.015625 0.03416149
0 0.33945312 0.69306418 0.01484375 0.03002070
0 0.49257812 0.68374741 0.02421875 0.02795031
0 0.46679687 0.66563146 0.01640625 0.02484472
0 0.67539062 0.64751552 0.01953125 0.02380952
0 0.40429687 0.62370600 0.01484375 0.02173913
0 0.43007812 0.53933747 0.00546875 0.00828157
0 0.44765625 0.46583850 0.0125 0.01656314
0 0.37890625 0.39648033 0.0078125 0.01656314
0 0.35507812 0.37008281 0.01640625 0.01552795
0 0.48632812 0.36024844 0.01484375 0.01863354
0 0.421875 0.32815734 0.021875 0.01863354
0 0.40078125 0.30383022 0.021875 0.02173913
0 0.490625 0.29089026 0.015625 0.01863354
0 0.51914062 0.22774327 0.02421875 0.02277432
0 0.36796875 0.22153209 0.0234375 0.02070393
0 0.6359375 0.19668737 0.0109375 0.01863354
0 0.41640625 0.13509316 0.0140625 0.02173913
0 0.38320312 0.07608695 0.01328125 0.01552795