0 0.50585937 0.99534161 0.01015625 0.00931677
0 0.37109375 0.98447204 0.01875 0.01035196
0 0.38320312 0.96790890 0.01796875 0.01449275
0 0.49453125 0.96221532 0.0171875 0.01138716
0 0.64257812 0.92753623 0.00859375 0.01449275
0 0.4703125 0.93115942 0.0171875 0.02380952
0 0.4953125 0.91045548 0.0171875 0.02380952
0 0.57890625 0.90631469 0.009375 0.03002070
0 0.35585937 0.88664596 0.01171875 0.01552795
0 0.41835937 0.88561076 0.00703125 0.02173913
0 0.66328125 0.87422360 0.009375 0.01138716
0 0.48671875 0.85766045 0.009375 0.01138716
0 0.5859375 0.85921325 0.0234375 0.02484472
0 0.55507812 0.85144927 0.02109375 0.01345755
0 0.4234375 0.83695652 0.009375 0.01138716
0 0.478125 0.83281573 0.009375 0.01138716
0 0.36523437 0.83229813 0.01015625 0.01656314
0 0.34257812 0.81573498 0.01484375 0.01035196
0 0.65429687 0.81935817 0.02421875 0.02380952
0 0.371875 0.80745341 0.015625 0.01656314
0 0.525 0.78881987 0.015625 0.01242236
0 0.55351562 0.76086956 0.01015625 0.01242236
0 0.57851562 0.76242236 0.00859375 0.01759834
0 0.61210937 0.75155279 0.01015625 0.01449275
0 0.38125 0.74896480 0.0171875 0.02380952
0 0.565625 0.74016563 0.0109375 0.01035196
0 0.35429687 0.72308488 0.01015625 0.01552795
0 0.51015625 0.71946169 0.009375 0.01242236
0 0.4515625 0.71790890 0.0109375 0.01345755
0 0.65585937 0.71014492 0.01484375 0.01035196
0 0.49609375 0.70496894 0.009375 0.01863354
0 0.35664062 0.69254658 0.01171875 0.01656314
0 0.65507812 0.66666666 0.01015625 0.01449275
0 0.55703125 0.65786749 0.0078125 0.01759834
0 0.61601562 0.64596273 0.01328125 0.01863354
0 0.4484375 0.64389233 0.0109375 0.01449275
0 0.60117187 0.63354037 0.00703125 0.02070393
0 0.51523437 0.62422360 0.00703125 0.01863354
0 0.49296875 0.61904761 0.0125 0.01863354
0 0.33554687 0.57401656 0.01171875 0.01552795
0 0.29648437 0.56832298 0.01015625 0.01449275
0 0.49296875 0.55486542 0.0109375 0.02070393
0 0.315625 0.54606625 0.0171875 0.02380952
0 0.38046875 0.53519668 0.009375 0.01242236
0 0.3625 0.52380952 0.0078125 0.02070393
0 0.321875 0.50776397 0.0140625 0.01759834
0 0.55585937 0.50155279 0.01328125 0.01138716
0 0.44960937 0.50207039 0.01796875 0.01656314
0 0.36015625 0.48602484 0.0109375 0.01759834
0 0.57109375 0.47412008 0.0109375 0.01863354
0 0.5 0.47463768 0.028125 0.02380952
0 0.66640625 0.47153209 0.009375 0.02795031
0 0.33359375 0.46376811 0.009375 0.01656314
0 0.4328125 0.46273291 0.0109375 0.01656314
0 0.68671875 0.46169772 0.0109375 0.01863354
0 0.50507812 0.45134575 0.01328125 0.01035196
0 0.5546875 0.41045548 0.009375 0.02380952
0 0.65703125 0.40372670 0.0109375 0.01449275
0 0.33789062 0.40424430 0.01796875 0.02795031
0 0.45625 0.39492753 0.009375 0.01345755
0 0.60273437 0.39233954 0.01328125 0.02070393
0 0.66054687 0.38509316 0.02109375 0.01656314
0 0.43398437 0.37525879 0.01015625 0.01345755
0 0.60703125 0.34834368 0.0078125 0.01966873
0 0.4875 0.34627329 0.0171875 0.02380952
0 0.4609375 0.34109730 0.009375 0.02380952
0 0.41640625 0.33540372 0.0078125 0.02898550
0 0.33203125 0.31987577 0.0125 0.01656314
0 0.3453125 0.31573498 0.0078125 0.02277432
0 0.45898437 0.30175983 0.01328125 0.01966873
0 0.6234375 0.28312629 0.0078125 0.01138716
0 0.37382812 0.28416149 0.00859375 0.01552795
0 0.42148437 0.27898550 0.01015625 0.01345755
0 0.4953125 0.27950310 0.021875 0.02898550
0 0.52109375 0.25465838 0.0078125 0.01449275
0 0.50585937 0.24741200 0.01171875 0.01449275
0 0.4 0.24171842 0.0171875 0.02380952
0 0.41835937 0.23084886 0.00703125 0.01449275
0 0.50273437 0.21842650 0.01171875 0.01656314
0 0.59296875 0.21221532 0.0140625 0.01035196
0 0.36523437 0.16356107 0.01171875 0.02070393
0 0.51757812 0.15113871 0.01015625 0.01449275
0 0.565625 0.13457556 0.0109375 0.01242236
0 0.64804687 0.13354037 0.01015625 0.01863354
0 0.51015625 0.12474120 0.021875 0.02380952
0 0.4265625 0.10144927 0.0125 0.01449275
0 0.52109375 0.08902691 0.0125 0.01656314
0 0.61484375 0.08540372 0.0140625 0.01759834
0 0.45429687 0.08333333 0.01171875 0.01552795
0 0.57421875 0.07971014 0.0109375 0.01242236
0 0.4015625 0.06159420 0.009375 0.01345755
0 0.45703125 0.05952380 0.0140625 0.01759834
0 0.50859375 0.04658385 0.0109375 0.02277432
0 0.3640625 0.00828157 0.015625 0.01656314