0 0.40820312 0.98240165 0.00859375 0.01242236
0 0.64960937 0.96583850 0.01484375 0.02070393
0 0.57226562 0.91407867 0.02265625 0.02691511
0 0.61914062 0.87836438 0.01328125 0.01345755
0 0.62421875 0.83850931 0.015625 0.03105590
0 0.42109375 0.77639751 0.028125 0.02691511
0 0.3109375 0.76552795 0.009375 0.00724637
0 0.33554687 0.74741200 0.01015625 0.01863354
0 0.65976562 0.74068322 0.01328125 0.02587991
0 0.30742187 0.73033126 0.01015625 0.02380952
0 0.6015625 0.66149068 0.0109375 0.01656314
0 0.68476562 0.62888198 0.01328125 0.00931677
0 0.34335937 0.61697722 0.00859375 0.02277432
0 0.41132812 0.51035196 0.01484375 0.02691511
0 0.52070312 0.48395445 0.02421875 0.02587991
0 0.42929687 0.39855072 0.00859375 0.02691511
0 0.56015625 0.39337474 0.009375 0.02484472
0 0.55117187 0.32712215 0.01484375 0.01863354
0 0.44921875 0.30745341 0.0140625 0.01656314
0 0.5671875 0.30227743 0.0125 0.03312629
0 0.44296875 0.27639751 0.01875 0.02691511
0 0.59257812 0.23964803 0.01640625 0.02795031
0 0.33984375 0.22360248 0.0125 0.01449275
0 0.51875 0.21480331 0.0078125 0.02795031
0 0.43867187 0.08695652 0.02109375 0.03105590
0 0.63203125 0.06107660 0.009375 0.01863354