0 0.39726562 0.99275362 0.00859375 0.01449275
0 0.60585937 0.96376811 0.01796875 0.01035196
0 0.68007812 0.96325051 0.02109375 0.01759834
0 0.49140625 0.95548654 0.009375 0.01863354
0 0.65117187 0.93012422 0.01328125 0.01966873
0 0.40195312 0.92753623 0.01796875 0.02070393
0 0.60234375 0.91925465 0.0125 0.02484472
0 0.565625 0.91873706 0.0171875 0.02380952
0 0.32617187 0.90631469 0.01015625 0.01345755
0 0.42734375 0.89389233 0.0078125 0.01138716
0 0.66875 0.89803312 0.0203125 0.02587991
0 0.38632812 0.86749482 0.01484375 0.01035196
0 0.32148437 0.86801242 0.01328125 0.01345755
0 0.5453125 0.84109730 0.009375 0.01345755
0 0.68320312 0.84006211 0.01640625 0.02380952
0 0.45585937 0.82867494 0.01015625 0.01138716
0 0.35585937 0.83074534 0.02421875 0.02380952
0 0.553125 0.81677018 0.021875 0.01449275
0 0.33398437 0.78157349 0.01015625 0.01035196
0 0.61875 0.77743271 0.0109375 0.01656314
0 0.58046875 0.75776397 0.0109375 0.01242236
0 0.31328125 0.75569358 0.0125 0.01242236
0 0.34492187 0.73395445 0.01328125 0.01449275
0 0.55820312 0.72929606 0.02734375 0.03209109
0 0.453125 0.71118012 0.0171875 0.02484472
0 0.4234375 0.69513457 0.0171875 0.02380952
0 0.4796875 0.67287784 0.0125 0.01863354
0 0.37226562 0.67132505 0.01015625 0.01966873
0 0.44492187 0.66459627 0.01484375 0.02277432
0 0.66289062 0.65838509 0.01796875 0.02898550
0 0.64179687 0.64958592 0.01015625 0.01345755
0 0.61953125 0.63716356 0.0109375 0.01345755
0 0.68398437 0.63405797 0.01015625 0.01345755
0 0.58398437 0.63302277 0.01171875 0.01552795
0 0.43125 0.62836438 0.009375 0.02070393
0 0.47617187 0.62784679 0.01640625 0.02173913
0 0.565625 0.62836438 0.0140625 0.02898550
0 0.41132812 0.60662525 0.01328125 0.02691511
0 0.4640625 0.59782608 0.0171875 0.02380952
0 0.41132812 0.58074534 0.01328125 0.01242236
0 0.51445312 0.58643892 0.02265625 0.03209109
0 0.43359375 0.56832298 0.0125 0.01242236
0 0.29179687 0.56366459 0.00703125 0.01138716
0 0.478125 0.54192546 0.0140625 0.01552795
0 0.35664062 0.52329192 0.00859375 0.01759834
0 0.58359375 0.46428571 0.0109375 0.01552795
0 0.53945312 0.46325051 0.01328125 0.01345755
0 0.36445312 0.45859213 0.01171875 0.01656314
0 0.29570312 0.43840579 0.01484375 0.01759834
0 0.32382812 0.44151138 0.01328125 0.02795031
0 0.45820312 0.43167701 0.01171875 0.01449275
0 0.4734375 0.40942028 0.0109375 0.01552795
0 0.60351562 0.41045548 0.01953125 0.04244306
0 0.59492187 0.39078674 0.01015625 0.01345755
0 0.39296875 0.39182194 0.0140625 0.02380952
0 0.47421875 0.37836438 0.0203125 0.02795031
0 0.4015625 0.36542443 0.009375 0.01449275
0 0.63710937 0.35248447 0.01953125 0.01345755
0 0.5078125 0.32246376 0.0203125 0.01759834
0 0.41835937 0.32142857 0.00859375 0.02173913
0 0.49179687 0.31107660 0.01015625 0.01345755
0 0.50273437 0.28933747 0.01015625 0.01966873
0 0.61796875 0.28467908 0.0109375 0.01242236
0 0.58125 0.28002070 0.0171875 0.02380952
0 0.48164062 0.26035196 0.01015625 0.01345755
0 0.33046875 0.25258799 0.009375 0.02070393
0 0.5984375 0.23343685 0.0140625 0.01552795
0 0.43476562 0.24585921 0.04296875 0.05693581
0 0.5671875 0.22049689 0.0109375 0.01449275
0 0.5953125 0.20962732 0.0171875 0.02380952
0 0.55507812 0.19824016 0.01015625 0.01345755
0 0.53867187 0.17650103 0.01796875 0.02380952
0 0.571875 0.16770186 0.0140625 0.03312629
0 0.48867187 0.15113871 0.01015625 0.01242236
0 0.64414062 0.15010351 0.01171875 0.01656314
0 0.39804687 0.14233954 0.01171875 0.01759834
0 0.35703125 0.14751552 0.009375 0.02795031
0 0.48359375 0.10196687 0.0125 0.01552795
0 0.61171875 0.09627329 0.009375 0.01242236
0 0.33476562 0.08333333 0.01484375 0.02587991
0 0.59296875 0.08488612 0.025 0.03726708
0 0.5421875 0.01397515 0.0171875 0.02380952
0 0.2890625 0.00621118 0.015625 0.01242236