0 0.5703125 0.99223602 0.0078125 0.01345755
0 0.44726562 0.97981366 0.01484375 0.01966873
0 0.64023437 0.95703933 0.01640625 0.02173913
0 0.39570312 0.91511387 0.01171875 0.01242236
0 0.55507812 0.91511387 0.01015625 0.01449275
0 0.31796875 0.91149068 0.009375 0.01345755
0 0.63242187 0.89803312 0.00859375 0.01345755
0 0.6796875 0.89233954 0.0203125 0.02898550
0 0.6453125 0.86076604 0.0171875 0.02380952
0 0.6796875 0.84730848 0.0140625 0.01345755
0 0.39570312 0.84834368 0.01328125 0.01552795
0 0.6625 0.84523809 0.015625 0.02795031
0 0.43085937 0.81469979 0.01171875 0.01242236
0 0.29609375 0.81935817 0.0125 0.03002070
0 0.39570312 0.79089026 0.01328125 0.01656314
0 0.55859375 0.78364389 0.0109375 0.01449275
0 0.5671875 0.76293995 0.0109375 0.01449275
0 0.59648437 0.76086956 0.01171875 0.01656314
0 0.3140625 0.75569358 0.0140625 0.01449275
0 0.65 0.75 0.0109375 0.02173913
0 0.63398437 0.74637681 0.01015625 0.01449275
0 0.49257812 0.73395445 0.01171875 0.02898550
0 0.46835937 0.70393374 0.01015625 0.01863354
0 0.57890625 0.69927536 0.0125 0.02173913
0 0.61992187 0.69099378 0.00859375 0.01138716
0 0.2953125 0.69409937 0.0140625 0.02380952
0 0.425 0.67753623 0.015625 0.01759834
0 0.48945312 0.65527950 0.01171875 0.01449275
0 0.65703125 0.61853002 0.0125 0.02173913
0 0.34453125 0.59161490 0.0171875 0.02380952
0 0.56484375 0.58643892 0.0328125 0.01759834
0 0.51992187 0.58540372 0.01015625 0.01966873
0 0.48203125 0.57298136 0.0109375 0.01345755
0 0.60429687 0.55590062 0.01015625 0.01242236
0 0.39414062 0.54089026 0.01171875 0.01552795
0 0.609375 0.53778467 0.0109375 0.01345755
0 0.32265625 0.53623188 0.0125 0.01863354
0 0.35546875 0.51086956 0.0171875 0.02380952
0 0.33125 0.49896480 0.0109375 0.01449275
0 0.51328125 0.49741200 0.0078125 0.01345755
0 0.39101562 0.48602484 0.01484375 0.00931677
0 0.60898437 0.45238095 0.01171875 0.01449275
0 0.65625 0.45600414 0.0171875 0.02380952
0 0.41914062 0.44461697 0.01796875 0.01345755
0 0.57304687 0.44047619 0.01640625 0.01138716
0 0.42617187 0.43064182 0.00859375 0.01242236
0 0.59375 0.43012422 0.01875 0.02587991
0 0.38046875 0.42701863 0.0171875 0.02380952
0 0.40859375 0.41563146 0.0109375 0.01345755
0 0.5703125 0.41045548 0.0109375 0.01345755
0 0.34921875 0.41252587 0.015625 0.01759834
0 0.53164062 0.42960662 0.01953125 0.05797101
0 0.61835937 0.39906832 0.00859375 0.01138716
0 0.440625 0.40165631 0.0109375 0.01863354
0 0.45664062 0.40372670 0.01640625 0.02691511
0 0.53710937 0.38354037 0.01015625 0.01552795
0 0.38789062 0.36749482 0.03828125 0.04140786
0 0.34804687 0.34523809 0.02421875 0.03209109
0 0.50625 0.33022774 0.009375 0.01656314
0 0.52929687 0.30797101 0.01640625 0.00931677
0 0.64882812 0.29296066 0.01484375 0.02070393
0 0.53125 0.28726708 0.0171875 0.02380952
0 0.37851562 0.26501035 0.01171875 0.01449275
0 0.5109375 0.26086956 0.0109375 0.01656314
0 0.48242187 0.26604554 0.02109375 0.02691511
0 0.47578125 0.25414078 0.009375 0.01138716
0 0.53085937 0.22101449 0.01484375 0.01138716
0 0.55429687 0.19513457 0.01484375 0.01345755
0 0.371875 0.19616977 0.0125 0.02173913
0 0.34101562 0.19875776 0.02890625 0.02898550
0 0.38554687 0.18374741 0.01328125 0.01759834
0 0.63476562 0.17960662 0.01796875 0.01759834
0 0.59257812 0.14337474 0.01015625 0.01759834
0 0.515625 0.11024844 0.0140625 0.01345755
0 0.63046875 0.11024844 0.0203125 0.02380952
0 0.4078125 0.10921325 0.0171875 0.02380952
0 0.38320312 0.08747412 0.01171875 0.01138716
0 0.6015625 0.08126293 0.0140625 0.01759834
0 0.4546875 0.07867494 0.0125 0.01656314
0 0.53164062 0.07298136 0.01328125 0.01552795
0 0.44101562 0.07246376 0.00859375 0.01656314
0 0.39570312 0.06573498 0.01171875 0.01345755
0 0.64140625 0.06004140 0.0140625 0.02484472
0 0.36367187 0.05227743 0.01171875 0.01759834
0 0.48046875 0.05434782 0.0234375 0.02795031