0 0.33789062 0.99585921 0.01484375 0.00828157
0 0.63007812 0.96376811 0.02109375 0.02898550
0 0.36523437 0.92443064 0.01015625 0.01242236
0 0.48554687 0.91614906 0.01484375 0.01035196
0 0.65429687 0.91459627 0.01328125 0.01552795
0 0.67109375 0.91718426 0.01875 0.02484472
0 0.52734375 0.91666666 0.0171875 0.02380952
0 0.30976562 0.91045548 0.01796875 0.01552795
0 0.41640625 0.90631469 0.0234375 0.03209109
0 0.56210937 0.88612836 0.00859375 0.01449275
0 0.50859375 0.88354037 0.0171875 0.02795031
0 0.55703125 0.86853002 0.0109375 0.01449275
0 0.41171875 0.85610766 0.0140625 0.02691511
0 0.31210937 0.82556935 0.00703125 0.01759834
0 0.56914062 0.81573498 0.01015625 0.01242236
0 0.41445312 0.80331262 0.01796875 0.01656314
0 0.334375 0.79968944 0.0171875 0.02380952
0 0.43359375 0.78053830 0.015625 0.01449275
0 0.49140625 0.77795031 0.0109375 0.01552795
0 0.40429687 0.77018633 0.00703125 0.02277432
0 0.59570312 0.77432712 0.02421875 0.03519668
0 0.64296875 0.73136645 0.0078125 0.01759834
0 0.55 0.71532091 0.0109375 0.01242236
0 0.59257812 0.69151138 0.00703125 0.00828157
0 0.40429687 0.69565217 0.01328125 0.02070393
0 0.30898437 0.69409937 0.01015625 0.01759834
0 0.6390625 0.68788819 0.009375 0.01345755
0 0.66445312 0.67546583 0.01953125 0.01552795
0 0.39179687 0.67753623 0.01484375 0.02173913
0 0.2953125 0.67391304 0.0140625 0.01656314
0 0.6515625 0.65269151 0.015625 0.01345755
0 0.32421875 0.64440993 0.0171875 0.02380952
0 0.58828125 0.64182194 0.009375 0.02070393
0 0.35 0.64648033 0.0125 0.03209109
0 0.61210937 0.63612836 0.01796875 0.01552795
0 0.48945312 0.63509316 0.02578125 0.02380952
0 0.54804687 0.62577639 0.01171875 0.02587991
0 0.60859375 0.60455486 0.015625 0.01449275
0 0.67460937 0.59937888 0.01171875 0.04140786
0 0.403125 0.56366459 0.0109375 0.01552795
0 0.525 0.54917184 0.015625 0.00931677
0 0.5015625 0.55020703 0.009375 0.01552795
0 0.55 0.54554865 0.0140625 0.01242236
0 0.35820312 0.52639751 0.01171875 0.01759834
0 0.56796875 0.50983436 0.0171875 0.02380952
0 0.5375 0.50103519 0.0109375 0.01449275
0 0.31640625 0.49223602 0.0171875 0.02380952
0 0.47617187 0.46066252 0.02265625 0.01656314
0 0.54414062 0.45859213 0.01640625 0.03105590
0 0.4359375 0.44513457 0.009375 0.01656314
0 0.465625 0.43892339 0.0140625 0.01242236
0 0.31289062 0.42805383 0.00859375 0.01345755
0 0.475 0.42236024 0.0109375 0.02070393
0 0.36054687 0.41977225 0.01171875 0.01552795
0 0.65976562 0.42391304 0.01015625 0.02795031
0 0.3296875 0.41718426 0.009375 0.01656314
0 0.45195312 0.41511387 0.01015625 0.01863354
0 0.59492187 0.40890269 0.01796875 0.01035196
0 0.66914062 0.39182194 0.01171875 0.01552795
0 0.43515625 0.37939958 0.0109375 0.01138716
0 0.65117187 0.38457556 0.02421875 0.03416149
0 0.56953125 0.36180124 0.009375 0.01138716
0 0.5078125 0.31159420 0.009375 0.01242236
0 0.5765625 0.30331262 0.009375 0.01449275
0 0.39921875 0.29658385 0.009375 0.01345755
0 0.3703125 0.28623188 0.0078125 0.01345755
0 0.52460937 0.27846790 0.01328125 0.01449275
0 0.56875 0.26035196 0.0078125 0.01345755
0 0.41796875 0.25879917 0.0125 0.01656314
0 0.33867187 0.25207039 0.02421875 0.01966873
0 0.39023437 0.22101449 0.01640625 0.01138716
0 0.54101562 0.19151138 0.01015625 0.01035196
0 0.37695312 0.19616977 0.00859375 0.02173913
0 0.596875 0.19513457 0.025 0.02173913
0 0.4140625 0.15217391 0.0125 0.01242236
0 0.48242187 0.13095238 0.01796875 0.02380952
0 0.409375 0.10093167 0.0109375 0.01966873
0 0.36796875 0.08385093 0.009375 0.01035196
0 0.55117187 0.08592132 0.01328125 0.01656314
0 0.43242187 0.08385093 0.01328125 0.01449275
0 0.3546875 0.08747412 0.015625 0.02587991
0 0.48867187 0.07453416 0.01484375 0.01242236
0 0.3953125 0.07194616 0.0078125 0.01345755
0 0.5671875 0.06780538 0.0171875 0.02380952
0 0.50273437 0.06418219 0.01015625 0.01863354
0 0.48515625 0.05590062 0.0109375 0.02277432
0 0.59492187 0.03002070 0.01015625 0.01449275