0 0.44882812 0.98550724 0.01640625 0.01035196
0 0.62578125 0.94668737 0.0171875 0.02380952
0 0.39921875 0.94668737 0.0171875 0.02380952
0 0.48046875 0.94720496 0.028125 0.03519668
0 0.353125 0.92391304 0.021875 0.01138716
0 0.49335937 0.89233954 0.00859375 0.01242236
0 0.5453125 0.88198757 0.0109375 0.01449275
0 0.48320312 0.87629399 0.02265625 0.02795031
0 0.50507812 0.87215320 0.00703125 0.02173913
0 0.40234375 0.86956521 0.01875 0.02484472
0 0.55039062 0.84782608 0.01484375 0.01035196
0 0.48242187 0.84368530 0.01015625 0.01035196
0 0.63828125 0.82608695 0.009375 0.01656314
0 0.45820312 0.80745341 0.00859375 0.01035196
0 0.54921875 0.79089026 0.0109375 0.01656314
0 0.3 0.79347826 0.0171875 0.02380952
0 0.45664062 0.77846790 0.01484375 0.01656314
0 0.49570312 0.77225672 0.01171875 0.01242236
0 0.68476562 0.76759834 0.01328125 0.01759834
0 0.34648437 0.76501035 0.01171875 0.01656314
0 0.44257812 0.75621118 0.02734375 0.01138716
0 0.65351562 0.73395445 0.01171875 0.01863354
0 0.6125 0.72101449 0.0171875 0.02380952
0 0.29921875 0.71894409 0.021875 0.02380952
0 0.353125 0.70859213 0.0078125 0.01138716
0 0.415625 0.70289855 0.0078125 0.02070393
0 0.29492187 0.68840579 0.01328125 0.01035196
0 0.63984375 0.67028985 0.009375 0.01138716
0 0.68515625 0.66511387 0.0125 0.01759834
0 0.48398437 0.66097308 0.01484375 0.01552795
0 0.52421875 0.65890269 0.0140625 0.01759834
0 0.6078125 0.65113871 0.0109375 0.01656314
0 0.38632812 0.59730848 0.01015625 0.01035196
0 0.56640625 0.58074534 0.0171875 0.01449275
0 0.47617187 0.56728778 0.01328125 0.01449275
0 0.60273437 0.54968944 0.01171875 0.01449275
0 0.39179687 0.54813664 0.01015625 0.01345755
0 0.42773437 0.54710144 0.01171875 0.01345755
0 0.65976562 0.54554865 0.03203125 0.02484472
0 0.58476562 0.52380952 0.02265625 0.01242236
0 0.30898437 0.52536231 0.01484375 0.01552795
0 0.4921875 0.50258799 0.0078125 0.01138716
0 0.55664062 0.49637681 0.00859375 0.01345755
0 0.5578125 0.46946169 0.0109375 0.01345755
0 0.59726562 0.46790890 0.01171875 0.01449275
0 0.40195312 0.43478260 0.01328125 0.01656314
0 0.64375 0.43530020 0.0171875 0.02380952
0 0.35234375 0.40217391 0.01875 0.01759834
0 0.51523437 0.38716356 0.03046875 0.02898550
0 0.590625 0.37577639 0.0078125 0.01863354
0 0.56484375 0.37267080 0.0125 0.01449275
0 0.38164062 0.36697722 0.01640625 0.02173913
0 0.48242187 0.36076604 0.00859375 0.01345755
0 0.62109375 0.35973084 0.0171875 0.02380952
0 0.546875 0.34989648 0.01875 0.02898550
0 0.3484375 0.32763975 0.0171875 0.02380952
0 0.53476562 0.31314699 0.01015625 0.01759834
0 0.6078125 0.30486542 0.0171875 0.02380952
0 0.55546875 0.27536231 0.009375 0.02691511
0 0.50546875 0.27070393 0.0171875 0.02380952
0 0.4765625 0.26966873 0.0171875 0.02380952
0 0.42851562 0.26190476 0.01171875 0.01449275
0 0.6390625 0.25 0.015625 0.02173913
0 0.378125 0.24585921 0.015625 0.01759834
0 0.50429687 0.23498964 0.01171875 0.01449275
0 0.54609375 0.23395445 0.0140625 0.01656314
0 0.58828125 0.22722567 0.0109375 0.01759834
0 0.396875 0.22153209 0.0109375 0.02898550
0 0.5390625 0.20962732 0.0171875 0.02380952
0 0.47578125 0.20341614 0.0171875 0.02380952
0 0.5859375 0.19927536 0.025 0.03416149
0 0.55273437 0.18892339 0.00859375 0.01345755
0 0.51289062 0.17650103 0.01953125 0.02380952
0 0.33671875 0.16718426 0.0171875 0.02380952
0 0.390625 0.15424430 0.0109375 0.01863354
0 0.46171875 0.14803312 0.0140625 0.01863354
0 0.56484375 0.13561076 0.0109375 0.01449275
0 0.43710937 0.13302277 0.01640625 0.02173913
0 0.33867187 0.13509316 0.01953125 0.03416149
0 0.57148437 0.11438923 0.01484375 0.02173913
0 0.35546875 0.09472049 0.0171875 0.02380952
0 0.6078125 0.08178053 0.009375 0.01656314
0 0.57773437 0.07867494 0.01484375 0.01863354
0 0.46796875 0.05848861 0.0171875 0.02380952
0 0.609375 0.05227743 0.0125 0.03209109
0 0.67734375 0.03933747 0.015625 0.01242236