0 0.53671875 0.84472049 0.0171875 0.02484472
0 0.584375 0.84316770 0.0203125 0.02795031
0 0.509375 0.83436853 0.0234375 0.02691511
0 0.39140625 0.76501035 0.01875 0.02070393
0 0.42617187 0.74275362 0.01640625 0.02587991
0 0.36875 0.73861283 0.015625 0.02380952
0 0.58789062 0.71739130 0.01640625 0.02484472
0 0.63398437 0.71118012 0.01484375 0.01449275
0 0.57851562 0.60041407 0.01953125 0.02277432
0 0.6171875 0.60300207 0.0296875 0.03002070
0 0.4765625 0.59006211 0.0203125 0.02484472
0 0.65351562 0.56366459 0.03046875 0.02173913
0 0.44453125 0.54399585 0.0234375 0.01552795
0 0.34492187 0.47463768 0.01640625 0.03002070
0 0.64648437 0.43892339 0.01640625 0.03726708
0 0.34570312 0.42753623 0.01796875 0.02484472
0 0.578125 0.43167701 0.0296875 0.04140786
0 0.36015625 0.39699792 0.0140625 0.01759834
0 0.43476562 0.39078674 0.01640625 0.01759834
0 0.57578125 0.38768115 0.021875 0.02173913
0 0.53945312 0.35714285 0.01796875 0.01656314
0 0.42265625 0.33799171 0.0296875 0.02173913
0 0.37578125 0.32349896 0.0171875 0.01966873
0 0.52773437 0.27432712 0.01640625 0.02484472
0 0.58164062 0.19824016 0.01640625 0.02173913
0 0.54726562 0.06573498 0.01953125 0.02587991