0 0.4453125 0.99120082 0.015625 0.01759834
0 0.66992187 0.97774327 0.01640625 0.01759834
0 0.47929687 0.97049689 0.01171875 0.01345755
0 0.4078125 0.97153209 0.0125 0.01966873
0 0.60195312 0.95548654 0.01484375 0.02277432
0 0.6296875 0.95186335 0.0171875 0.02380952
0 0.6171875 0.93064182 0.015625 0.01449275
0 0.4859375 0.90683229 0.0125 0.01035196
0 0.62226562 0.90320910 0.00859375 0.01552795
0 0.32539062 0.89492753 0.01171875 0.01552795
0 0.56328125 0.89078674 0.009375 0.01966873
0 0.54179687 0.88561076 0.01328125 0.01552795
0 0.31171875 0.86749482 0.0125 0.01449275
0 0.39570312 0.86594202 0.02109375 0.01759834
0 0.42304687 0.85973084 0.01015625 0.01345755
0 0.64492187 0.84886128 0.01015625 0.01242236
0 0.31015625 0.84937888 0.0109375 0.01552795
0 0.54648437 0.84420289 0.00859375 0.01759834
0 0.59960937 0.84730848 0.02578125 0.02587991
0 0.48164062 0.83695652 0.01171875 0.01345755
0 0.3953125 0.79244306 0.0109375 0.01759834
0 0.2953125 0.78157349 0.0140625 0.01863354
0 0.35351562 0.76811594 0.01015625 0.01656314
0 0.64335937 0.76449275 0.01796875 0.01759834
0 0.31914062 0.75051759 0.00703125 0.01242236
0 0.41171875 0.74016563 0.0078125 0.01242236
0 0.390625 0.74016563 0.009375 0.01449275
0 0.571875 0.72153209 0.0140625 0.01656314
0 0.51796875 0.71273291 0.0171875 0.02380952
0 0.30585937 0.70548654 0.00703125 0.01759834
0 0.4515625 0.70755693 0.0203125 0.03209109
0 0.39570312 0.67701863 0.02578125 0.03726708
0 0.49609375 0.65217391 0.021875 0.01242236
0 0.3859375 0.64130434 0.0171875 0.02380952
0 0.48945312 0.62163561 0.01796875 0.01966873
0 0.571875 0.61645962 0.015625 0.01552795
0 0.3890625 0.61076604 0.009375 0.01863354
0 0.56523437 0.58436853 0.01328125 0.01759834
0 0.48476562 0.56625258 0.01171875 0.01656314
0 0.68554687 0.55331262 0.01328125 0.02380952
0 0.66679687 0.55227743 0.01015625 0.02795031
0 0.32460937 0.53933747 0.01171875 0.00828157
0 0.46132812 0.54917184 0.01640625 0.03209109
0 0.39882812 0.54089026 0.00859375 0.03209109
0 0.59179687 0.52277432 0.01015625 0.01242236
0 0.35195312 0.51242236 0.01171875 0.01656314
0 0.65 0.50569358 0.0140625 0.01552795
0 0.43867187 0.51086956 0.00859375 0.02587991
0 0.334375 0.50362318 0.0109375 0.03830227
0 0.5 0.48654244 0.0125 0.01449275
0 0.37070312 0.47619047 0.01015625 0.01449275
0 0.46171875 0.47774327 0.0171875 0.02380952
0 0.43515625 0.46221532 0.009375 0.01138716
0 0.31992187 0.46273291 0.02109375 0.02898550
0 0.37617187 0.45393374 0.02890625 0.02380952
0 0.31015625 0.41614906 0.0125 0.01035196
0 0.6703125 0.40010351 0.0171875 0.02380952
0 0.578125 0.39182194 0.009375 0.01552795
0 0.53203125 0.38664596 0.00625 0.01966873
0 0.65625 0.38095238 0.009375 0.01242236
0 0.44101562 0.33229813 0.01015625 0.01242236
0 0.41601562 0.33229813 0.02578125 0.03519668
0 0.62578125 0.31832298 0.01875 0.02380952
0 0.64257812 0.30797101 0.01171875 0.01552795
0 0.578125 0.29658385 0.0125 0.01759834
0 0.63320312 0.28209109 0.01796875 0.01759834
0 0.55703125 0.27277432 0.0140625 0.01138716
0 0.52304687 0.27536231 0.01171875 0.01656314
0 0.34882812 0.26552795 0.00703125 0.01966873
0 0.465625 0.24948240 0.01875 0.01242236
0 0.59414062 0.24016563 0.00859375 0.02070393
0 0.53789062 0.23084886 0.01640625 0.01863354
0 0.42109375 0.23033126 0.0140625 0.02587991
0 0.37226562 0.21376811 0.01640625 0.02173913
0 0.63046875 0.21118012 0.0203125 0.02898550
0 0.49492187 0.20082815 0.01484375 0.01242236
0 0.34570312 0.19513457 0.00859375 0.01966873
0 0.38632812 0.12111801 0.01484375 0.01656314
0 0.4375 0.09834368 0.015625 0.02484472
0 0.59804687 0.09109730 0.01015625 0.01449275
0 0.38359375 0.08902691 0.0125 0.01242236
0 0.61289062 0.06935817 0.00859375 0.01242236
0 0.55078125 0.07194616 0.0171875 0.02380952
0 0.44765625 0.03881987 0.0078125 0.01759834
0 0.52890625 0.03674948 0.0140625 0.02587991
0 0.54960937 0.02329192 0.01171875 0.01138716
0 0.4953125 0.02743271 0.0171875 0.02380952
0 0.28398437 0.01811594 0.00859375 0.01966873
0 0.634375 0.01604554 0.015625 0.02380952