0 0.48007812 0.98291925 0.00859375 0.01552795
0 0.67734375 0.95652173 0.0078125 0.02070393
0 0.32578125 0.94306418 0.0078125 0.02070393
0 0.3625 0.92287784 0.028125 0.01138716
0 0.33476562 0.90890269 0.01328125 0.01656314
0 0.42265625 0.87836438 0.0171875 0.02380952
0 0.66953125 0.86283643 0.0109375 0.01759834
0 0.5625 0.86904761 0.028125 0.03416149
0 0.45390625 0.84316770 0.009375 0.01552795
0 0.32265625 0.84109730 0.009375 0.02795031
0 0.5234375 0.82556935 0.0171875 0.02380952
0 0.45039062 0.81987577 0.01015625 0.01242236
0 0.3921875 0.81625258 0.0140625 0.00931677
0 0.35390625 0.80279503 0.009375 0.01138716
0 0.38867187 0.79968944 0.01484375 0.01345755
0 0.31367187 0.77691511 0.01328125 0.01345755
0 0.67226562 0.76708074 0.00703125 0.01863354
0 0.60117187 0.76035196 0.01484375 0.01552795
0 0.43125 0.75931677 0.0171875 0.02380952
0 0.49609375 0.75931677 0.0234375 0.03830227
0 0.6390625 0.73861283 0.0109375 0.01552795
0 0.45234375 0.72877846 0.0078125 0.01242236
0 0.67070312 0.70755693 0.01640625 0.01345755
0 0.6109375 0.70134575 0.0171875 0.02380952
0 0.6421875 0.68322981 0.0125 0.01656314
0 0.38632812 0.67391304 0.01640625 0.01242236
0 0.6171875 0.67650103 0.0171875 0.02380952
0 0.3375 0.66666666 0.0109375 0.01656314
0 0.52578125 0.65838509 0.0125 0.01449275
0 0.63554687 0.64906832 0.01015625 0.01449275
0 0.4953125 0.64699792 0.0125 0.01863354
0 0.46757812 0.63716356 0.01171875 0.02380952
0 0.37421875 0.63716356 0.0171875 0.02380952
0 0.29335937 0.61904761 0.01015625 0.01449275
0 0.49414062 0.61853002 0.01328125 0.01966873
0 0.63789062 0.61490683 0.01015625 0.01449275
0 0.509375 0.59834368 0.0203125 0.01242236
0 0.65742187 0.58954451 0.01171875 0.01345755
0 0.38007812 0.58385093 0.01171875 0.02484472
0 0.628125 0.58022774 0.0171875 0.02380952
0 0.684375 0.57091097 0.009375 0.01345755
0 0.35078125 0.57091097 0.0140625 0.01966873
0 0.43984375 0.54451345 0.0125 0.01656314
0 0.55625 0.54451345 0.0234375 0.02277432
0 0.5 0.54399585 0.0171875 0.02380952
0 0.55 0.51863354 0.0203125 0.02277432
0 0.34023437 0.50983436 0.01328125 0.01759834
0 0.49609375 0.49327122 0.0125 0.01552795
0 0.43789062 0.48550724 0.00859375 0.01242236
0 0.41679687 0.48136645 0.01328125 0.01449275
0 0.53242187 0.47412008 0.00859375 0.01035196
0 0.66914062 0.46946169 0.01328125 0.01552795
0 0.603125 0.46014492 0.0109375 0.01966873
0 0.415625 0.45496894 0.0109375 0.01552795
0 0.68789062 0.44927536 0.00859375 0.01242236
0 0.47890625 0.43788819 0.0125 0.01449275
0 0.67382812 0.43530020 0.01328125 0.01552795
0 0.43242187 0.43374741 0.01484375 0.01863354
0 0.39414062 0.42701863 0.01484375 0.01552795
0 0.56367187 0.41511387 0.01015625 0.01449275
0 0.31445312 0.40683229 0.01171875 0.01242236
0 0.41328125 0.40113871 0.0125 0.01138716
0 0.56601562 0.38146997 0.00859375 0.00931677
0 0.36640625 0.37111801 0.0171875 0.02380952
0 0.3265625 0.36128364 0.0109375 0.01449275
0 0.62734375 0.37267080 0.0171875 0.04140786
0 0.54375 0.35610766 0.009375 0.01242236
0 0.39414062 0.33436853 0.00703125 0.01242236
0 0.41796875 0.32660455 0.0078125 0.01345755
0 0.49804687 0.31159420 0.01328125 0.01656314
0 0.59375 0.30383022 0.0078125 0.01345755
0 0.56796875 0.30279503 0.0171875 0.02380952
0 0.46953125 0.30279503 0.0171875 0.02380952
0 0.37265625 0.29503105 0.009375 0.01449275
0 0.45117187 0.28881987 0.01953125 0.01242236
0 0.3953125 0.27432712 0.009375 0.01035196
0 0.55234375 0.26552795 0.0171875 0.02380952
0 0.49804687 0.22877846 0.02734375 0.02277432
0 0.621875 0.20962732 0.0078125 0.01759834
0 0.50898437 0.18685300 0.01171875 0.01138716
0 0.34726562 0.17908902 0.01640625 0.01035196
0 0.39296875 0.17287784 0.0234375 0.01863354
0 0.4859375 0.16407867 0.0140625 0.02173913
0 0.43007812 0.12939958 0.01171875 0.01656314
0 0.55859375 0.11697722 0.015625 0.02484472
0 0.48242187 0.09575569 0.01015625 0.01552795
0 0.59960937 0.08281573 0.01015625 0.01656314
0 0.49375 0.07608695 0.0078125 0.01966873
0 0.59101562 0.05745341 0.01484375 0.01138716
0 0.61015625 0.05383022 0.0078125 0.01449275
0 0.36875 0.02018633 0.015625 0.01966873
0 0.4125 0.01501035 0.0171875 0.01966873
0 0.55664062 0.01449275 0.01015625 0.02484472
0 0.30898437 0.00258799 0.00703125 0.00517598