0 0.35703125 0.82505175 0.0171875 0.01863354
0 0.61484375 0.81625258 0.025 0.02795031
0 0.39179687 0.79192546 0.01640625 0.02898550
0 0.34023437 0.78726708 0.00703125 0.02380952
0 0.30976562 0.76863354 0.02421875 0.04451345
0 0.46015625 0.73188405 0.0109375 0.01656314
0 0.57304687 0.72877846 0.00859375 0.01656314
0 0.59882812 0.68478260 0.01484375 0.01759834
0 0.4953125 0.67184265 0.0125 0.00828157
0 0.32148437 0.55331262 0.01328125 0.01759834
0 0.45976562 0.48757763 0.01171875 0.01656314
0 0.4859375 0.48706004 0.0234375 0.03416149
0 0.35585937 0.46894409 0.01484375 0.02070393
0 0.40976562 0.45600414 0.01328125 0.01966873
0 0.60273437 0.38095238 0.02421875 0.02898550
0 0.403125 0.21325051 0.015625 0.02277432
0 0.59804687 0.20859213 0.00859375 0.03002070
0 0.49492187 0.07091097 0.03828125 0.03002070