0 0.54570312 0.99223602 0.01328125 0.01345755
0 0.59492187 0.97463768 0.01015625 0.01345755
0 0.4859375 0.97619047 0.0171875 0.03105590
0 0.40976562 0.96739130 0.00859375 0.01759834
0 0.675 0.96066252 0.0109375 0.01242236
0 0.39648437 0.95755693 0.01484375 0.02691511
0 0.6828125 0.92184265 0.0171875 0.02380952
0 0.5796875 0.91407867 0.0171875 0.01449275
0 0.55078125 0.91563146 0.015625 0.01759834
0 0.4703125 0.91666666 0.0171875 0.02380952
0 0.31054687 0.91563146 0.01015625 0.02173913
0 0.42265625 0.91252587 0.0171875 0.02380952
0 0.35976562 0.89544513 0.01328125 0.02070393
0 0.59414062 0.88871635 0.00859375 0.01138716
0 0.46015625 0.88302277 0.0109375 0.01242236
0 0.62070312 0.88302277 0.01015625 0.02898550
0 0.640625 0.86594202 0.0125 0.01345755
0 0.44960937 0.84834368 0.01484375 0.01759834
0 0.68320312 0.84213250 0.01640625 0.01966873
0 0.55625 0.83799171 0.009375 0.01138716
0 0.65390625 0.83488612 0.0171875 0.02173913
0 0.6828125 0.82091097 0.0171875 0.01035196
0 0.47109375 0.82194616 0.0078125 0.01242236
0 0.34921875 0.79037267 0.009375 0.01138716
0 0.6625 0.76293995 0.009375 0.01449275
0 0.43554687 0.75569358 0.01484375 0.02070393
0 0.36171875 0.74844720 0.0140625 0.01863354
0 0.45546875 0.74482401 0.009375 0.01552795
0 0.51484375 0.73654244 0.01875 0.02380952
0 0.61484375 0.73240165 0.0171875 0.02380952
0 0.4375 0.69772256 0.0125 0.01242236
0 0.55039062 0.69565217 0.01015625 0.01035196
0 0.30820312 0.69772256 0.01171875 0.02070393
0 0.6421875 0.69306418 0.009375 0.01345755
0 0.36523437 0.69668737 0.01484375 0.02277432
0 0.58945312 0.68737060 0.00859375 0.01242236
0 0.60898437 0.68944099 0.01640625 0.02484472
0 0.54921875 0.68012422 0.0078125 0.01035196
0 0.42070312 0.68322981 0.01953125 0.02277432
0 0.296875 0.67960662 0.0109375 0.02380952
0 0.31835937 0.66459627 0.01015625 0.01656314
0 0.44648437 0.64337474 0.01796875 0.01345755
0 0.66328125 0.64233954 0.021875 0.02587991
0 0.36953125 0.61335403 0.0171875 0.02380952
0 0.525 0.60196687 0.0171875 0.02380952
0 0.59023437 0.59420289 0.01328125 0.01863354
0 0.34765625 0.59937888 0.0125 0.03312629
0 0.43046875 0.58126293 0.0140625 0.01138716
0 0.38867187 0.56055900 0.01484375 0.01552795
0 0.36054687 0.53985507 0.01640625 0.01759834
0 0.56015625 0.53467908 0.009375 0.01552795
0 0.54140625 0.49792960 0.0078125 0.01242236
0 0.33203125 0.49689440 0.0109375 0.01242236
0 0.465625 0.49948240 0.0140625 0.01966873
0 0.40234375 0.51035196 0.0265625 0.04140786
0 0.58632812 0.48913043 0.01015625 0.01345755
0 0.6546875 0.49327122 0.0171875 0.02380952
0 0.30703125 0.47774327 0.0078125 0.01138716
0 0.34179687 0.47722567 0.01328125 0.01863354
0 0.4140625 0.46169772 0.0265625 0.01242236
0 0.4578125 0.46635610 0.0171875 0.02380952
0 0.33203125 0.45755693 0.0078125 0.01863354
0 0.36601562 0.45289855 0.01015625 0.01552795
0 0.56445312 0.43788819 0.01328125 0.01656314
0 0.61171875 0.43012422 0.0109375 0.01138716
0 0.43398437 0.42908902 0.01171875 0.01552795
0 0.328125 0.39078674 0.0171875 0.02380952
0 0.52539062 0.37163561 0.01171875 0.01656314
0 0.43398437 0.36387163 0.01015625 0.01345755
0 0.61992187 0.34213250 0.02578125 0.01966873
0 0.34609375 0.31107660 0.0171875 0.02380952
0 0.40390625 0.28416149 0.0125 0.01759834
0 0.52265625 0.27795031 0.0109375 0.01138716
0 0.50859375 0.26811594 0.0140625 0.01242236
0 0.57773437 0.27122153 0.01640625 0.02070393
0 0.43984375 0.24378881 0.0125 0.01552795
0 0.49921875 0.24482401 0.0171875 0.02380952
0 0.56054687 0.23084886 0.01171875 0.01449275
0 0.60585937 0.22463768 0.00859375 0.01656314
0 0.5171875 0.20703933 0.009375 0.01035196
0 0.3796875 0.20082815 0.0171875 0.03519668
0 0.59609375 0.19202898 0.01875 0.01966873
0 0.35585937 0.16149068 0.01015625 0.01242236
0 0.59453125 0.15217391 0.0109375 0.01242236
0 0.63320312 0.13975155 0.01328125 0.01035196
0 0.35976562 0.13561076 0.00703125 0.01242236
0 0.44570312 0.11387163 0.01015625 0.01863354
0 0.38007812 0.11180124 0.01171875 0.01656314
0 0.63242187 0.09886128 0.01484375 0.01345755
0 0.38398437 0.07763975 0.00859375 0.01242236
0 0.36992187 0.06573498 0.00859375 0.01345755
0 0.28710937 0.02277432 0.01640625 0.01449275
0 0.61484375 0.02639751 0.0078125 0.02587991
0 0.34179687 0.00621118 0.01171875 0.01242236