0 0.36835937 0.99016563 0.01796875 0.01966873
0 0.59023437 0.91718426 0.02734375 0.03519668
0 0.45585937 0.88819875 0.01953125 0.02484472
0 0.36445312 0.85403726 0.01640625 0.02691511
0 0.34921875 0.83333333 0.01875 0.02277432
0 0.44492187 0.73136645 0.01328125 0.01759834
0 0.39335937 0.73084886 0.01796875 0.02277432
0 0.54804687 0.69099378 0.01328125 0.01552795
0 0.5828125 0.66459627 0.009375 0.01656314
0 0.30039062 0.50207039 0.02265625 0.03519668
0 0.31796875 0.43581780 0.0234375 0.02898550
0 0.340625 0.41459627 0.00625 0.01759834
0 0.590625 0.30279503 0.015625 0.02587991
0 0.63359375 0.20445134 0.0171875 0.01966873
0 0.64101562 0.09006211 0.01796875 0.02691511
0 0.43671875 0.08074534 0.0125 0.02070393
0 0.5359375 0.03623188 0.01875 0.01242236