0 0.66015625 0.97619047 0.0140625 0.01035196
0 0.52421875 0.94461697 0.0171875 0.02380952
0 0.5265625 0.90838509 0.0125 0.01345755
0 0.38085937 0.90217391 0.01171875 0.01552795
0 0.56132812 0.88819875 0.02578125 0.01656314
0 0.5 0.88664596 0.01875 0.02173913
0 0.3015625 0.88198757 0.009375 0.01242236
0 0.65 0.87681159 0.009375 0.01035196
0 0.61484375 0.86283643 0.0078125 0.01759834
0 0.46992187 0.86180124 0.00859375 0.01552795
0 0.39257812 0.86076604 0.01015625 0.01345755
0 0.63125 0.86542443 0.0078125 0.02898550
0 0.37578125 0.86076604 0.0171875 0.02380952
0 0.51015625 0.83695652 0.009375 0.01345755
0 0.4484375 0.83229813 0.0140625 0.01656314
0 0.303125 0.80797101 0.0125 0.01552795
0 0.39648437 0.79658385 0.02109375 0.01138716
0 0.41171875 0.78830227 0.0078125 0.00931677
0 0.3546875 0.79606625 0.0203125 0.02484472
0 0.36679687 0.78105590 0.01171875 0.01552795
0 0.43828125 0.77898550 0.009375 0.01552795
0 0.57929687 0.77277432 0.01484375 0.01966873
0 0.55976562 0.76811594 0.01015625 0.01242236
0 0.62929687 0.76811594 0.01328125 0.01656314
0 0.39804687 0.75828157 0.01796875 0.01138716
0 0.30507812 0.75569358 0.01640625 0.01449275
0 0.52109375 0.75776397 0.0171875 0.02070393
0 0.49609375 0.75310559 0.0171875 0.02380952
0 0.60742187 0.74792960 0.01484375 0.01759834
0 0.56015625 0.73240165 0.009375 0.01759834
0 0.52617187 0.73033126 0.01640625 0.02380952
0 0.39882812 0.72101449 0.01171875 0.01345755
0 0.33515625 0.71480331 0.0234375 0.02380952
0 0.49140625 0.70807453 0.0125 0.01656314
0 0.60898437 0.69824016 0.01015625 0.01138716
0 0.45664062 0.69565217 0.01640625 0.01242236
0 0.42578125 0.69358178 0.015625 0.01035196
0 0.48203125 0.66666666 0.0109375 0.01449275
0 0.29726562 0.64182194 0.01796875 0.01449275
0 0.575 0.62836438 0.0078125 0.01449275
0 0.65039062 0.62060041 0.01015625 0.01345755
0 0.4453125 0.61853002 0.0171875 0.02380952
0 0.51992187 0.58540372 0.01640625 0.01759834
0 0.49765625 0.56418219 0.015625 0.01656314
0 0.44453125 0.56625258 0.0125 0.02070393
0 0.51835937 0.51759834 0.01171875 0.01242236
0 0.30039062 0.50465838 0.00859375 0.01552795
0 0.47109375 0.49585921 0.0125 0.01449275
0 0.40898437 0.48550724 0.00859375 0.01035196
0 0.44257812 0.47774327 0.00859375 0.01138716
0 0.42578125 0.48240165 0.01875 0.02691511
0 0.47539062 0.46790890 0.01640625 0.01449275
0 0.33007812 0.43944099 0.00546875 0.00724637
0 0.4171875 0.43167701 0.0109375 0.01449275
0 0.34335937 0.43115942 0.01484375 0.01345755
0 0.37890625 0.41511387 0.0125 0.01656314
0 0.50703125 0.40372670 0.0109375 0.01449275
0 0.47109375 0.40010351 0.0328125 0.04244306
0 0.62265625 0.38975155 0.009375 0.02380952
0 0.66757812 0.37681159 0.01484375 0.01656314
0 0.56601562 0.37111801 0.01015625 0.01552795
0 0.4171875 0.36231884 0.01875 0.01656314
0 0.64375 0.36180124 0.025 0.03830227
0 0.37578125 0.35041407 0.01875 0.03209109
0 0.48398437 0.33695652 0.00703125 0.00931677
0 0.4484375 0.33902691 0.01875 0.02587991
0 0.39414062 0.31987577 0.01015625 0.01449275
0 0.440625 0.28985507 0.0125 0.01656314
0 0.63671875 0.29658385 0.01875 0.03209109
0 0.36992187 0.22204968 0.01015625 0.01345755
0 0.53046875 0.22308488 0.01875 0.01966873
0 0.4171875 0.21894409 0.015625 0.01345755
0 0.51953125 0.20652173 0.0203125 0.01552795
0 0.5765625 0.19979296 0.015625 0.03105590
0 0.421875 0.18271221 0.0171875 0.02380952
0 0.37890625 0.14026915 0.0109375 0.01552795
0 0.60117187 0.13612836 0.01640625 0.02173913
0 0.53710937 0.11335403 0.01015625 0.01345755
0 0.57851562 0.10351966 0.01015625 0.01242236
0 0.58359375 0.07763975 0.015625 0.01242236
0 0.33554687 0.07763975 0.01640625 0.01656314
0 0.54570312 0.06055900 0.01328125 0.01345755
0 0.565625 0.06055900 0.0171875 0.02380952
0 0.60898437 0.04606625 0.01953125 0.01138716
0 0.55742187 0.01915113 0.01171875 0.02795031