0 0.35820312 0.99327122 0.00859375 0.01345755
0 0.28359375 0.98395445 0.009375 0.01138716
0 0.43867187 0.95703933 0.01796875 0.02587991
0 0.28710937 0.94565217 0.01640625 0.02380952
0 0.41914062 0.93530020 0.01171875 0.00931677
0 0.56484375 0.90165631 0.0171875 0.01449275
0 0.471875 0.88923395 0.0109375 0.01656314
0 0.35976562 0.88664596 0.01171875 0.01552795
0 0.5 0.87629399 0.0109375 0.01345755
0 0.56875 0.86853002 0.0109375 0.01242236
0 0.38710937 0.86387163 0.01484375 0.01138716
0 0.60078125 0.86335403 0.0109375 0.01449275
0 0.36328125 0.86024844 0.0078125 0.01242236
0 0.63554687 0.83385093 0.01015625 0.01552795
0 0.41640625 0.83385093 0.0109375 0.01759834
0 0.35507812 0.82815734 0.00859375 0.01242236
0 0.42890625 0.82867494 0.0109375 0.01759834
0 0.4921875 0.82401656 0.0125 0.01449275
0 0.59453125 0.82453416 0.0078125 0.02587991
0 0.6859375 0.81884057 0.0109375 0.01863354
0 0.40625 0.81521739 0.0109375 0.01759834
0 0.64765625 0.81366459 0.0171875 0.01863354
0 0.44296875 0.81055900 0.0125 0.01656314
0 0.67695312 0.80952380 0.01328125 0.01656314
0 0.34726562 0.79761904 0.00703125 0.02380952
0 0.4359375 0.77173913 0.0109375 0.01552795
0 0.4890625 0.74844720 0.025 0.03726708
0 0.325 0.73550724 0.0171875 0.02380952
0 0.62773437 0.72101449 0.01796875 0.02587991
0 0.49257812 0.70031055 0.01015625 0.01345755
0 0.671875 0.69720496 0.0109375 0.01552795
0 0.5671875 0.68530020 0.01875 0.02691511
0 0.3828125 0.64648033 0.0140625 0.01345755
0 0.59296875 0.64648033 0.0078125 0.01552795
0 0.6125 0.63612836 0.0109375 0.01966873
0 0.48710937 0.63405797 0.01015625 0.01759834
0 0.353125 0.62577639 0.0125 0.01966873
0 0.55117187 0.62215320 0.01015625 0.01449275
0 0.40273437 0.58695652 0.01328125 0.01656314
0 0.68515625 0.58229813 0.0125 0.01552795
0 0.50507812 0.57453416 0.00703125 0.01242236
0 0.63867187 0.56935817 0.00859375 0.01242236
0 0.57851562 0.55175983 0.01015625 0.02070393
0 0.43476562 0.53519668 0.01015625 0.01242236
0 0.6640625 0.53674948 0.0125 0.01759834
0 0.37460937 0.52587991 0.01953125 0.01035196
0 0.58554687 0.51863354 0.03515625 0.04140786
0 0.41640625 0.50051759 0.0171875 0.01552795
0 0.32773437 0.49844720 0.00703125 0.01759834
0 0.52578125 0.49534161 0.01875 0.01552795
0 0.3390625 0.49430641 0.009375 0.01345755
0 0.4921875 0.48964803 0.0109375 0.01656314
0 0.58828125 0.47826086 0.0125 0.01449275
0 0.63320312 0.47360248 0.01015625 0.02173913
0 0.37851562 0.47826086 0.01796875 0.03312629
0 0.66210937 0.45859213 0.01328125 0.01656314
0 0.38515625 0.45238095 0.009375 0.01449275
0 0.53046875 0.43633540 0.0203125 0.02380952
0 0.5671875 0.41925465 0.0140625 0.02070393
0 0.66875 0.40993788 0.0109375 0.01035196
0 0.46835937 0.39751552 0.00859375 0.02277432
0 0.346875 0.39337474 0.009375 0.01656314
0 0.47578125 0.37474120 0.0109375 0.01863354
0 0.37890625 0.36956521 0.01875 0.02484472
0 0.603125 0.35507246 0.015625 0.01656314
0 0.36992187 0.32919254 0.01171875 0.01656314
0 0.54140625 0.32660455 0.0171875 0.02380952
0 0.59648437 0.30952380 0.01015625 0.01449275
0 0.52695312 0.30279503 0.00859375 0.01138716
0 0.63125 0.28674948 0.009375 0.01449275
0 0.50898437 0.28571428 0.01484375 0.02277432
0 0.34882812 0.28002070 0.01796875 0.01138716
0 0.41054687 0.27225672 0.01015625 0.01449275
0 0.44140625 0.27380952 0.0171875 0.02380952
0 0.61914062 0.25414078 0.01328125 0.01552795
0 0.45039062 0.23498964 0.01171875 0.01656314
0 0.38867187 0.24068322 0.01015625 0.02795031
0 0.52578125 0.23084886 0.0203125 0.02484472
0 0.37148437 0.21894409 0.00859375 0.01138716
0 0.48203125 0.17908902 0.0140625 0.01863354
0 0.4984375 0.16149068 0.0109375 0.01035196
0 0.42851562 0.15942028 0.01171875 0.01449275
0 0.55976562 0.14699792 0.01328125 0.01449275
0 0.60078125 0.14492753 0.01875 0.01449275
0 0.46953125 0.12267080 0.0171875 0.01966873
0 0.353125 0.11749482 0.0171875 0.02380952
0 0.64453125 0.11024844 0.0171875 0.02380952
0 0.4890625 0.10351966 0.0140625 0.01863354
0 0.52226562 0.08126293 0.01953125 0.01138716
0 0.58164062 0.05434782 0.00859375 0.01138716
0 0.55078125 0.03985507 0.0171875 0.02380952
0 0.31953125 0.01293995 0.0171875 0.02380952