0 0.43359375 0.98498964 0.0171875 0.02380952
0 0.53046875 0.98240165 0.0078125 0.02691511
0 0.296875 0.95445134 0.021875 0.02691511
0 0.47578125 0.90165631 0.0078125 0.02070393
0 0.50546875 0.89337474 0.0078125 0.01242236
0 0.3625 0.90113871 0.0109375 0.03002070
0 0.31953125 0.88354037 0.009375 0.01966873
0 0.6125 0.86283643 0.0109375 0.01345755
0 0.48945312 0.86231884 0.01484375 0.02691511
0 0.6703125 0.85041407 0.0125 0.01552795
0 0.59609375 0.83695652 0.0125 0.01759834
0 0.4546875 0.83385093 0.0171875 0.02380952
0 0.42421875 0.82919254 0.009375 0.01449275
0 0.5328125 0.82505175 0.0109375 0.01656314
0 0.49804687 0.82298136 0.01171875 0.01656314
0 0.35820312 0.81107660 0.00859375 0.01552795
0 0.6859375 0.80900621 0.0109375 0.01552795
0 0.390625 0.81055900 0.0078125 0.02070393
0 0.47773437 0.80331262 0.01015625 0.01449275
0 0.30820312 0.78416149 0.01171875 0.01759834
0 0.484375 0.77225672 0.0140625 0.02484472
0 0.56523437 0.74585921 0.01484375 0.02380952
0 0.51015625 0.74482401 0.0171875 0.02380952
0 0.44804687 0.73964803 0.01015625 0.01345755
0 0.61171875 0.73498964 0.015625 0.01449275
0 0.42421875 0.73343685 0.0171875 0.02380952
0 0.50664062 0.72360248 0.01328125 0.01449275
0 0.36914062 0.71480331 0.01171875 0.01345755
0 0.54804687 0.71428571 0.01328125 0.02277432
0 0.36054687 0.68115942 0.01015625 0.01449275
0 0.31289062 0.68581780 0.01171875 0.02380952
0 0.65 0.66873706 0.009375 0.01242236
0 0.61171875 0.64596273 0.009375 0.01449275
0 0.51640625 0.64699792 0.009375 0.01656314
0 0.5015625 0.63198757 0.0125 0.00931677
0 0.47070312 0.63509316 0.01171875 0.01552795
0 0.36523437 0.63146997 0.01015625 0.01242236
0 0.66171875 0.62008281 0.0140625 0.01656314
0 0.4578125 0.61335403 0.0109375 0.01345755
0 0.44375 0.60973084 0.0125 0.01449275
0 0.365625 0.60921325 0.0140625 0.01552795
0 0.4375 0.58436853 0.0171875 0.02380952
0 0.3609375 0.57919254 0.0109375 0.02173913
0 0.49804687 0.56521739 0.00859375 0.02277432
0 0.64375 0.54710144 0.0171875 0.02380952
0 0.36601562 0.54089026 0.01171875 0.01345755
0 0.56601562 0.53157349 0.00859375 0.01138716
0 0.52617187 0.51138716 0.01015625 0.01449275
0 0.55039062 0.49948240 0.02421875 0.01552795
0 0.51210937 0.49327122 0.01015625 0.01345755
0 0.66523437 0.49016563 0.01171875 0.01345755
0 0.3109375 0.47256728 0.015625 0.01345755
0 0.52890625 0.47256728 0.0171875 0.02380952
0 0.48164062 0.46532091 0.01796875 0.03002070
0 0.49296875 0.44565217 0.0171875 0.02380952
0 0.51640625 0.44358178 0.0171875 0.02380952
0 0.375 0.42236024 0.0078125 0.02484472
0 0.63242187 0.40579710 0.01953125 0.03519668
0 0.47617187 0.37215320 0.00859375 0.01138716
0 0.640625 0.36283643 0.0109375 0.01552795
0 0.453125 0.35559006 0.025 0.01966873
0 0.37304687 0.34420289 0.02265625 0.01966873
0 0.46757812 0.33333333 0.01171875 0.01656314
0 0.6125 0.31004140 0.0171875 0.02380952
0 0.47695312 0.28674948 0.00859375 0.02691511
0 0.36640625 0.27795031 0.0140625 0.01138716
0 0.62617187 0.28312629 0.01796875 0.02795031
0 0.634375 0.24482401 0.0171875 0.02380952
0 0.3375 0.24068322 0.0125 0.01759834
0 0.525 0.23757763 0.0125 0.02173913
0 0.51367187 0.22412008 0.01015625 0.01138716
0 0.57265625 0.21273291 0.015625 0.01552795
0 0.54609375 0.21428571 0.0171875 0.01863354
0 0.60703125 0.20496894 0.0125 0.02691511
0 0.56484375 0.18737060 0.0203125 0.02691511
0 0.61914062 0.16252587 0.01328125 0.01035196
0 0.60117187 0.16252587 0.01953125 0.03312629
0 0.40976562 0.14182194 0.01171875 0.01449275
0 0.34570312 0.13561076 0.01328125 0.01863354
0 0.57304687 0.13716356 0.01640625 0.02380952
0 0.51875 0.07971014 0.015625 0.01863354
0 0.56914062 0.07246376 0.01796875 0.01242236
0 0.53984375 0.05848861 0.0125 0.01759834
0 0.59414062 0.06521739 0.02421875 0.03519668
0 0.50351562 0.05900621 0.01796875 0.02691511
0 0.61640625 0.03467908 0.021875 0.01345755
0 0.28789062 0.02950310 0.01015625 0.01552795
0 0.353125 0.02898550 0.015625 0.02070393