0 0.61367187 0.88457556 0.02578125 0.03416149
0 0.321875 0.85196687 0.0140625 0.02070393
0 0.509375 0.83436853 0.0234375 0.02691511
0 0.49921875 0.80124223 0.0234375 0.02070393
0 0.55976562 0.76811594 0.01640625 0.02277432
0 0.35820312 0.76397515 0.01796875 0.02070393
0 0.5859375 0.76449275 0.021875 0.03830227
0 0.4578125 0.74171842 0.015625 0.04037267
0 0.6171875 0.60300207 0.0296875 0.03002070
0 0.57773437 0.53623188 0.02421875 0.02898550
0 0.3390625 0.53416149 0.0453125 0.05590062
0 0.371875 0.45652173 0.01875 0.02484472
0 0.425 0.45341614 0.0296875 0.03105590
0 0.40585937 0.40683229 0.01796875 0.01656314
0 0.63359375 0.35248447 0.01875 0.02173913
0 0.49375 0.32815734 0.0140625 0.02070393
0 0.51328125 0.31832298 0.0171875 0.02587991
0 0.5328125 0.30693581 0.0203125 0.01552795
0 0.59492187 0.30693581 0.02109375 0.02380952
0 0.51484375 0.24171842 0.0109375 0.02380952
0 0.50742187 0.15269151 0.01953125 0.01966873