0 0.43007812 0.86283643 0.01171875 0.01966873
0 0.56054687 0.80279503 0.01328125 0.01345755
0 0.59335937 0.64130434 0.01015625 0.01345755
0 0.31445312 0.60041407 0.02109375 0.01449275
0 0.64609375 0.60196687 0.03125 0.03416149
0 0.32890625 0.49637681 0.0234375 0.04451345
0 0.6484375 0.39699792 0.0125 0.01966873
0 0.63125 0.35921325 0.015625 0.01863354
0 0.42890625 0.36180124 0.021875 0.04244306
0 0.57460937 0.31677018 0.01328125 0.01656314
0 0.43125 0.24171842 0.015625 0.02380952
0 0.64414062 0.17960662 0.01484375 0.02173913
0 0.59335937 0.13768115 0.02109375 0.02484472
0 0.47617187 0.13354037 0.01328125 0.01656314