0 0.52578125 0.96221532 0.015625 0.01345755
0 0.365625 0.95962732 0.009375 0.01242236
0 0.38359375 0.96221532 0.0171875 0.03209109
0 0.621875 0.95341614 0.0078125 0.01863354
0 0.5796875 0.93271221 0.0125 0.01242236
0 0.60585937 0.91873706 0.01640625 0.01138716
0 0.49570312 0.91200828 0.01015625 0.01449275
0 0.378125 0.90113871 0.0171875 0.02380952
0 0.50234375 0.88768115 0.0109375 0.01759834
0 0.65976562 0.88405797 0.01171875 0.01449275
0 0.48710937 0.88405797 0.01171875 0.01656314
0 0.63476562 0.88095238 0.00859375 0.01242236
0 0.61953125 0.88198757 0.009375 0.01449275
0 0.39101562 0.87318840 0.01015625 0.01138716
0 0.45273437 0.87111801 0.01171875 0.01552795
0 0.51367187 0.84420289 0.01640625 0.01138716
0 0.34140625 0.82867494 0.0125 0.01345755
0 0.60234375 0.82142857 0.009375 0.01138716
0 0.38828125 0.82142857 0.009375 0.01345755
0 0.628125 0.82556935 0.0171875 0.02380952
0 0.31835937 0.82039337 0.01015625 0.01552795
0 0.66171875 0.82142857 0.0171875 0.02380952
0 0.58359375 0.81107660 0.0109375 0.01552795
0 0.29765625 0.81418219 0.01875 0.02587991
0 0.446875 0.80538302 0.0109375 0.02898550
0 0.64609375 0.77380952 0.0234375 0.01345755
0 0.37617187 0.78105590 0.00859375 0.03002070
0 0.44921875 0.75569358 0.009375 0.02277432
0 0.365625 0.73913043 0.0140625 0.01656314
0 0.45507812 0.73136645 0.01015625 0.01345755
0 0.6453125 0.71946169 0.01875 0.02277432
0 0.55039062 0.71221532 0.01328125 0.01449275
0 0.671875 0.70962732 0.0171875 0.02380952
0 0.62734375 0.66770186 0.021875 0.02277432
0 0.60195312 0.65734989 0.01171875 0.01242236
0 0.49257812 0.65476190 0.01015625 0.02380952
0 0.3890625 0.64855072 0.0171875 0.03002070
0 0.68476562 0.64026915 0.01484375 0.02380952
0 0.64960937 0.63405797 0.01953125 0.03002070
0 0.49453125 0.61490683 0.009375 0.01449275
0 0.578125 0.60714285 0.009375 0.01345755
0 0.459375 0.57971014 0.009375 0.02070393
0 0.30234375 0.56418219 0.0125 0.01656314
0 0.3796875 0.56159420 0.01875 0.01966873
0 0.64257812 0.53881987 0.01015625 0.01552795
0 0.30664062 0.51552795 0.01015625 0.01449275
0 0.47460937 0.49844720 0.01328125 0.01345755
0 0.41445312 0.49637681 0.01015625 0.01138716
0 0.359375 0.48395445 0.0171875 0.02380952
0 0.48632812 0.47722567 0.01328125 0.02070393
0 0.57617187 0.46532091 0.01328125 0.01552795
0 0.54570312 0.46118012 0.00703125 0.02173913
0 0.56953125 0.44772256 0.0109375 0.01552795
0 0.32695312 0.44306418 0.01953125 0.01863354
0 0.60859375 0.42598343 0.021875 0.01138716
0 0.56445312 0.41977225 0.01015625 0.01552795
0 0.65898437 0.38871635 0.01171875 0.01345755
0 0.35195312 0.39130434 0.02265625 0.04347826
0 0.64960937 0.37163561 0.01171875 0.02277432
0 0.32890625 0.37111801 0.0171875 0.02380952
0 0.38242187 0.34886128 0.01484375 0.01863354
0 0.35820312 0.34109730 0.01328125 0.01759834
0 0.52929687 0.33074534 0.00703125 0.01552795
0 0.39804687 0.32712215 0.01015625 0.01242236
0 0.37148437 0.32194616 0.01484375 0.01449275
0 0.5484375 0.30434782 0.0125 0.01449275
0 0.45625 0.30693581 0.0171875 0.02380952
0 0.496875 0.30797101 0.0328125 0.03830227
0 0.37617187 0.29296066 0.02109375 0.02277432
0 0.59492187 0.28209109 0.01484375 0.01552795
0 0.52304687 0.27795031 0.01015625 0.01138716
0 0.42148437 0.26138716 0.01171875 0.02795031
0 0.56875 0.24844720 0.00625 0.00828157
0 0.33867187 0.25362318 0.01640625 0.01863354
0 0.50820312 0.22877846 0.01484375 0.02277432
0 0.38515625 0.20807453 0.0125 0.01449275
0 0.33984375 0.19824016 0.0125 0.01552795
0 0.64960937 0.18633540 0.01015625 0.01449275
0 0.57109375 0.17443064 0.0171875 0.02380952
0 0.42851562 0.16459627 0.01015625 0.01035196
0 0.59570312 0.15320910 0.01484375 0.02277432
0 0.5203125 0.14233954 0.015625 0.01552795
0 0.40351562 0.12629399 0.01171875 0.01656314
0 0.36171875 0.12888198 0.0171875 0.02380952
0 0.5015625 0.12215320 0.0125 0.01449275
0 0.40117187 0.10507246 0.01171875 0.01138716
0 0.5390625 0.10921325 0.0171875 0.02380952
0 0.48320312 0.10351966 0.01328125 0.01449275
0 0.35742187 0.08902691 0.01171875 0.01656314
0 0.5453125 0.03467908 0.0171875 0.02380952
0 0.36171875 0.01397515 0.0109375 0.01966873