0 0.54960937 0.97929606 0.01484375 0.01035196
0 0.32265625 0.98188405 0.009375 0.01759834
0 0.59648437 0.97929606 0.02265625 0.01863354
0 0.43867187 0.96066252 0.01484375 0.01242236
0 0.69609375 0.96635610 0.028125 0.02587991
0 0.6359375 0.91614906 0.0171875 0.01449275
0 0.315625 0.91563146 0.0109375 0.01552795
0 0.48789062 0.89544513 0.00859375 0.01656314
0 0.50820312 0.85973084 0.00859375 0.01345755
0 0.525 0.82453416 0.0171875 0.02380952
0 0.43242187 0.81055900 0.00703125 0.01242236
0 0.34804687 0.80590062 0.01015625 0.01345755
0 0.36210937 0.79658385 0.01328125 0.01966873
0 0.31015625 0.77691511 0.0171875 0.01345755
0 0.3375 0.77225672 0.009375 0.01242236
0 0.58984375 0.77070393 0.025 0.02380952
0 0.47070312 0.76759834 0.01328125 0.01759834
0 0.36171875 0.74792960 0.0171875 0.02380952
0 0.46328125 0.74482401 0.0171875 0.02380952
0 0.38320312 0.73654244 0.01171875 0.01345755
0 0.48398437 0.73033126 0.01328125 0.02173913
0 0.39257812 0.70238095 0.00703125 0.01552795
0 0.30117187 0.69824016 0.01328125 0.01345755
0 0.64140625 0.67494824 0.009375 0.02277432
0 0.44882812 0.65527950 0.01171875 0.01242236
0 0.5921875 0.64855072 0.0125 0.01759834
0 0.51640625 0.63198757 0.0125 0.01759834
0 0.57109375 0.62629399 0.015625 0.01242236
0 0.62304687 0.62629399 0.01640625 0.01863354
0 0.39023437 0.61801242 0.01328125 0.02691511
0 0.63710937 0.59472049 0.01484375 0.01345755
0 0.4703125 0.59730848 0.0109375 0.01863354
0 0.61953125 0.59265010 0.009375 0.01552795
0 0.425 0.56728778 0.0109375 0.01449275
0 0.38671875 0.56469979 0.0171875 0.02380952
0 0.33710937 0.56469979 0.02421875 0.03209109
0 0.66914062 0.54968944 0.01015625 0.01242236
0 0.60859375 0.54658385 0.0125 0.01656314
0 0.29492187 0.53053830 0.01328125 0.02380952
0 0.509375 0.48913043 0.0125 0.01345755
0 0.453125 0.49171842 0.0109375 0.02070393
0 0.38242187 0.48136645 0.00859375 0.01242236
0 0.30234375 0.48033126 0.0078125 0.01035196
0 0.57421875 0.47567287 0.01875 0.02795031
0 0.41679687 0.46946169 0.01328125 0.01552795
0 0.52382812 0.42857142 0.01484375 0.02070393
0 0.40898437 0.42287784 0.01015625 0.01345755
0 0.484375 0.40217391 0.0125 0.01552795
0 0.43320312 0.40527950 0.00859375 0.02587991
0 0.359375 0.36542443 0.0140625 0.01656314
0 0.65234375 0.35921325 0.0109375 0.01242236
0 0.62265625 0.36076604 0.0125 0.01552795
0 0.53515625 0.36490683 0.0171875 0.02380952
0 0.321875 0.36749482 0.0125 0.02898550
0 0.4765625 0.35662525 0.0171875 0.02380952
0 0.41328125 0.35248447 0.0171875 0.02173913
0 0.59570312 0.32712215 0.01484375 0.01449275
0 0.59375 0.30797101 0.0140625 0.02173913
0 0.61328125 0.29503105 0.0109375 0.01449275
0 0.6296875 0.28881987 0.009375 0.01242236
0 0.55976562 0.27950310 0.01015625 0.01449275
0 0.453125 0.27950310 0.0140625 0.01656314
0 0.51914062 0.27432712 0.01171875 0.01242236
0 0.46875 0.25879917 0.0171875 0.01656314
0 0.46171875 0.22256728 0.0109375 0.01449275
0 0.59375 0.21894409 0.0171875 0.02380952
0 0.43789062 0.18374741 0.01796875 0.01138716
0 0.41289062 0.16511387 0.02734375 0.01345755
0 0.3734375 0.16459627 0.015625 0.01656314
0 0.43320312 0.15062111 0.01796875 0.01966873
0 0.52226562 0.14648033 0.01171875 0.02380952
0 0.6203125 0.14078674 0.0125 0.01863354
0 0.55820312 0.13975155 0.01640625 0.02070393
0 0.453125 0.13354037 0.0109375 0.01449275
0 0.39765625 0.11490683 0.015625 0.01449275
0 0.42773437 0.09161490 0.01640625 0.00931677
0 0.64882812 0.09057971 0.01171875 0.01552795
0 0.49023437 0.06780538 0.01171875 0.01759834
0 0.57109375 0.06055900 0.0125 0.01966873
0 0.37382812 0.05745341 0.02421875 0.02380952
0 0.68203125 0.03312629 0.0109375 0.01035196
0 0.57460937 0.03002070 0.01171875 0.01863354
0 0.51054687 0.02329192 0.00859375 0.01552795
0 0.528125 0.02432712 0.0171875 0.02380952
0 0.63320312 0.00465838 0.01484375 0.00931677
0 0.32773437 0.00569358 0.00859375 0.01138716