0 0.62773437 0.88612836 0.01640625 0.02070393
0 0.40390625 0.85610766 0.0203125 0.02691511
0 0.58515625 0.81935817 0.015625 0.02380952
0 0.62109375 0.79554865 0.0203125 0.02795031
0 0.35585937 0.75776397 0.02265625 0.02070393
0 0.58789062 0.71739130 0.01640625 0.02484472
0 0.66640625 0.60766045 0.0140625 0.02277432
0 0.61210937 0.60300207 0.01953125 0.03002070
0 0.58359375 0.59213250 0.0203125 0.02484472
0 0.51171875 0.56262939 0.01875 0.02173913
0 0.31757812 0.51501035 0.01640625 0.02173913
0 0.32695312 0.47153209 0.01484375 0.02173913
0 0.3078125 0.47360248 0.01875 0.04451345
0 0.45898437 0.44979296 0.01328125 0.02587991
0 0.31992187 0.43478260 0.01484375 0.02691511
0 0.43164062 0.42805383 0.01796875 0.04037267
0 0.58984375 0.33333333 0.0328125 0.03105590
0 0.48476562 0.31728778 0.03046875 0.02173913
0 0.42265625 0.30590062 0.0296875 0.04244306
0 0.53125 0.29917184 0.0234375 0.03105590
0 0.60898437 0.28053830 0.02109375 0.01449275
0 0.45039062 0.24120082 0.01484375 0.02484472
0 0.35703125 0.12681159 0.0203125 0.02587991