0 0.61367187 0.88457556 0.02578125 0.03416149
0 0.31953125 0.87784679 0.01875 0.02070393
0 0.40390625 0.85610766 0.0203125 0.02691511
0 0.39140625 0.76501035 0.01875 0.02070393
0 0.4578125 0.74171842 0.015625 0.04037267
0 0.56289062 0.71014492 0.03671875 0.04140786
0 0.64453125 0.65683229 0.01875 0.02173913
0 0.55742187 0.65269151 0.01171875 0.02173913
0 0.36601562 0.53571428 0.02734375 0.01759834
0 0.57773437 0.52898550 0.02421875 0.01449275
0 0.39453125 0.52329192 0.015625 0.02380952
0 0.4296875 0.52277432 0.0203125 0.02484472
0 0.525 0.50517598 0.015625 0.01656314
0 0.38164062 0.45755693 0.01640625 0.02484472
0 0.540625 0.37629399 0.021875 0.02173913
0 0.38046875 0.35455486 0.01875 0.02173913
0 0.57890625 0.36024844 0.0359375 0.03933747
0 0.51328125 0.34937888 0.0171875 0.03209109
0 0.63671875 0.32712215 0.0125 0.02070393
0 0.51328125 0.31832298 0.0171875 0.02587991
0 0.62421875 0.28726708 0.021875 0.02795031
0 0.42890625 0.27122153 0.0171875 0.01449275
0 0.51953125 0.15631469 0.0125 0.02691511
0 0.36640625 0.14182194 0.0203125 0.02691511
0 0.34609375 0.07039337 0.0203125 0.02691511