0 0.54921875 0.97515527 0.025 0.01863354
0 0.478125 0.96997929 0.021875 0.01863354
0 0.59765625 0.96739130 0.0171875 0.02380952
0 0.42460937 0.91097308 0.00703125 0.02484472
0 0.53710937 0.90113871 0.00859375 0.02173913
0 0.41796875 0.88198757 0.009375 0.01449275
0 0.30507812 0.88043478 0.01171875 0.01759834
0 0.35664062 0.87422360 0.01171875 0.01345755
0 0.6734375 0.86956521 0.0125 0.01449275
0 0.4984375 0.87163561 0.0296875 0.03312629
0 0.6640625 0.85144927 0.0078125 0.01552795
0 0.55234375 0.84109730 0.0078125 0.01759834
0 0.4828125 0.83281573 0.0109375 0.00931677
0 0.47304687 0.83022774 0.01640625 0.02691511
0 0.53632812 0.82194616 0.01328125 0.01863354
0 0.45273437 0.81107660 0.01015625 0.01138716
0 0.50234375 0.81159420 0.025 0.02277432
0 0.37148437 0.81004140 0.01328125 0.03002070
0 0.4734375 0.79865424 0.0109375 0.01345755
0 0.39375 0.74223602 0.0125 0.01656314
0 0.43046875 0.72826086 0.0171875 0.02380952
0 0.68710937 0.71635610 0.00859375 0.01242236
0 0.62070312 0.71635610 0.01015625 0.01242236
0 0.45546875 0.70548654 0.009375 0.01966873
0 0.66796875 0.70082815 0.0109375 0.01863354
0 0.50664062 0.68840579 0.01328125 0.01656314
0 0.29960937 0.68219461 0.01171875 0.02277432
0 0.328125 0.67494824 0.0125 0.01656314
0 0.61601562 0.68271221 0.02109375 0.04037267
0 0.56601562 0.67443064 0.01640625 0.02380952
0 0.59023437 0.67443064 0.02265625 0.02795031
0 0.521875 0.66149068 0.0078125 0.01863354
0 0.34609375 0.65372670 0.0125 0.01552795
0 0.61367187 0.63664596 0.01171875 0.01449275
0 0.51640625 0.62629399 0.0140625 0.01656314
0 0.66835937 0.62111801 0.01328125 0.01242236
0 0.43984375 0.60196687 0.0109375 0.01552795
0 0.50273437 0.58022774 0.01328125 0.01552795
0 0.36484375 0.58126293 0.0125 0.01759834
0 0.61171875 0.57763975 0.0109375 0.01242236
0 0.68007812 0.56987577 0.01640625 0.01345755
0 0.378125 0.56677018 0.0125 0.01345755
0 0.65351562 0.54761904 0.00859375 0.01449275
0 0.66523437 0.54710144 0.01171875 0.01552795
0 0.44882812 0.52898550 0.01953125 0.01449275
0 0.50546875 0.52173913 0.009375 0.01449275
0 0.39648437 0.52277432 0.01171875 0.01656314
0 0.32929687 0.52018633 0.01171875 0.01552795
0 0.31484375 0.51915113 0.0125 0.01759834
0 0.5515625 0.51345755 0.009375 0.01242236
0 0.30117187 0.49792960 0.01484375 0.01242236
0 0.47304687 0.48240165 0.01640625 0.02691511
0 0.55820312 0.46894409 0.01015625 0.01242236
0 0.38945312 0.44358178 0.01640625 0.01552795
0 0.52265625 0.44358178 0.0171875 0.02380952
0 0.40976562 0.43012422 0.00859375 0.01138716
0 0.67617187 0.43219461 0.01484375 0.01966873
0 0.57109375 0.43012422 0.009375 0.01552795
0 0.45351562 0.42080745 0.01015625 0.01552795
0 0.38046875 0.42028985 0.0078125 0.01656314
0 0.40625 0.41718426 0.009375 0.01242236
0 0.38828125 0.40113871 0.0109375 0.01552795
0 0.46054687 0.38975155 0.01015625 0.02795031
0 0.48554687 0.34006211 0.01171875 0.01552795
0 0.59453125 0.33488612 0.0109375 0.01345755
0 0.52148437 0.33333333 0.02578125 0.03519668
0 0.62929687 0.30590062 0.00859375 0.01552795
0 0.64140625 0.30486542 0.0125 0.01552795
0 0.5796875 0.30486542 0.015625 0.01552795
0 0.57226562 0.25828157 0.01015625 0.01345755
0 0.55273437 0.25621118 0.01484375 0.01552795
0 0.40273437 0.24068322 0.01328125 0.02173913
0 0.646875 0.23498964 0.0125 0.01656314
0 0.51992187 0.22412008 0.01015625 0.01345755
0 0.59257812 0.22722567 0.01796875 0.02173913
0 0.49375 0.22153209 0.0125 0.01656314
0 0.53125 0.19979296 0.0109375 0.01449275
0 0.33867187 0.18737060 0.01015625 0.01242236
0 0.3890625 0.17960662 0.0171875 0.02380952
0 0.56484375 0.16356107 0.009375 0.01863354
0 0.46992187 0.15838509 0.00859375 0.01449275
0 0.38359375 0.15476190 0.0125 0.01552795
0 0.54960937 0.15424430 0.00703125 0.02277432
0 0.62226562 0.14648033 0.01171875 0.01345755
0 0.57734375 0.12784679 0.0140625 0.01759834
0 0.39101562 0.09213250 0.01171875 0.02070393
0 0.42109375 0.09265010 0.0171875 0.02380952
0 0.63242187 0.08540372 0.01171875 0.02173913
0 0.46015625 0.03985507 0.0171875 0.01759834
0 0.36992187 0.02846790 0.01171875 0.01138716
0 0.28710937 0.02639751 0.01015625 0.01345755