0 0.38007812 0.93737060 0.01015625 0.00931677
0 0.43632812 0.82349896 0.01640625 0.01345755
0 0.4640625 0.77950310 0.0109375 0.01242236
0 0.44804687 0.77432712 0.01640625 0.01863354
0 0.63789062 0.71169772 0.01796875 0.02795031
0 0.59414062 0.70859213 0.01796875 0.02173913
0 0.3203125 0.63975155 0.00625 0.01656314
0 0.42539062 0.54968944 0.01640625 0.02070393
0 0.38554687 0.54968944 0.01953125 0.02277432
0 0.5625 0.54968944 0.0203125 0.02484472
0 0.41054687 0.51656314 0.01640625 0.01863354
0 0.65703125 0.42287784 0.0203125 0.00931677
0 0.43359375 0.07194616 0.0140625 0.00931677
0 0.6203125 0.06832298 0.015625 0.02691511