0 0.67382812 0.93840579 0.01328125 0.02173913
0 0.30625 0.90838509 0.0109375 0.01345755
0 0.51796875 0.90320910 0.0234375 0.03002070
0 0.609375 0.88768115 0.0140625 0.01345755
0 0.38828125 0.87422360 0.009375 0.01345755
0 0.3625 0.85869565 0.0125 0.01345755
0 0.4203125 0.85300207 0.009375 0.01242236
0 0.6859375 0.85248447 0.0109375 0.01552795
0 0.40820312 0.83902691 0.00859375 0.01345755
0 0.67929687 0.81262939 0.01328125 0.01656314
0 0.29335937 0.80848861 0.01015625 0.01449275
0 0.5734375 0.80434782 0.0125 0.01656314
0 0.3421875 0.79865424 0.0171875 0.02380952
0 0.39570312 0.77795031 0.01171875 0.01345755
0 0.62226562 0.76345755 0.01171875 0.01966873
0 0.38242187 0.75155279 0.01796875 0.02070393
0 0.47734375 0.74378881 0.0109375 0.01345755
0 0.52148437 0.74016563 0.00859375 0.02691511
0 0.375 0.73136645 0.0203125 0.01552795
0 0.61171875 0.72153209 0.009375 0.01242236
0 0.44765625 0.71118012 0.0125 0.01656314
0 0.40976562 0.69927536 0.00859375 0.01759834
0 0.4296875 0.69927536 0.015625 0.01966873
0 0.61054687 0.69099378 0.01484375 0.02795031
0 0.44804687 0.65527950 0.01484375 0.01863354
0 0.39140625 0.65165631 0.0109375 0.01759834
0 0.40976562 0.64648033 0.00859375 0.01138716
0 0.3328125 0.64182194 0.0234375 0.01656314
0 0.65585937 0.62318840 0.01484375 0.02070393
0 0.62890625 0.61853002 0.0171875 0.02380952
0 0.45585937 0.61490683 0.01171875 0.01656314
0 0.38164062 0.61076604 0.01015625 0.01242236
0 0.61914062 0.59472049 0.01015625 0.01138716
0 0.48632812 0.58954451 0.01484375 0.01966873
0 0.42578125 0.56418219 0.0109375 0.01656314
0 0.66015625 0.55693581 0.015625 0.01242236
0 0.3328125 0.55383022 0.009375 0.01242236
0 0.553125 0.55072463 0.0109375 0.01035196
0 0.49101562 0.54451345 0.01953125 0.03105590
0 0.609375 0.52846790 0.009375 0.02173913
0 0.33671875 0.50983436 0.015625 0.01966873
0 0.46835937 0.50569358 0.01640625 0.01552795
0 0.54726562 0.50258799 0.00859375 0.01138716
0 0.41289062 0.45341614 0.01328125 0.01863354
0 0.64453125 0.44979296 0.0171875 0.02380952
0 0.3390625 0.44099378 0.0078125 0.01035196
0 0.5953125 0.44772256 0.0234375 0.03002070
0 0.48515625 0.43737060 0.009375 0.01345755
0 0.45429687 0.41666666 0.00859375 0.01345755
0 0.65507812 0.41511387 0.00859375 0.01863354
0 0.39101562 0.42184265 0.02109375 0.04037267
0 0.50234375 0.39751552 0.0109375 0.01449275
0 0.47617187 0.39233954 0.01015625 0.01449275
0 0.54765625 0.39078674 0.0171875 0.02380952
0 0.665625 0.37784679 0.0171875 0.01035196
0 0.6171875 0.37008281 0.009375 0.01552795
0 0.653125 0.35817805 0.0125 0.01449275
0 0.415625 0.35403726 0.015625 0.01242236
0 0.50898437 0.34627329 0.00859375 0.01138716
0 0.63789062 0.34472049 0.01171875 0.01035196
0 0.47070312 0.31211180 0.01484375 0.01759834
0 0.36523437 0.28881987 0.01796875 0.02898550
0 0.58515625 0.28467908 0.0125 0.02691511
0 0.48632812 0.26656314 0.02109375 0.01966873
0 0.49921875 0.24689440 0.0171875 0.01552795
0 0.53320312 0.23188405 0.02890625 0.01863354
0 0.39335937 0.22774327 0.01328125 0.01035196
0 0.64921875 0.22360248 0.0109375 0.01656314
0 0.48867187 0.21894409 0.01015625 0.01966873
0 0.63398437 0.21066252 0.01015625 0.01552795
0 0.58554687 0.21790890 0.02734375 0.04244306
0 0.51523437 0.18788819 0.01953125 0.02587991
0 0.40195312 0.17132505 0.01328125 0.01138716
0 0.36875 0.17080745 0.015625 0.01242236
0 0.60039062 0.12939958 0.01015625 0.01656314
0 0.45351562 0.12318840 0.01328125 0.01863354
0 0.54101562 0.11335403 0.00859375 0.01345755
0 0.41484375 0.09834368 0.0140625 0.01035196
0 0.56328125 0.09472049 0.015625 0.01345755
0 0.35820312 0.08850931 0.01328125 0.01552795
0 0.38203125 0.08540372 0.009375 0.01552795
0 0.62148437 0.07349896 0.00859375 0.01242236
0 0.3421875 0.06625258 0.0109375 0.01863354
0 0.4453125 0.05434782 0.0125 0.01552795
0 0.63789062 0.02795031 0.00859375 0.01035196
0 0.40976562 0.01656314 0.00859375 0.01449275
0 0.5203125 0.01242236 0.015625 0.01242236