0 0.56914062 0.97619047 0.01640625 0.01449275
0 0.515625 0.97360248 0.0078125 0.01759834
0 0.55117187 0.93012422 0.00703125 0.03209109
0 0.534375 0.91356107 0.0125 0.01552795
0 0.48984375 0.88405797 0.0140625 0.01242236
0 0.62070312 0.88509316 0.01171875 0.01656314
0 0.58789062 0.89078674 0.00859375 0.03002070
0 0.51523437 0.88095238 0.00859375 0.01035196
0 0.65195312 0.87474120 0.01015625 0.02070393
0 0.37109375 0.86904761 0.0171875 0.02380952
0 0.459375 0.85300207 0.0109375 0.01449275
0 0.55507812 0.84420289 0.01640625 0.02380952
0 0.32382812 0.82349896 0.01015625 0.01345755
0 0.68398437 0.81055900 0.01171875 0.01242236
0 0.35234375 0.80072463 0.009375 0.00931677
0 0.51835937 0.79140786 0.01796875 0.01345755
0 0.32734375 0.78674948 0.0109375 0.01449275
0 0.6046875 0.75828157 0.015625 0.01345755
0 0.3328125 0.75828157 0.0171875 0.02380952
0 0.38945312 0.74430641 0.01015625 0.01242236
0 0.41210937 0.73913043 0.01015625 0.01035196
0 0.35898437 0.73654244 0.01171875 0.01759834
0 0.59648437 0.72929606 0.01171875 0.01759834
0 0.42890625 0.72049689 0.0140625 0.01656314
0 0.48007812 0.71739130 0.01171875 0.01656314
0 0.33515625 0.71946169 0.0171875 0.03519668
0 0.39257812 0.68840579 0.01640625 0.02070393
0 0.5578125 0.68944099 0.0171875 0.02484472
0 0.50039062 0.68012422 0.01484375 0.01863354
0 0.58632812 0.66614906 0.01171875 0.01552795
0 0.44765625 0.65890269 0.0125 0.00931677
0 0.65507812 0.66356107 0.01171875 0.02277432
0 0.51523437 0.65579710 0.01171875 0.01345755
0 0.61640625 0.64078674 0.009375 0.01656314
0 0.58242187 0.63457556 0.00703125 0.01863354
0 0.60625 0.62008281 0.015625 0.01449275
0 0.5 0.62577639 0.015625 0.02587991
0 0.61914062 0.61335403 0.01640625 0.01552795
0 0.34726562 0.61180124 0.01171875 0.01656314
0 0.41757812 0.61024844 0.01171875 0.01552795
0 0.64296875 0.60766045 0.01875 0.01863354
0 0.5046875 0.57039337 0.0109375 0.01242236
0 0.44023437 0.55279503 0.00859375 0.01656314
0 0.575 0.55124223 0.0140625 0.01759834
0 0.62695312 0.54503105 0.01015625 0.01966873
0 0.52617187 0.54089026 0.00859375 0.01966873
0 0.55625 0.53467908 0.0078125 0.01138716
0 0.48359375 0.52380952 0.0171875 0.01449275
0 0.38789062 0.51552795 0.01015625 0.01242236
0 0.35117187 0.51552795 0.01171875 0.01242236
0 0.52109375 0.51035196 0.009375 0.01449275
0 0.51015625 0.48706004 0.0125 0.01345755
0 0.52382812 0.48343685 0.00859375 0.01035196
0 0.4953125 0.48291925 0.0078125 0.02795031
0 0.53203125 0.46946169 0.009375 0.01138716
0 0.64179687 0.45238095 0.01484375 0.01656314
0 0.43828125 0.42908902 0.0203125 0.01966873
0 0.459375 0.41614906 0.0125 0.01656314
0 0.60351562 0.41356107 0.01171875 0.01552795
0 0.6203125 0.40010351 0.0171875 0.02380952
0 0.44960937 0.38664596 0.01015625 0.01345755
0 0.41679687 0.38716356 0.01171875 0.02070393
0 0.57695312 0.34834368 0.01796875 0.02173913
0 0.51015625 0.34006211 0.009375 0.01138716
0 0.55234375 0.33902691 0.0140625 0.01759834
0 0.56796875 0.31935817 0.0125 0.01552795
0 0.34414062 0.31469979 0.01796875 0.01242236
0 0.63164062 0.30383022 0.01171875 0.01759834
0 0.52226562 0.27950310 0.01015625 0.01242236
0 0.42851562 0.27484472 0.01328125 0.00931677
0 0.47695312 0.26501035 0.01171875 0.01035196
0 0.57421875 0.25310559 0.0171875 0.02380952
0 0.59453125 0.24637681 0.0109375 0.01449275
0 0.41015625 0.23809523 0.0203125 0.02484472
0 0.384375 0.20289855 0.0078125 0.02277432
0 0.58164062 0.19306418 0.01015625 0.01345755
0 0.61054687 0.15786749 0.01015625 0.01345755
0 0.43632812 0.15734989 0.01640625 0.02898550
0 0.6453125 0.14699792 0.0140625 0.03312629
0 0.39921875 0.13146997 0.0109375 0.02070393
0 0.49375 0.14078674 0.0171875 0.04140786
0 0.35664062 0.10041407 0.00703125 0.01035196
0 0.54921875 0.08954451 0.015625 0.02587991
0 0.5296875 0.07971014 0.0109375 0.01656314
0 0.3390625 0.07453416 0.009375 0.01656314
0 0.3703125 0.06987577 0.0328125 0.02173913
0 0.55351562 0.02122153 0.00859375 0.01138716
0 0.30078125 0.01345755 0.0203125 0.02484472
0 0.32890625 0.00517598 0.0078125 0.01035196