0 0.48359375 0.98861283 0.0125 0.01035196
0 0.50351562 0.98809523 0.00859375 0.02380952
0 0.30039062 0.96842650 0.01015625 0.01345755
0 0.346875 0.96790890 0.0109375 0.01449275
0 0.3734375 0.96532091 0.0125 0.01759834
0 0.32734375 0.96428571 0.0140625 0.01966873
0 0.38085937 0.94565217 0.01484375 0.01966873
0 0.64453125 0.94358178 0.0171875 0.02380952
0 0.69570312 0.93685300 0.00703125 0.01656314
0 0.68359375 0.90476190 0.009375 0.02691511
0 0.5875 0.88457556 0.0109375 0.01138716
0 0.47929687 0.87474120 0.01796875 0.01242236
0 0.36054687 0.87525879 0.01171875 0.01552795
0 0.64921875 0.87215320 0.0203125 0.01552795
0 0.31289062 0.87111801 0.01640625 0.02380952
0 0.46796875 0.85559006 0.009375 0.01345755
0 0.48789062 0.83385093 0.01015625 0.01759834
0 0.42109375 0.83022774 0.0125 0.01242236
0 0.57109375 0.83385093 0.0171875 0.02380952
0 0.46289062 0.82246376 0.01171875 0.01138716
0 0.43671875 0.81987577 0.0078125 0.01035196
0 0.68671875 0.81935817 0.009375 0.01345755
0 0.36953125 0.78726708 0.009375 0.01552795
0 0.3859375 0.76708074 0.0109375 0.01242236
0 0.39140625 0.75258799 0.0234375 0.01242236
0 0.6859375 0.74896480 0.0109375 0.01759834
0 0.42695312 0.74171842 0.01328125 0.01759834
0 0.43984375 0.73240165 0.0109375 0.01759834
0 0.60625 0.72412008 0.0171875 0.02380952
0 0.58828125 0.70910973 0.0109375 0.01242236
0 0.65273437 0.70134575 0.02265625 0.02795031
0 0.60703125 0.67701863 0.0171875 0.01035196
0 0.41132812 0.66718426 0.01171875 0.01138716
0 0.64882812 0.66666666 0.00859375 0.01449275
0 0.29296875 0.66925465 0.009375 0.02795031
0 0.61992187 0.65217391 0.01171875 0.01656314
0 0.36054687 0.64285714 0.01484375 0.01656314
0 0.33125 0.63405797 0.009375 0.01966873
0 0.471875 0.62370600 0.0109375 0.01759834
0 0.6703125 0.62318840 0.0109375 0.02070393
0 0.571875 0.62163561 0.0203125 0.03209109
0 0.44648437 0.60662525 0.01796875 0.01449275
0 0.56523437 0.59057971 0.01796875 0.02795031
0 0.63398437 0.57298136 0.01640625 0.01138716
0 0.44921875 0.57091097 0.0171875 0.02380952
0 0.6703125 0.56004140 0.01875 0.02070393
0 0.5265625 0.54192546 0.0171875 0.02380952
0 0.49296875 0.53260869 0.015625 0.01138716
0 0.36054687 0.52898550 0.01171875 0.01449275
0 0.5140625 0.49585921 0.021875 0.02277432
0 0.30898437 0.48964803 0.00703125 0.01035196
0 0.59140625 0.47929606 0.0125 0.01449275
0 0.51992187 0.47929606 0.01015625 0.01449275
0 0.46953125 0.46946169 0.0171875 0.02380952
0 0.68203125 0.44824016 0.0171875 0.02898550
0 0.49375 0.44565217 0.0171875 0.02380952
0 0.6359375 0.43737060 0.0109375 0.01966873
0 0.565625 0.42857142 0.009375 0.01449275
0 0.5265625 0.42494824 0.0171875 0.02380952
0 0.50546875 0.41666666 0.0125 0.01759834
0 0.64453125 0.40579710 0.0078125 0.01863354
0 0.5703125 0.40631469 0.0125 0.01966873
0 0.47929687 0.39855072 0.01015625 0.01449275
0 0.3765625 0.38095238 0.009375 0.01242236
0 0.54804687 0.35610766 0.01640625 0.02277432
0 0.52421875 0.35662525 0.0296875 0.02795031
0 0.434375 0.33850931 0.0140625 0.02070393
0 0.60859375 0.33229813 0.015625 0.02484472
0 0.62617187 0.32505175 0.01015625 0.01242236
0 0.37382812 0.32142857 0.01171875 0.01552795
0 0.33203125 0.32142857 0.0109375 0.01759834
0 0.49960937 0.31780538 0.01640625 0.02277432
0 0.55429687 0.31211180 0.01015625 0.01345755
0 0.41875 0.29968944 0.0171875 0.02380952
0 0.51679687 0.26086956 0.01015625 0.01242236
0 0.36679687 0.26242236 0.01171875 0.01552795
0 0.50039062 0.25465838 0.01171875 0.01449275
0 0.47382812 0.22981366 0.01171875 0.01035196
0 0.64375 0.22981366 0.0125 0.01656314
0 0.50429687 0.22774327 0.01015625 0.01449275
0 0.559375 0.20600414 0.0125 0.01242236
0 0.440625 0.20341614 0.0140625 0.01966873
0 0.60703125 0.15786749 0.021875 0.01138716
0 0.51445312 0.14958592 0.01015625 0.01552795
0 0.63476562 0.13768115 0.01328125 0.01035196
0 0.5421875 0.12267080 0.0171875 0.02380952
0 0.5015625 0.11853002 0.0109375 0.01966873
0 0.39882812 0.09006211 0.00703125 0.00828157
0 0.3765625 0.07867494 0.015625 0.01863354
0 0.34882812 0.07453416 0.01171875 0.01242236
0 0.59453125 0.01086956 0.0125 0.02173913