0 0.42929687 0.89026915 0.01484375 0.01449275
0 0.34414062 0.86697722 0.02265625 0.03209109
0 0.6421875 0.86128364 0.0453125 0.08902691
0 0.59492187 0.81469979 0.01640625 0.01449275
0 0.37304687 0.78260869 0.01171875 0.02070393
0 0.3171875 0.77070393 0.0140625 0.01759834
0 0.58867187 0.69409937 0.01796875 0.02173913
0 0.66953125 0.60973084 0.0203125 0.02691511
0 0.51132812 0.58436853 0.02265625 0.03830227
0 0.57773437 0.54347826 0.02421875 0.01449275
0 0.51210937 0.48240165 0.05859375 0.04347826
0 0.36210937 0.45755693 0.01640625 0.02484472
0 0.4578125 0.43788819 0.0171875 0.01449275
0 0.45429687 0.39389233 0.01640625 0.02380952
0 0.328125 0.38664596 0.0140625 0.02380952
0 0.65078125 0.40942028 0.0328125 0.09627329
0 0.57460937 0.35351966 0.02734375 0.02587991
0 0.63945312 0.27587991 0.01796875 0.02380952
0 0.51171875 0.22360248 0.028125 0.02691511