0 0.42421875 0.96583850 0.0125 0.02898550
0 0.5453125 0.91407867 0.00625 0.02277432
0 0.66640625 0.90269151 0.0234375 0.02898550
0 0.34648437 0.86438923 0.00859375 0.01242236
0 0.31835937 0.82660455 0.02109375 0.01759834
0 0.60625 0.81262939 0.0140625 0.01449275
0 0.40742187 0.74689440 0.01484375 0.01759834
0 0.3921875 0.73913043 0.0078125 0.02277432
0 0.43085937 0.69875776 0.01640625 0.02277432
0 0.55078125 0.62215320 0.0171875 0.01863354
0 0.68046875 0.58695652 0.0140625 0.01863354
0 0.50742187 0.57608695 0.01328125 0.01966873
0 0.38476562 0.52380952 0.02109375 0.02484472
0 0.52226562 0.46428571 0.01484375 0.01966873
0 0.40820312 0.41511387 0.01328125 0.01449275
0 0.50507812 0.36904761 0.01953125 0.02795031
0 0.40820312 0.35403726 0.01953125 0.02691511
0 0.47734375 0.31314699 0.015625 0.01552795
0 0.47773437 0.26811594 0.01640625 0.01863354
0 0.42851562 0.23861283 0.01796875 0.02795031
0 0.63164062 0.21687370 0.01171875 0.01138716
0 0.61210937 0.22204968 0.02109375 0.02173913
0 0.60507812 0.19461697 0.01796875 0.02070393
0 0.490625 0.18374741 0.015625 0.01966873
0 0.45703125 0.17650103 0.0125 0.02380952
0 0.6015625 0.14803312 0.01875 0.02070393
0 0.64492187 0.11180124 0.01171875 0.01863354
0 0.46953125 0.04710144 0.0171875 0.02380952
0 0.47265625 0.00931677 0.021875 0.01863354