0 0.5515625 0.94668737 0.0109375 0.01138716
0 0.59375 0.89078674 0.0203125 0.02587991
0 0.67890625 0.87525879 0.025 0.03002070
0 0.39609375 0.85403726 0.0125 0.02070393
0 0.63242187 0.82971014 0.01640625 0.03623188
0 0.47929687 0.80590062 0.02265625 0.02795031
0 0.62226562 0.79347826 0.01484375 0.01552795
0 0.59140625 0.77846790 0.0125 0.00828157
0 0.32929687 0.77484472 0.03046875 0.04244306
0 0.47148437 0.71532091 0.02421875 0.02898550
0 0.58359375 0.67132505 0.0125 0.01552795
0 0.4328125 0.62422360 0.0171875 0.02898550
0 0.56679687 0.59937888 0.01171875 0.02484472
0 0.45273437 0.53312629 0.01484375 0.01035196
0 0.60429687 0.48550724 0.01484375 0.02070393
0 0.38320312 0.38302277 0.01796875 0.02691511
0 0.40742187 0.32401656 0.01328125 0.01656314
0 0.50742187 0.27898550 0.01640625 0.01552795
0 0.40859375 0.18374741 0.0234375 0.02587991
0 0.57929687 0.17287784 0.00546875 0.01656314
0 0.37226562 0.15372670 0.01328125 0.01966873
0 0.49296875 0.11904761 0.0171875 0.02277432