0 0.38242187 0.98550724 0.00859375 0.02070393
0 0.36171875 0.98395445 0.025 0.01759834
0 0.67695312 0.96532091 0.00859375 0.01345755
0 0.6984375 0.94668737 0.0125 0.02173913
0 0.4515625 0.94254658 0.0109375 0.02380952
0 0.32421875 0.93219461 0.0234375 0.01138716
0 0.50117187 0.92857142 0.01953125 0.01035196
0 0.521875 0.92598343 0.0171875 0.02380952
0 0.3703125 0.89026915 0.01875 0.02898550
0 0.584375 0.87422360 0.0328125 0.03002070
0 0.53476562 0.86128364 0.01328125 0.01656314
0 0.625 0.85041407 0.0125 0.01552795
0 0.64804687 0.84420289 0.01015625 0.01345755
0 0.29960937 0.80383022 0.01953125 0.01966873
0 0.34257812 0.77380952 0.01015625 0.02380952
0 0.54140625 0.76811594 0.009375 0.01449275
0 0.38046875 0.76863354 0.0171875 0.02380952
0 0.4109375 0.76345755 0.0078125 0.01759834
0 0.58554687 0.76293995 0.02109375 0.02277432
0 0.36523437 0.73291925 0.01171875 0.01242236
0 0.47929687 0.73447204 0.01171875 0.02173913
0 0.3234375 0.73240165 0.0109375 0.01759834
0 0.584375 0.71842650 0.0125 0.01656314
0 0.37890625 0.68064182 0.0109375 0.01552795
0 0.33671875 0.68788819 0.025 0.03416149
0 0.56328125 0.67546583 0.0078125 0.01138716
0 0.61523437 0.66045548 0.01328125 0.01449275
0 0.41640625 0.65683229 0.0125 0.01345755
0 0.34140625 0.64492753 0.0109375 0.01242236
0 0.50039062 0.64389233 0.01484375 0.02070393
0 0.403125 0.63819875 0.0171875 0.02380952
0 0.50429687 0.61231884 0.01015625 0.01138716
0 0.66367187 0.61283643 0.02109375 0.02898550
0 0.55859375 0.59368530 0.0109375 0.01759834
0 0.46015625 0.56366459 0.0203125 0.01759834
0 0.41445312 0.55848861 0.01171875 0.01552795
0 0.39414062 0.55538302 0.01171875 0.01345755
0 0.55898437 0.54140786 0.01484375 0.01656314
0 0.59375 0.54244306 0.0109375 0.03105590
0 0.5546875 0.49171842 0.0171875 0.01242236
0 0.3609375 0.48136645 0.0109375 0.01449275
0 0.31445312 0.45962732 0.01015625 0.01449275
0 0.30429687 0.43115942 0.01171875 0.01345755
0 0.43359375 0.42960662 0.0140625 0.01449275
0 0.35039062 0.41356107 0.01171875 0.01552795
0 0.32851562 0.40683229 0.01171875 0.01449275
0 0.59609375 0.40734989 0.0171875 0.02380952
0 0.6390625 0.38457556 0.009375 0.01345755
0 0.37695312 0.37629399 0.00859375 0.01345755
0 0.459375 0.36438923 0.0125 0.01242236
0 0.396875 0.36645962 0.0109375 0.02277432
0 0.60390625 0.36076604 0.0109375 0.01552795
0 0.57890625 0.35869565 0.009375 0.01345755
0 0.51015625 0.35610766 0.028125 0.03105590
0 0.54179687 0.34265010 0.00859375 0.01242236
0 0.33554687 0.34523809 0.01171875 0.01966873
0 0.35976562 0.34316770 0.01328125 0.01759834
0 0.62890625 0.34057971 0.0125 0.01449275
0 0.64492187 0.34057971 0.01328125 0.01863354
0 0.58828125 0.32660455 0.0109375 0.01552795
0 0.63867187 0.30124223 0.01484375 0.02277432
0 0.415625 0.29451345 0.0125 0.01552795
0 0.51015625 0.27277432 0.0171875 0.02380952
0 0.62148437 0.25931677 0.01484375 0.01966873
0 0.64765625 0.25621118 0.0140625 0.01759834
0 0.478125 0.25310559 0.009375 0.01759834
0 0.55820312 0.24792960 0.01015625 0.01552795
0 0.39804687 0.23757763 0.01328125 0.01966873
0 0.6109375 0.22308488 0.009375 0.01138716
0 0.62070312 0.21066252 0.01640625 0.02380952
0 0.45390625 0.20496894 0.009375 0.02484472
0 0.58476562 0.17908902 0.01171875 0.01449275
0 0.46015625 0.17494824 0.009375 0.01656314
0 0.56054687 0.17650103 0.01171875 0.02795031
0 0.43828125 0.15838509 0.0140625 0.01863354
0 0.37421875 0.16097308 0.0109375 0.02380952
0 0.340625 0.14855072 0.0171875 0.02380952
0 0.38242187 0.13302277 0.01171875 0.01552795
0 0.58164062 0.13561076 0.02109375 0.02484472
0 0.53671875 0.11956521 0.0109375 0.01552795
0 0.34921875 0.12267080 0.0171875 0.02380952
0 0.37929687 0.10610766 0.01484375 0.02587991
0 0.51640625 0.08799171 0.0125 0.01656314
0 0.58007812 0.06625258 0.01328125 0.01449275
0 0.44140625 0.06935817 0.0109375 0.02070393
0 0.36875 0.04606625 0.0078125 0.02380952
0 0.60742187 0.02380952 0.01015625 0.01449275
0 0.628125 0.01190476 0.0109375 0.00931677