0 0.5828125 0.99482401 0.015625 0.01035196
0 0.6171875 0.98084886 0.0171875 0.02380952
0 0.46640625 0.97049689 0.0109375 0.01552795
0 0.55625 0.94099378 0.0078125 0.01449275
0 0.57695312 0.91252587 0.01796875 0.01138716
0 0.48984375 0.90062111 0.0171875 0.01035196
0 0.525 0.89958592 0.0109375 0.01656314
0 0.54960937 0.88871635 0.01015625 0.01759834
0 0.59960937 0.88923395 0.00703125 0.02070393
0 0.3734375 0.88612836 0.009375 0.03519668
0 0.38632812 0.85403726 0.01171875 0.01449275
0 0.33632812 0.85041407 0.01953125 0.02173913
0 0.321875 0.83799171 0.0078125 0.01345755
0 0.52734375 0.83954451 0.015625 0.02070393
0 0.50898437 0.83488612 0.00859375 0.01345755
0 0.39570312 0.83126293 0.01328125 0.02070393
0 0.65976562 0.82298136 0.01484375 0.01863354
0 0.29960937 0.82556935 0.02265625 0.03209109
0 0.46015625 0.80641821 0.0140625 0.01863354
0 0.48515625 0.79710144 0.0109375 0.01449275
0 0.45585937 0.78364389 0.01484375 0.02277432
0 0.38945312 0.77898550 0.01171875 0.01345755
0 0.49101562 0.76138716 0.01015625 0.01345755
0 0.55117187 0.75517598 0.01015625 0.01345755
0 0.44375 0.75724637 0.0171875 0.02380952
0 0.35390625 0.75207039 0.0171875 0.02380952
0 0.39179687 0.74120082 0.01015625 0.01449275
0 0.30625 0.73447204 0.015625 0.01345755
0 0.43867187 0.73550724 0.01953125 0.02173913
0 0.65390625 0.71066252 0.015625 0.01138716
0 0.6125 0.70962732 0.0140625 0.00931677
0 0.34453125 0.71687370 0.0171875 0.02380952
0 0.63476562 0.70755693 0.01328125 0.01345755
0 0.425 0.71169772 0.0171875 0.02380952
0 0.66796875 0.69202898 0.015625 0.02173913
0 0.553125 0.68685300 0.0125 0.01966873
0 0.46054687 0.65010351 0.01171875 0.01656314
0 0.38632812 0.64337474 0.01640625 0.02173913
0 0.52304687 0.63768115 0.01015625 0.03105590
0 0.49335937 0.62318840 0.01015625 0.01449275
0 0.41914062 0.60248447 0.01328125 0.01656314
0 0.29960937 0.60507246 0.01015625 0.02173913
0 0.62617187 0.59006211 0.01328125 0.01035196
0 0.60390625 0.59109730 0.01875 0.01242236
0 0.67734375 0.58747412 0.0171875 0.02380952
0 0.47226562 0.57142857 0.01328125 0.01449275
0 0.52890625 0.55797101 0.0109375 0.01242236
0 0.63671875 0.54761904 0.00625 0.01656314
0 0.60976562 0.54399585 0.01015625 0.01552795
0 0.35 0.53519668 0.0078125 0.02070393
0 0.4328125 0.51449275 0.0125 0.02277432
0 0.50195312 0.48033126 0.01328125 0.01449275
0 0.30234375 0.48550724 0.025 0.02898550
0 0.46015625 0.47567287 0.0109375 0.01552795
0 0.55039062 0.46169772 0.01328125 0.01656314
0 0.45625 0.45082815 0.0125 0.01552795
0 0.40234375 0.45755693 0.015625 0.02898550
0 0.67070312 0.42546583 0.01328125 0.01656314
0 0.35273437 0.42236024 0.01640625 0.01035196
0 0.425 0.41149068 0.0171875 0.02380952
0 0.39648437 0.40269151 0.01484375 0.01449275
0 0.51054687 0.40269151 0.01171875 0.01656314
0 0.44960937 0.40683229 0.02109375 0.03312629
0 0.38164062 0.38923395 0.01015625 0.01242236
0 0.45507812 0.36853002 0.01484375 0.03105590
0 0.50546875 0.35196687 0.015625 0.01863354
0 0.42773437 0.34006211 0.01015625 0.01552795
0 0.59453125 0.31211180 0.0171875 0.02380952
0 0.52421875 0.30227743 0.0078125 0.01242236
0 0.6171875 0.30693581 0.0171875 0.02380952
0 0.48789062 0.28053830 0.01171875 0.02277432
0 0.35546875 0.28209109 0.0234375 0.02587991
0 0.59765625 0.27587991 0.009375 0.02173913
0 0.52734375 0.25983436 0.0140625 0.01242236
0 0.50859375 0.23654244 0.0171875 0.02380952
0 0.57070312 0.23240165 0.01328125 0.01759834
0 0.38789062 0.22619047 0.01328125 0.01552795
0 0.38828125 0.19720496 0.0109375 0.01552795
0 0.54414062 0.19409937 0.01171875 0.01552795
0 0.596875 0.19306418 0.0140625 0.01552795
0 0.35898437 0.16925465 0.01328125 0.01552795
0 0.5140625 0.16770186 0.0109375 0.01656314
0 0.52265625 0.15734989 0.009375 0.01449275
0 0.49726562 0.15269151 0.01015625 0.02173913
0 0.43828125 0.14026915 0.0171875 0.02380952
0 0.55507812 0.13561076 0.01171875 0.01863354
0 0.5453125 0.10248447 0.0125 0.01656314
0 0.38085937 0.09627329 0.01015625 0.01242236
0 0.6296875 0.08178053 0.015625 0.01242236
0 0.41015625 0.04503105 0.0171875 0.02380952
0 0.70117187 0.02898550 0.00859375 0.01242236