0 0.56914062 0.96635610 0.01640625 0.03209109
0 0.31328125 0.95755693 0.0171875 0.03105590
0 0.62929687 0.88923395 0.00703125 0.01656314
0 0.4859375 0.88043478 0.01875 0.03209109
0 0.31640625 0.85093167 0.0203125 0.02277432
0 0.684375 0.76604554 0.0140625 0.02484472
0 0.36054687 0.75 0.01796875 0.02587991
0 0.31796875 0.72412008 0.0140625 0.01759834
0 0.61796875 0.68012422 0.0140625 0.01656314
0 0.63945312 0.59161490 0.01640625 0.01759834
0 0.52226562 0.55020703 0.02265625 0.02587991
0 0.59570312 0.51552795 0.01328125 0.01449275
0 0.6296875 0.45289855 0.0109375 0.00931677
0 0.55976562 0.39699792 0.01484375 0.01759834
0 0.59453125 0.28519668 0.0171875 0.01552795
0 0.35976562 0.16511387 0.02734375 0.02380952