0 0.48554687 0.97722567 0.01484375 0.02484472
0 0.640625 0.96325051 0.0171875 0.01966873
0 0.378125 0.94409937 0.0125 0.01863354
0 0.33984375 0.93167701 0.0140625 0.02484472
0 0.5890625 0.86904761 0.0140625 0.01345755
0 0.546875 0.82349896 0.01875 0.00724637
0 0.62695312 0.81728778 0.01640625 0.01759834
0 0.42734375 0.79658385 0.01875 0.02173913
0 0.66523437 0.74482401 0.01171875 0.01345755
0 0.58164062 0.73291925 0.01640625 0.02691511
0 0.56875 0.66459627 0.0140625 0.02484472
0 0.64648437 0.66252587 0.01953125 0.02898550
0 0.6796875 0.64026915 0.021875 0.02173913
0 0.68320312 0.54606625 0.00859375 0.01138716
0 0.54335937 0.52277432 0.01015625 0.02898550
0 0.52265625 0.49171842 0.0140625 0.02070393
0 0.4078125 0.48188405 0.0125 0.02173913
0 0.33125 0.44513457 0.015625 0.01656314
0 0.47070312 0.43219461 0.01953125 0.01966873
0 0.3734375 0.39751552 0.0234375 0.03105590
0 0.365625 0.29451345 0.01875 0.02587991
0 0.36640625 0.18219461 0.015625 0.02277432
0 0.38671875 0.16407867 0.0078125 0.02173913
0 0.51523437 0.15062111 0.01484375 0.02380952
0 0.4171875 0.09989648 0.0171875 0.02173913
0 0.34335937 0.09420289 0.01796875 0.02484472
0 0.359375 0.03312629 0.0140625 0.02691511
0 0.6015625 0.01035196 0.01875 0.02070393