0 0.38203125 0.97360248 0.009375 0.01138716
0 0.48242187 0.97412008 0.01640625 0.01656314
0 0.521875 0.93944099 0.0234375 0.01966873
0 0.65078125 0.92908902 0.0203125 0.01345755
0 0.6125 0.92494824 0.0171875 0.02380952
0 0.5921875 0.90217391 0.015625 0.04037267
0 0.43867187 0.88612836 0.01015625 0.02277432
0 0.540625 0.88198757 0.01875 0.03312629
0 0.67226562 0.86645962 0.01015625 0.01449275
0 0.365625 0.85196687 0.0125 0.01242236
0 0.62070312 0.83850931 0.01640625 0.01449275
0 0.35195312 0.83436853 0.00859375 0.01035196
0 0.67304687 0.81469979 0.00859375 0.01242236
0 0.35976562 0.81728778 0.01328125 0.01759834
0 0.60507812 0.79917184 0.01953125 0.01863354
0 0.33476562 0.76811594 0.01171875 0.01449275
0 0.65976562 0.76759834 0.01328125 0.01552795
0 0.315625 0.76501035 0.0078125 0.01242236
0 0.56679687 0.75569358 0.01640625 0.01449275
0 0.33554687 0.74120082 0.01796875 0.02277432
0 0.45703125 0.73654244 0.0125 0.02587991
0 0.425 0.72360248 0.0125 0.01863354
0 0.55273437 0.71169772 0.00859375 0.01138716
0 0.38554687 0.71480331 0.01015625 0.01966873
0 0.47539062 0.71894409 0.03515625 0.03830227
0 0.52304687 0.70238095 0.01484375 0.01345755
0 0.35390625 0.70341614 0.0171875 0.02380952
0 0.67460937 0.68737060 0.01328125 0.02691511
0 0.64609375 0.67028985 0.009375 0.01966873
0 0.6171875 0.66563146 0.0296875 0.02070393
0 0.47578125 0.66097308 0.015625 0.01966873
0 0.47460937 0.63561076 0.01640625 0.01656314
0 0.34023437 0.63354037 0.01484375 0.02277432
0 0.59296875 0.62577639 0.015625 0.01138716
0 0.50585937 0.61490683 0.01015625 0.01242236
0 0.35625 0.61335403 0.0171875 0.02380952
0 0.5078125 0.59316770 0.009375 0.01656314
0 0.64453125 0.58902691 0.0109375 0.01242236
0 0.29492187 0.58229813 0.01328125 0.02380952
0 0.31875 0.58540372 0.0078125 0.03623188
0 0.6515625 0.57091097 0.009375 0.01138716
0 0.41757812 0.54658385 0.01015625 0.01863354
0 0.60351562 0.53985507 0.01640625 0.01138716
0 0.65117187 0.54037267 0.01171875 0.01449275
0 0.30351562 0.53674948 0.01484375 0.01138716
0 0.37695312 0.52225672 0.01015625 0.01345755
0 0.51757812 0.51708074 0.01015625 0.01345755
0 0.41289062 0.50672877 0.01484375 0.01759834
0 0.55117187 0.47463768 0.01015625 0.01345755
0 0.58554687 0.46687370 0.01015625 0.01242236
0 0.39882812 0.46790890 0.01171875 0.01449275
0 0.390625 0.45134575 0.0140625 0.01656314
0 0.51875 0.44979296 0.0109375 0.01552795
0 0.41132812 0.44720496 0.01015625 0.01242236
0 0.45664062 0.43581780 0.01171875 0.01449275
0 0.64453125 0.41666666 0.0125 0.01759834
0 0.628125 0.39751552 0.01875 0.01863354
0 0.5390625 0.39855072 0.0265625 0.02691511
0 0.49414062 0.39233954 0.01328125 0.01656314
0 0.43476562 0.38871635 0.01171875 0.01552795
0 0.35703125 0.38302277 0.0125 0.01449275
0 0.5140625 0.37991718 0.0109375 0.01449275
0 0.41679687 0.38354037 0.01015625 0.02173913
0 0.64726562 0.37008281 0.01171875 0.01345755
0 0.54023437 0.36024844 0.01015625 0.01656314
0 0.346875 0.35869565 0.015625 0.01966873
0 0.39140625 0.34937888 0.0125 0.01759834
0 0.41796875 0.32453416 0.0109375 0.01552795
0 0.63515625 0.32246376 0.0109375 0.01552795
0 0.64882812 0.32039337 0.01171875 0.01345755
0 0.61445312 0.32091097 0.01796875 0.01449275
0 0.56015625 0.31987577 0.009375 0.01449275
0 0.36367187 0.31987577 0.01796875 0.02277432
0 0.57929687 0.31987577 0.01953125 0.02898550
0 0.43164062 0.30072463 0.01171875 0.01345755
0 0.39765625 0.30279503 0.0125 0.01759834
0 0.56328125 0.25672877 0.009375 0.01242236
0 0.4359375 0.26086956 0.0140625 0.02070393
0 0.64804687 0.25828157 0.01328125 0.02173913
0 0.57460937 0.19616977 0.01484375 0.02380952
0 0.51953125 0.14906832 0.0125 0.01656314
0 0.41875 0.12525879 0.0078125 0.01242236
0 0.43398437 0.12939958 0.01796875 0.02277432
0 0.37460937 0.11697722 0.01015625 0.01242236
0 0.51835937 0.09523809 0.00859375 0.02070393
0 0.3875 0.06625258 0.009375 0.01449275
0 0.48125 0.02329192 0.009375 0.01345755