0 0.51835937 0.97981366 0.02109375 0.01552795
0 0.6359375 0.96221532 0.0078125 0.01552795
0 0.46367187 0.94513457 0.00703125 0.01035196
0 0.63789062 0.92701863 0.01328125 0.02173913
0 0.52617187 0.92028985 0.01328125 0.01449275
0 0.50195312 0.91770186 0.01015625 0.01759834
0 0.49882812 0.89389233 0.00859375 0.01138716
0 0.328125 0.89596273 0.0171875 0.02380952
0 0.55273437 0.88250517 0.00859375 0.00931677
0 0.68125 0.88302277 0.015625 0.01656314
0 0.36914062 0.87629399 0.01015625 0.01345755
0 0.65351562 0.87474120 0.00859375 0.01242236
0 0.40742187 0.86335403 0.01328125 0.01656314
0 0.30742187 0.87318840 0.02578125 0.03830227
0 0.4828125 0.84420289 0.0171875 0.02380952
0 0.6796875 0.83695652 0.0171875 0.02380952
0 0.6296875 0.82660455 0.0234375 0.03416149
0 0.3375 0.79968944 0.009375 0.01759834
0 0.47851562 0.78985507 0.02265625 0.02691511
0 0.30703125 0.78260869 0.028125 0.02070393
0 0.56523437 0.74896480 0.01015625 0.01138716
0 0.6734375 0.75310559 0.0171875 0.02380952
0 0.32304687 0.73395445 0.01328125 0.01656314
0 0.59375 0.73550724 0.0171875 0.02380952
0 0.34296875 0.73033126 0.0171875 0.02380952
0 0.57070312 0.71739130 0.01015625 0.01449275
0 0.3671875 0.71687370 0.0171875 0.01552795
0 0.3296875 0.70238095 0.0171875 0.02380952
0 0.43789062 0.69616977 0.01171875 0.01552795
0 0.49101562 0.69720496 0.00859375 0.02173913
0 0.38632812 0.69047619 0.01015625 0.01242236
0 0.60859375 0.69254658 0.015625 0.02070393
0 0.63007812 0.68374741 0.01171875 0.01759834
0 0.40664062 0.67960662 0.01640625 0.01552795
0 0.64179687 0.66770186 0.01484375 0.01449275
0 0.33085937 0.66770186 0.01484375 0.01656314
0 0.42460937 0.65734989 0.01171875 0.01449275
0 0.36835937 0.65372670 0.01484375 0.01966873
0 0.50078125 0.64130434 0.015625 0.02173913
0 0.43164062 0.63405797 0.01328125 0.02795031
0 0.62773437 0.62215320 0.01171875 0.01656314
0 0.60390625 0.60196687 0.0171875 0.02380952
0 0.31992187 0.58540372 0.00859375 0.01552795
0 0.39765625 0.58229813 0.0171875 0.02380952
0 0.29570312 0.57505175 0.01484375 0.01552795
0 0.4703125 0.53519668 0.009375 0.01242236
0 0.53476562 0.53830227 0.02734375 0.02898550
0 0.39921875 0.52329192 0.0203125 0.01345755
0 0.56992187 0.49948240 0.01015625 0.01552795
0 0.6859375 0.48706004 0.0125 0.00931677
0 0.41796875 0.48188405 0.0109375 0.01552795
0 0.39335937 0.48291925 0.01171875 0.02587991
0 0.53632812 0.46687370 0.01171875 0.01242236
0 0.42539062 0.46169772 0.01015625 0.01035196
0 0.35625 0.46066252 0.0078125 0.01035196
0 0.37695312 0.45807453 0.01015625 0.01345755
0 0.4 0.45289855 0.0125 0.01552795
0 0.54609375 0.44668737 0.0171875 0.02380952
0 0.4578125 0.42908902 0.0171875 0.00931677
0 0.496875 0.43426501 0.0171875 0.02380952
0 0.64140625 0.42650103 0.009375 0.02070393
0 0.32929687 0.42236024 0.00859375 0.01242236
0 0.36132812 0.39855072 0.01171875 0.01242236
0 0.3109375 0.40320910 0.0171875 0.02380952
0 0.68085937 0.39544513 0.01015625 0.01449275
0 0.3234375 0.38509316 0.009375 0.00828157
0 0.66796875 0.37836438 0.01875 0.01552795
0 0.646875 0.37008281 0.0171875 0.02380952
0 0.54804687 0.35973084 0.02265625 0.02587991
0 0.4390625 0.35351966 0.0171875 0.02380952
0 0.58671875 0.31418219 0.01875 0.01345755
0 0.53046875 0.31314699 0.0109375 0.01552795
0 0.41796875 0.29399585 0.009375 0.01449275
0 0.48632812 0.29761904 0.02734375 0.02587991
0 0.46835937 0.28157349 0.01796875 0.02691511
0 0.51054687 0.27018633 0.01328125 0.01863354
0 0.65 0.26190476 0.009375 0.01242236
0 0.48398437 0.24430641 0.01328125 0.01656314
0 0.57382812 0.24016563 0.00703125 0.01035196
0 0.4328125 0.22412008 0.015625 0.03002070
0 0.5328125 0.21169772 0.0109375 0.01759834
0 0.384375 0.17960662 0.009375 0.01138716
0 0.45585937 0.15890269 0.02109375 0.01759834
0 0.3375 0.12318840 0.0109375 0.01449275
0 0.42382812 0.09575569 0.01015625 0.01759834
0 0.36484375 0.07401656 0.0171875 0.02380952
0 0.54726562 0.06780538 0.01015625 0.01345755
0 0.50039062 0.06366459 0.02109375 0.01759834
0 0.47109375 0.05331262 0.0171875 0.02380952
0 0.46875 0.02950310 0.0109375 0.01345755