0 0.2859375 0.92650103 0.0140625 0.01656314
0 0.61367187 0.91511387 0.01484375 0.01863354
0 0.40039062 0.90269151 0.01953125 0.02484472
0 0.40898437 0.81055900 0.01328125 0.01863354
0 0.3703125 0.80848861 0.009375 0.02484472
0 0.45039062 0.79917184 0.01171875 0.01863354
0 0.62851562 0.75672877 0.00859375 0.02484472
0 0.525 0.74948240 0.01875 0.02070393
0 0.36445312 0.74844720 0.02265625 0.02277432
0 0.68710937 0.73395445 0.00859375 0.01656314
0 0.6859375 0.69047619 0.0109375 0.01656314
0 0.44648437 0.68115942 0.01796875 0.02070393
0 0.46132812 0.64855072 0.01796875 0.01759834
0 0.6109375 0.63146997 0.0171875 0.02484472
0 0.55820312 0.58074534 0.01796875 0.01863354
0 0.4359375 0.53778467 0.0140625 0.01759834
0 0.33125 0.50310559 0.015625 0.01656314
0 0.54140625 0.5 0.0203125 0.02070393
0 0.30976562 0.48447204 0.01640625 0.02277432
0 0.38710937 0.42132505 0.01171875 0.01656314
0 0.35546875 0.38716356 0.0140625 0.02070393
0 0.63398437 0.35300207 0.02109375 0.03933747
0 0.59960937 0.34265010 0.01328125 0.02070393
0 0.55820312 0.33126293 0.01640625 0.02484472
0 0.6453125 0.30486542 0.0140625 0.01138716
0 0.475 0.09989648 0.00625 0.01966873
0 0.696875 0.00569358 0.009375 0.01138716