0 0.68789062 0.98447204 0.01640625 0.01449275
0 0.49921875 0.97981366 0.0125 0.01138716
0 0.553125 0.97929606 0.0125 0.01449275
0 0.62578125 0.97360248 0.0171875 0.02380952
0 0.29804687 0.95134575 0.01484375 0.01863354
0 0.37109375 0.94461697 0.0171875 0.02380952
0 0.528125 0.94358178 0.0171875 0.02380952
0 0.46445312 0.91718426 0.01171875 0.01449275
0 0.48554687 0.92650103 0.01796875 0.03726708
0 0.5734375 0.88561076 0.0171875 0.02380952
0 0.34921875 0.86283643 0.0078125 0.01138716
0 0.55585937 0.84834368 0.01171875 0.01552795
0 0.40664062 0.83695652 0.01171875 0.01345755
0 0.31367187 0.82919254 0.01015625 0.01656314
0 0.67539062 0.82246376 0.01015625 0.01345755
0 0.334375 0.76708074 0.0078125 0.01242236
0 0.3875 0.76759834 0.0171875 0.02380952
0 0.6140625 0.75155279 0.0125 0.01863354
0 0.6515625 0.73550724 0.0234375 0.01552795
0 0.38476562 0.73706004 0.01484375 0.02277432
0 0.3390625 0.72101449 0.01875 0.02587991
0 0.61757812 0.71739130 0.02890625 0.02898550
0 0.65039062 0.70393374 0.01171875 0.01449275
0 0.45742187 0.68322981 0.01171875 0.01656314
0 0.36601562 0.67443064 0.01171875 0.01966873
0 0.309375 0.67028985 0.0140625 0.01759834
0 0.60625 0.66718426 0.0171875 0.02380952
0 0.6515625 0.61490683 0.015625 0.01863354
0 0.56914062 0.59006211 0.00859375 0.02070393
0 0.2984375 0.59057971 0.0171875 0.02380952
0 0.42539062 0.58385093 0.00859375 0.01242236
0 0.521875 0.58178053 0.0171875 0.04140786
0 0.553125 0.54192546 0.009375 0.01138716
0 0.6 0.54296066 0.0171875 0.03830227
0 0.6875 0.52432712 0.009375 0.01345755
0 0.30664062 0.51501035 0.01171875 0.01345755
0 0.59960937 0.50879917 0.01640625 0.01138716
0 0.55859375 0.49534161 0.0109375 0.01345755
0 0.60820312 0.47049689 0.01328125 0.01552795
0 0.39921875 0.46273291 0.0109375 0.01656314
0 0.50273437 0.44824016 0.00859375 0.01035196
0 0.30625 0.44461697 0.0078125 0.01138716
0 0.3671875 0.44461697 0.0171875 0.02380952
0 0.62851562 0.39648033 0.01328125 0.01035196
0 0.52070312 0.39285714 0.01640625 0.01759834
0 0.38671875 0.39078674 0.0171875 0.02380952
0 0.32929687 0.39648033 0.03671875 0.03519668
0 0.471875 0.38198757 0.0109375 0.01449275
0 0.35078125 0.37318840 0.0109375 0.01138716
0 0.43007812 0.37836438 0.01796875 0.02587991
0 0.51992187 0.36697722 0.01171875 0.01759834
0 0.49179687 0.35869565 0.01484375 0.01759834
0 0.5875 0.35921325 0.0078125 0.02070393
0 0.63046875 0.35403726 0.0125 0.01656314
0 0.45351562 0.33436853 0.01328125 0.02484472
0 0.36484375 0.31211180 0.01875 0.01138716
0 0.45351562 0.31159420 0.01171875 0.01656314
0 0.33125 0.30279503 0.0078125 0.01138716
0 0.42382812 0.30020703 0.01015625 0.01242236
0 0.52851562 0.29865424 0.00859375 0.01138716
0 0.51132812 0.29710144 0.01328125 0.02691511
0 0.3890625 0.28674948 0.0140625 0.02277432
0 0.3703125 0.28623188 0.0171875 0.02380952
0 0.36328125 0.26501035 0.0109375 0.01449275
0 0.42109375 0.25776397 0.0125 0.01449275
0 0.465625 0.25414078 0.0109375 0.01759834
0 0.5546875 0.25155279 0.0125 0.01656314
0 0.63515625 0.23550724 0.0109375 0.01552795
0 0.59414062 0.24068322 0.01796875 0.03416149
0 0.44101562 0.21687370 0.00859375 0.01345755
0 0.40273437 0.22153209 0.00703125 0.02484472
0 0.50820312 0.20031055 0.01015625 0.01759834
0 0.50234375 0.15320910 0.009375 0.01449275
0 0.38867187 0.15217391 0.02734375 0.02691511
0 0.41367187 0.13250517 0.00859375 0.01035196
0 0.4546875 0.13509316 0.0109375 0.01966873
0 0.37265625 0.11853002 0.0171875 0.02380952
0 0.55898437 0.11438923 0.01015625 0.02380952
0 0.38867187 0.08488612 0.02578125 0.02898550
0 0.33359375 0.07142857 0.0125 0.01656314
0 0.58554687 0.03778467 0.03359375 0.02795031
0 0.44296875 0.03312629 0.0078125 0.01863354
0 0.48515625 0.03467908 0.0171875 0.02380952
0 0.6796875 0.01397515 0.0125 0.02173913
0 0.6171875 0.00983436 0.009375 0.01552795