0 0.46171875 0.98809523 0.015625 0.00931677
0 0.67578125 0.97256728 0.0140625 0.01759834
0 0.6203125 0.98188405 0.0171875 0.03623188
0 0.64765625 0.97308488 0.0078125 0.02484472
0 0.33398437 0.96325051 0.01953125 0.01552795
0 0.51796875 0.95962732 0.0078125 0.01035196
0 0.37421875 0.96635610 0.0171875 0.02380952
0 0.4453125 0.96428571 0.0171875 0.02380952
0 0.57851562 0.96014492 0.02109375 0.01759834
0 0.50273437 0.92546583 0.01640625 0.01449275
0 0.35039062 0.90320910 0.00859375 0.01345755
0 0.53789062 0.90062111 0.02109375 0.04140786
0 0.48085937 0.88716356 0.02265625 0.01449275
0 0.56523437 0.88975155 0.00703125 0.03209109
0 0.50429687 0.86180124 0.01171875 0.01345755
0 0.6390625 0.85300207 0.009375 0.02070393
0 0.55078125 0.85248447 0.0109375 0.01966873
0 0.36835937 0.84989648 0.00859375 0.01656314
0 0.33984375 0.83592132 0.0171875 0.02380952
0 0.32734375 0.81211180 0.0140625 0.01552795
0 0.53203125 0.81314699 0.0125 0.02173913
0 0.40390625 0.81211180 0.0171875 0.02380952
0 0.53085937 0.75569358 0.00703125 0.01035196
0 0.45 0.75621118 0.0109375 0.01552795
0 0.5859375 0.75 0.0109375 0.01552795
0 0.4046875 0.74792960 0.0125 0.02173913
0 0.65507812 0.73861283 0.01171875 0.01552795
0 0.61914062 0.72256728 0.00859375 0.01449275
0 0.57421875 0.72256728 0.0125 0.02070393
0 0.62148437 0.70186335 0.01171875 0.01863354
0 0.5234375 0.68478260 0.0109375 0.01552795
0 0.61289062 0.66821946 0.01953125 0.01759834
0 0.58085937 0.63923395 0.01484375 0.01345755
0 0.6296875 0.64026915 0.0171875 0.02380952
0 0.56523437 0.62836438 0.00859375 0.01449275
0 0.334375 0.62474120 0.0140625 0.01345755
0 0.6859375 0.59265010 0.0109375 0.01552795
0 0.38984375 0.58436853 0.0171875 0.02380952
0 0.52734375 0.56780538 0.0109375 0.01759834
0 0.37109375 0.54503105 0.0171875 0.02380952
0 0.35 0.53467908 0.009375 0.01138716
0 0.453125 0.51966873 0.0109375 0.01449275
0 0.65585937 0.52070393 0.01484375 0.02691511
0 0.37421875 0.51552795 0.01875 0.02070393
0 0.303125 0.51138716 0.0125 0.01656314
0 0.32382812 0.51242236 0.01953125 0.02070393
0 0.51328125 0.48706004 0.009375 0.01345755
0 0.67070312 0.48550724 0.01171875 0.01449275
0 0.3890625 0.48188405 0.0140625 0.00931677
0 0.57265625 0.47515527 0.0109375 0.01242236
0 0.66171875 0.46376811 0.0171875 0.01035196
0 0.35390625 0.46583850 0.015625 0.02277432
0 0.63828125 0.45755693 0.0109375 0.01449275
0 0.42695312 0.42287784 0.01015625 0.01552795
0 0.66367187 0.42132505 0.01328125 0.01656314
0 0.59257812 0.41304347 0.01171875 0.01449275
0 0.48125 0.40527950 0.0140625 0.01759834
0 0.38476562 0.39130434 0.01015625 0.01242236
0 0.59257812 0.38871635 0.00859375 0.01138716
0 0.60273437 0.38509316 0.01015625 0.01449275
0 0.3046875 0.37939958 0.0109375 0.00931677
0 0.66796875 0.37836438 0.0109375 0.01552795
0 0.4359375 0.37215320 0.0265625 0.02173913
0 0.51054687 0.34472049 0.01015625 0.01656314
0 0.49414062 0.34265010 0.01171875 0.01449275
0 0.371875 0.34109730 0.0140625 0.02173913
0 0.55234375 0.32556935 0.0171875 0.02380952
0 0.42617187 0.31314699 0.01171875 0.01552795
0 0.37421875 0.31055900 0.009375 0.01242236
0 0.64804687 0.29399585 0.01328125 0.01242236
0 0.6375 0.28260869 0.009375 0.01449275
0 0.54726562 0.27432712 0.01484375 0.01656314
0 0.64257812 0.23188405 0.01328125 0.01035196
0 0.34414062 0.22515527 0.01015625 0.01138716
0 0.46679687 0.21532091 0.01171875 0.01035196
0 0.53320312 0.20910973 0.01640625 0.01863354
0 0.59296875 0.18995859 0.021875 0.01345755
0 0.528125 0.18322981 0.0109375 0.01449275
0 0.47929687 0.16563146 0.01328125 0.01656314
0 0.334375 0.15165631 0.015625 0.01138716
0 0.5515625 0.11697722 0.0171875 0.01242236
0 0.58125 0.10766045 0.0109375 0.01242236
0 0.49570312 0.10403726 0.01171875 0.01552795
0 0.41875 0.06314699 0.0125 0.01449275
0 0.52890625 0.05745341 0.021875 0.03416149
0 0.5765625 0.04813664 0.0171875 0.02380952
0 0.5046875 0.02950310 0.0171875 0.02380952
0 0.2875 0.02380952 0.0140625 0.02898550