0 0.446875 0.94565217 0.0171875 0.02380952
0 0.56015625 0.90734989 0.0125 0.01552795
0 0.50507812 0.89389233 0.01328125 0.01552795
0 0.57890625 0.84989648 0.0203125 0.01242236
0 0.53632812 0.84472049 0.01328125 0.01656314
0 0.42382812 0.84523809 0.01171875 0.02173913
0 0.3546875 0.83281573 0.009375 0.01345755
0 0.49726562 0.83229813 0.01171875 0.01449275
0 0.67382812 0.82505175 0.01015625 0.01242236
0 0.45429687 0.82298136 0.01015625 0.01449275
0 0.41171875 0.82660455 0.0234375 0.02380952
0 0.60390625 0.81521739 0.0171875 0.02380952
0 0.66171875 0.80538302 0.009375 0.01035196
0 0.42226562 0.80693581 0.00859375 0.01345755
0 0.52578125 0.80072463 0.015625 0.01966873
0 0.340625 0.79192546 0.0109375 0.02691511
0 0.55078125 0.77743271 0.0171875 0.02277432
0 0.65273437 0.77122153 0.00859375 0.01656314
0 0.40898437 0.76190476 0.01171875 0.01449275
0 0.34453125 0.74948240 0.0171875 0.02070393
0 0.50664062 0.72360248 0.01171875 0.01449275
0 0.56953125 0.71946169 0.0109375 0.01449275
0 0.63203125 0.71739130 0.009375 0.01242236
0 0.55 0.70962732 0.0109375 0.01345755
0 0.48476562 0.71066252 0.01796875 0.03002070
0 0.61289062 0.68271221 0.01171875 0.01552795
0 0.5859375 0.68271221 0.0078125 0.02380952
0 0.4984375 0.67339544 0.0171875 0.02380952
0 0.57539062 0.66770186 0.00859375 0.02070393
0 0.625 0.65476190 0.0125 0.01759834
0 0.52109375 0.63871635 0.0125 0.01656314
0 0.653125 0.61076604 0.0109375 0.01449275
0 0.36367187 0.61024844 0.00859375 0.01759834
0 0.44882812 0.59057971 0.01640625 0.01345755
0 0.63671875 0.57815734 0.009375 0.01345755
0 0.66171875 0.57608695 0.009375 0.01138716
0 0.5140625 0.55020703 0.0125 0.01345755
0 0.34960937 0.54037267 0.00703125 0.01863354
0 0.44257812 0.53571428 0.01015625 0.01345755
0 0.37460937 0.53933747 0.01015625 0.02070393
0 0.32109375 0.52950310 0.0171875 0.02380952
0 0.496875 0.51190476 0.0109375 0.01345755
0 0.29804687 0.51293995 0.01953125 0.02173913
0 0.37734375 0.49378881 0.0140625 0.01449275
0 0.59375 0.49171842 0.0109375 0.01449275
0 0.31953125 0.49016563 0.0203125 0.02587991
0 0.43632812 0.48654244 0.01328125 0.03105590
0 0.40234375 0.46635610 0.015625 0.02173913
0 0.66640625 0.45755693 0.01875 0.02070393
0 0.37539062 0.45238095 0.02421875 0.03726708
0 0.421875 0.41873706 0.0125 0.02173913
0 0.6421875 0.41770186 0.0265625 0.03209109
0 0.34375 0.40734989 0.0140625 0.01759834
0 0.578125 0.39751552 0.0125 0.01449275
0 0.44023437 0.39803312 0.01484375 0.01552795
0 0.58984375 0.40010351 0.009375 0.02173913
0 0.50117187 0.39440993 0.01171875 0.01656314
0 0.46445312 0.38768115 0.01328125 0.01552795
0 0.29921875 0.39130434 0.0203125 0.02898550
0 0.41601562 0.38302277 0.01171875 0.01656314
0 0.396875 0.36697722 0.0171875 0.02380952
0 0.40078125 0.34679089 0.0109375 0.01449275
0 0.45507812 0.32142857 0.00859375 0.01552795
0 0.59101562 0.31780538 0.01171875 0.01449275
0 0.47773437 0.31055900 0.01640625 0.01242236
0 0.61640625 0.31159420 0.0125 0.01656314
0 0.58828125 0.27070393 0.0109375 0.01966873
0 0.45351562 0.26190476 0.00859375 0.01242236
0 0.64296875 0.25776397 0.009375 0.01035196
0 0.51640625 0.25051759 0.009375 0.01242236
0 0.57578125 0.23706004 0.009375 0.01449275
0 0.6375 0.23861283 0.015625 0.02173913
0 0.50078125 0.23654244 0.0171875 0.02380952
0 0.42382812 0.22877846 0.01015625 0.01449275
0 0.46523437 0.22256728 0.01328125 0.01449275
0 0.59882812 0.22256728 0.01328125 0.01863354
0 0.48671875 0.21635610 0.0125 0.01242236
0 0.371875 0.21842650 0.015625 0.01863354
0 0.43867187 0.21946169 0.01796875 0.02277432
0 0.41445312 0.21428571 0.01015625 0.02277432
0 0.63164062 0.17857142 0.00859375 0.01138716
0 0.50859375 0.15734989 0.0125 0.01656314
0 0.47421875 0.15269151 0.0171875 0.02380952
0 0.51328125 0.13819875 0.0125 0.01552795
0 0.53867187 0.12939958 0.01171875 0.02691511
0 0.53007812 0.10869565 0.01171875 0.01242236
0 0.43984375 0.10817805 0.0125 0.01552795
0 0.56835937 0.08850931 0.01015625 0.01759834
0 0.4734375 0.08333333 0.0171875 0.02380952
0 0.61445312 0.07556935 0.00859375 0.01242236
0 0.55742187 0.04037267 0.01953125 0.02484472