0 0.453125 0.85559006 0.021875 0.01552795
0 0.55976562 0.76811594 0.01640625 0.02277432
0 0.49921875 0.76708074 0.0234375 0.02277432
0 0.3171875 0.74637681 0.0203125 0.02484472
0 0.66992187 0.61490683 0.03046875 0.02898550
0 0.64335937 0.52950310 0.01171875 0.03209109
0 0.40703125 0.51552795 0.0203125 0.02691511
0 0.5109375 0.50672877 0.0140625 0.01966873
0 0.39609375 0.45755693 0.015625 0.02484472
0 0.61757812 0.32815734 0.01640625 0.02484472
0 0.43007812 0.31625258 0.01484375 0.01966873
0 0.39492187 0.31211180 0.01640625 0.02380952