0 0.34765625 0.95859213 0.009375 0.01242236
0 0.59414062 0.94772256 0.01328125 0.01138716
0 0.31054687 0.95289855 0.00859375 0.02173913
0 0.34921875 0.93685300 0.015625 0.01449275
0 0.47148437 0.93064182 0.01796875 0.01035196
0 0.6078125 0.92701863 0.0078125 0.01345755
0 0.52890625 0.92028985 0.015625 0.01656314
0 0.46523437 0.91045548 0.01328125 0.01552795
0 0.47539062 0.89337474 0.01171875 0.01656314
0 0.45039062 0.87991718 0.01640625 0.01449275
0 0.33789062 0.85662525 0.01796875 0.02173913
0 0.38164062 0.84989648 0.01171875 0.01449275
0 0.67148437 0.85196687 0.01640625 0.02484472
0 0.61132812 0.84627329 0.01328125 0.01552795
0 0.51132812 0.84161490 0.01171875 0.01449275
0 0.41289062 0.82142857 0.01171875 0.01966873
0 0.43476562 0.81004140 0.01171875 0.03002070
0 0.60234375 0.78985507 0.0140625 0.01656314
0 0.3484375 0.79347826 0.0125 0.03830227
0 0.3984375 0.78105590 0.0171875 0.02380952
0 0.61367187 0.75103519 0.01171875 0.01552795
0 0.34492187 0.74223602 0.01015625 0.01242236
0 0.37382812 0.74327122 0.01484375 0.02070393
0 0.61523437 0.72670807 0.00703125 0.01656314
0 0.3234375 0.72463768 0.009375 0.01242236
0 0.65351562 0.72204968 0.01484375 0.02173913
0 0.465625 0.71790890 0.0171875 0.02380952
0 0.48203125 0.69824016 0.0171875 0.02380952
0 0.61289062 0.67494824 0.01953125 0.01242236
0 0.415625 0.67753623 0.0171875 0.02380952
0 0.6671875 0.65424430 0.0109375 0.02484472
0 0.42539062 0.64803312 0.01171875 0.01449275
0 0.29609375 0.62525879 0.009375 0.01035196
0 0.34375 0.62991718 0.0171875 0.02380952
0 0.44921875 0.62577639 0.015625 0.02173913
0 0.51835937 0.62163561 0.01640625 0.01759834
0 0.38242187 0.61956521 0.01171875 0.01966873
0 0.58359375 0.61438923 0.0171875 0.02380952
0 0.6140625 0.60817805 0.0203125 0.03002070
0 0.4578125 0.59575569 0.0140625 0.01759834
0 0.36953125 0.58954451 0.0109375 0.01138716
0 0.41679687 0.56004140 0.01328125 0.01656314
0 0.55898437 0.55590062 0.01015625 0.01242236
0 0.38398437 0.54399585 0.00859375 0.01552795
0 0.66484375 0.54296066 0.0140625 0.01552795
0 0.55703125 0.54140786 0.0078125 0.01242236
0 0.52734375 0.53881987 0.0078125 0.01345755
0 0.63945312 0.53157349 0.01015625 0.01138716
0 0.34648437 0.51915113 0.01015625 0.01345755
0 0.31289062 0.51966873 0.02109375 0.01449275
0 0.6859375 0.51397515 0.0125 0.01966873
0 0.63359375 0.51345755 0.0109375 0.01863354
0 0.4328125 0.49482401 0.0109375 0.01449275
0 0.32851562 0.49430641 0.00859375 0.01345755
0 0.59140625 0.49534161 0.0171875 0.02380952
0 0.30976562 0.46118012 0.00859375 0.01138716
0 0.37617187 0.44513457 0.01015625 0.01449275
0 0.42695312 0.44409937 0.01640625 0.01449275
0 0.66015625 0.42598343 0.0140625 0.02173913
0 0.33359375 0.42028985 0.0125 0.01242236
0 0.55546875 0.41304347 0.0140625 0.01035196
0 0.38359375 0.41407867 0.01875 0.02277432
0 0.65820312 0.39803312 0.00859375 0.01345755
0 0.35585937 0.36283643 0.01015625 0.01345755
0 0.3328125 0.34730848 0.015625 0.01966873
0 0.45546875 0.34006211 0.0125 0.03830227
0 0.49804687 0.31004140 0.01484375 0.01966873
0 0.37617187 0.29140786 0.01015625 0.01966873
0 0.58945312 0.28209109 0.01015625 0.01552795
0 0.46015625 0.27950310 0.009375 0.01449275
0 0.4578125 0.24948240 0.0125 0.02898550
0 0.51679687 0.22826086 0.01171875 0.01966873
0 0.540625 0.21169772 0.0125 0.01552795
0 0.61875 0.21014492 0.0171875 0.02070393
0 0.49882812 0.20496894 0.01640625 0.02484472
0 0.553125 0.17701863 0.0125 0.01656314
0 0.36601562 0.13302277 0.00859375 0.01345755
0 0.33710937 0.13405797 0.02109375 0.03416149
0 0.44023437 0.10817805 0.01484375 0.01138716
0 0.35507812 0.09730848 0.01484375 0.01656314
0 0.52265625 0.09472049 0.01875 0.02587991
0 0.57578125 0.06625258 0.0078125 0.02277432
0 0.38828125 0.04761904 0.0265625 0.02691511
0 0.61601562 0.03002070 0.01953125 0.02484472
0 0.54257812 0.02536231 0.01015625 0.02173913
0 0.659375 0.01811594 0.0171875 0.02380952
0 0.58125 0.01501035 0.021875 0.02173913
0 0.28945312 0.01242236 0.00859375 0.02484472