0 0.4359375 0.98240165 0.0140625 0.01656314
0 0.546875 0.96480331 0.0203125 0.02484472
0 0.625 0.94772256 0.009375 0.01552795
0 0.56835937 0.87732919 0.01171875 0.01345755
0 0.59726562 0.84057971 0.00859375 0.01035196
0 0.67265625 0.83902691 0.009375 0.01345755
0 0.29492187 0.83799171 0.01328125 0.01552795
0 0.315625 0.83488612 0.009375 0.01345755
0 0.34882812 0.83126293 0.01015625 0.01242236
0 0.63046875 0.82971014 0.0171875 0.02380952
0 0.42265625 0.81211180 0.009375 0.01138716
0 0.31523437 0.81004140 0.01171875 0.00931677
0 0.52734375 0.81625258 0.0171875 0.02380952
0 0.56484375 0.80952380 0.009375 0.01449275
0 0.45820312 0.79968944 0.01171875 0.01759834
0 0.63515625 0.78467908 0.0125 0.01449275
0 0.68515625 0.77898550 0.0109375 0.01345755
0 0.490625 0.77484472 0.0140625 0.01345755
0 0.29765625 0.76966873 0.0140625 0.01552795
0 0.584375 0.76656314 0.0171875 0.02380952
0 0.5609375 0.75931677 0.0078125 0.01759834
0 0.63359375 0.75931677 0.0171875 0.02380952
0 0.30390625 0.74585921 0.0171875 0.02380952
0 0.43125 0.74068322 0.0125 0.01552795
0 0.55742187 0.71739130 0.01015625 0.01656314
0 0.584375 0.71687370 0.0171875 0.02380952
0 0.67265625 0.70962732 0.0171875 0.02380952
0 0.49726562 0.68788819 0.02734375 0.01966873
0 0.64453125 0.68115942 0.0140625 0.01863354
0 0.56445312 0.66356107 0.01015625 0.01035196
0 0.55859375 0.64233954 0.0171875 0.02173913
0 0.51601562 0.60714285 0.01328125 0.01759834
0 0.57578125 0.58747412 0.0125 0.01345755
0 0.44023437 0.57919254 0.01171875 0.01552795
0 0.33242187 0.56262939 0.00859375 0.01966873
0 0.32226562 0.53002070 0.01171875 0.00828157
0 0.64492187 0.53260869 0.01171875 0.01552795
0 0.4171875 0.52225672 0.0109375 0.01345755
0 0.353125 0.50776397 0.0125 0.01759834
0 0.32890625 0.49378881 0.0078125 0.01656314
0 0.36914062 0.49120082 0.01015625 0.01552795
0 0.48007812 0.48033126 0.01015625 0.01242236
0 0.41328125 0.47360248 0.0171875 0.02380952
0 0.51328125 0.47204968 0.009375 0.02484472
0 0.36328125 0.45496894 0.0171875 0.02380952
0 0.34335937 0.44047619 0.02265625 0.03209109
0 0.46875 0.42080745 0.0171875 0.02380952
0 0.57539062 0.41666666 0.01171875 0.01759834
0 0.40898437 0.39285714 0.00859375 0.01552795
0 0.5296875 0.38457556 0.0109375 0.01345755
0 0.35390625 0.38198757 0.0125 0.01656314
0 0.47734375 0.37215320 0.0125 0.01552795
0 0.53554687 0.36645962 0.01328125 0.01035196
0 0.58515625 0.36128364 0.009375 0.01242236
0 0.52617187 0.35507246 0.01796875 0.01656314
0 0.56132812 0.34057971 0.01015625 0.01242236
0 0.39257812 0.34627329 0.01171875 0.02380952
0 0.41210937 0.33281573 0.00703125 0.01138716
0 0.61640625 0.32660455 0.0125 0.01138716
0 0.53945312 0.31573498 0.01328125 0.01449275
0 0.51523437 0.31573498 0.01171875 0.01656314
0 0.37148437 0.31521739 0.01015625 0.01552795
0 0.6171875 0.31107660 0.0078125 0.00931677
0 0.48945312 0.30124223 0.01015625 0.01242236
0 0.60117187 0.29503105 0.01015625 0.01449275
0 0.459375 0.29968944 0.0171875 0.02380952
0 0.42070312 0.29140786 0.01171875 0.01759834
0 0.64140625 0.29658385 0.0234375 0.03209109
0 0.5859375 0.27277432 0.0109375 0.01138716
0 0.44882812 0.27070393 0.01328125 0.01966873
0 0.63476562 0.24482401 0.01171875 0.01552795
0 0.47695312 0.24689440 0.01484375 0.03209109
0 0.44414062 0.22256728 0.01015625 0.01242236
0 0.46328125 0.22619047 0.0171875 0.02380952
0 0.55546875 0.20548654 0.0265625 0.01345755
0 0.64765625 0.18115942 0.0140625 0.01035196
0 0.62734375 0.18478260 0.0125 0.01966873
0 0.61367187 0.16666666 0.01796875 0.02277432
0 0.51679687 0.15010351 0.01171875 0.01449275
0 0.3453125 0.15062111 0.0171875 0.02380952
0 0.40078125 0.14285714 0.0109375 0.01449275
0 0.45625 0.13612836 0.0171875 0.02380952
0 0.62460937 0.11076604 0.01171875 0.01656314
0 0.57226562 0.11024844 0.02421875 0.01966873
0 0.60273437 0.10455486 0.01171875 0.01656314
0 0.42539062 0.10248447 0.01171875 0.01449275
0 0.50546875 0.08902691 0.0203125 0.03519668
0 0.415625 0.08022774 0.0171875 0.02380952
0 0.365625 0.08229813 0.01875 0.02795031
0 0.63515625 0.07815734 0.0125 0.02380952
0 0.6078125 0.05848861 0.0078125 0.01345755
0 0.55898437 0.05227743 0.01015625 0.01345755
0 0.64765625 0.03053830 0.0171875 0.02173913
0 0.59375 0.02018633 0.0171875 0.02380952