0 0.31796875 0.84109730 0.0140625 0.01552795
0 0.47773437 0.80072463 0.01171875 0.01966873
0 0.66289062 0.79710144 0.01484375 0.03105590
0 0.49921875 0.76708074 0.0234375 0.02277432
0 0.39140625 0.76501035 0.01875 0.02070393
0 0.3640625 0.73861283 0.025 0.02380952
0 0.44179687 0.73809523 0.01640625 0.03105590
0 0.57304687 0.71997929 0.01484375 0.02173913
0 0.42695312 0.54554865 0.02421875 0.02484472
0 0.39609375 0.45755693 0.015625 0.02484472
0 0.56679687 0.34006211 0.02265625 0.01966873
0 0.41328125 0.31677018 0.0109375 0.02070393
0 0.42109375 0.28519668 0.0140625 0.01552795
0 0.64023437 0.27380952 0.01640625 0.01966873