0 0.43984375 0.86283643 0.0171875 0.03002070
0 0.44179687 0.75103519 0.01640625 0.02173913
0 0.6578125 0.74327122 0.015625 0.02277432
0 0.35898437 0.73395445 0.01484375 0.01449275
0 0.61914062 0.60351966 0.01484375 0.02691511
0 0.36601562 0.53571428 0.02734375 0.01759834
0 0.3890625 0.45755693 0.0140625 0.02484472
0 0.45429687 0.39389233 0.01640625 0.02380952
0 0.6390625 0.36283643 0.01875 0.01759834
0 0.49375 0.32815734 0.0140625 0.02070393
0 0.5078125 0.29606625 0.015625 0.02484472
0 0.63945312 0.27587991 0.01796875 0.02380952
0 0.42265625 0.27432712 0.0296875 0.02070393
0 0.44335937 0.20962732 0.02421875 0.01966873
0 0.53984375 0.18788819 0.0171875 0.02173913
0 0.34609375 0.07039337 0.0203125 0.02691511