0 0.55703125 0.97463768 0.0171875 0.01552795
0 0.38554687 0.96066252 0.00703125 0.01656314
0 0.69882812 0.93737060 0.01328125 0.02380952
0 0.584375 0.93685300 0.0078125 0.02691511
0 0.509375 0.92701863 0.009375 0.01138716
0 0.3015625 0.92391304 0.0171875 0.02380952
0 0.56953125 0.89285714 0.0109375 0.01552795
0 0.41523437 0.88819875 0.01171875 0.01449275
0 0.58828125 0.88302277 0.0125 0.01656314
0 0.53164062 0.88198757 0.02578125 0.01656314
0 0.47695312 0.87370600 0.01328125 0.01656314
0 0.5734375 0.87008281 0.0078125 0.01759834
0 0.50820312 0.86749482 0.01171875 0.01863354
0 0.29179687 0.86335403 0.00703125 0.01242236
0 0.67109375 0.85300207 0.009375 0.01242236
0 0.3671875 0.84057971 0.009375 0.01242236
0 0.44570312 0.82919254 0.01015625 0.01035196
0 0.53007812 0.82556935 0.02265625 0.01966873
0 0.48710937 0.81366459 0.00859375 0.02070393
0 0.50351562 0.80383022 0.02109375 0.01966873
0 0.35117187 0.79140786 0.01328125 0.01345755
0 0.37851562 0.78157349 0.00859375 0.01242236
0 0.61289062 0.76190476 0.00859375 0.01242236
0 0.4109375 0.74327122 0.0125 0.02277432
0 0.4328125 0.72981366 0.0109375 0.01656314
0 0.49140625 0.72412008 0.021875 0.02173913
0 0.51796875 0.70341614 0.009375 0.01552795
0 0.5484375 0.70703933 0.0140625 0.02484472
0 0.66054687 0.69720496 0.01484375 0.01759834
0 0.47421875 0.69306418 0.0109375 0.01345755
0 0.30507812 0.69151138 0.01328125 0.01035196
0 0.35703125 0.67339544 0.0125 0.01552795
0 0.67734375 0.66666666 0.0125 0.01449275
0 0.3515625 0.61853002 0.0140625 0.01552795
0 0.65351562 0.60093167 0.01015625 0.01345755
0 0.41875 0.59420289 0.0109375 0.01449275
0 0.61132812 0.58695652 0.01171875 0.01242236
0 0.52265625 0.55590062 0.009375 0.01242236
0 0.63007812 0.55124223 0.01640625 0.02380952
0 0.3265625 0.53881987 0.015625 0.02380952
0 0.64335937 0.52380952 0.01171875 0.01656314
0 0.48203125 0.51604554 0.0140625 0.01552795
0 0.52578125 0.50310559 0.0109375 0.01449275
0 0.4 0.5 0.0109375 0.01242236
0 0.58242187 0.50414078 0.02265625 0.03105590
0 0.6703125 0.48395445 0.0109375 0.01345755
0 0.35273437 0.44824016 0.01328125 0.01863354
0 0.42382812 0.44668737 0.00703125 0.01759834
0 0.47695312 0.43322981 0.01015625 0.01138716
0 0.57070312 0.44099378 0.02109375 0.03312629
0 0.65234375 0.43115942 0.0171875 0.02380952
0 0.29609375 0.39130434 0.0125 0.01035196
0 0.60234375 0.38871635 0.009375 0.01138716
0 0.56914062 0.38405797 0.01484375 0.01449275
0 0.48789062 0.37836438 0.02890625 0.02380952
0 0.378125 0.34523809 0.0109375 0.01345755
0 0.51210937 0.34213250 0.00859375 0.01552795
0 0.43671875 0.33747412 0.0109375 0.01242236
0 0.49257812 0.31314699 0.01171875 0.01345755
0 0.56757812 0.30331262 0.02265625 0.02691511
0 0.52890625 0.29451345 0.009375 0.01138716
0 0.37148437 0.30279503 0.01484375 0.03209109
0 0.41875 0.28674948 0.015625 0.01449275
0 0.50234375 0.28002070 0.0078125 0.01345755
0 0.35976562 0.28105590 0.00859375 0.01552795
0 0.55117187 0.27380952 0.01328125 0.01966873
0 0.44648437 0.27587991 0.02109375 0.02587991
0 0.61132812 0.24275362 0.01015625 0.01345755
0 0.4484375 0.23033126 0.0125 0.01552795
0 0.61953125 0.22826086 0.009375 0.01552795
0 0.54765625 0.22981366 0.028125 0.03726708
0 0.36171875 0.21687370 0.0203125 0.01966873
0 0.47578125 0.21118012 0.0109375 0.01656314
0 0.5421875 0.19202898 0.025 0.02380952
0 0.48203125 0.18530020 0.0125 0.01449275
0 0.51328125 0.16770186 0.0125 0.01656314
0 0.3734375 0.12370600 0.0140625 0.01552795
0 0.47421875 0.11697722 0.0109375 0.01656314
0 0.41484375 0.11024844 0.01875 0.01966873
0 0.63867187 0.09679089 0.01328125 0.01552795
0 0.62109375 0.07815734 0.0125 0.03002070
0 0.359375 0.04140786 0.0109375 0.02484472
0 0.33671875 0.02277432 0.015625 0.01863354
0 0.49960937 0.01138716 0.02265625 0.01449275
0 0.2875 0.01293995 0.0171875 0.02380952