0 0.38242187 0.95755693 0.01328125 0.01656314
0 0.29023437 0.95652173 0.01015625 0.02691511
0 0.49101562 0.93064182 0.00859375 0.02277432
0 0.40546875 0.92908902 0.0171875 0.02380952
0 0.3890625 0.91459627 0.0078125 0.02380952
0 0.54648437 0.88509316 0.01328125 0.01656314
0 0.31484375 0.88095238 0.009375 0.01035196
0 0.62851562 0.87681159 0.00859375 0.01242236
0 0.3421875 0.87525879 0.009375 0.01552795
0 0.32148437 0.87060041 0.01953125 0.02277432
0 0.60585937 0.86542443 0.02734375 0.03312629
0 0.44804687 0.85144927 0.01171875 0.01552795
0 0.29375 0.84937888 0.0109375 0.01759834
0 0.49765625 0.82712215 0.0109375 0.02277432
0 0.3234375 0.81211180 0.0109375 0.02173913
0 0.35429687 0.80124223 0.01328125 0.01242236
0 0.33945312 0.81055900 0.01640625 0.03312629
0 0.6421875 0.78260869 0.009375 0.01449275
0 0.49375 0.78364389 0.0296875 0.04761904
0 0.55703125 0.75724637 0.0125 0.01138716
0 0.58398437 0.75155279 0.01171875 0.01035196
0 0.440625 0.74120082 0.009375 0.01656314
0 0.64140625 0.72153209 0.0078125 0.01035196
0 0.56679687 0.70238095 0.01328125 0.01759834
0 0.30039062 0.69306418 0.01171875 0.01759834
0 0.39023437 0.67028985 0.01328125 0.01759834
0 0.44414062 0.66511387 0.01484375 0.01552795
0 0.4640625 0.66149068 0.0140625 0.01863354
0 0.37382812 0.65890269 0.01484375 0.01552795
0 0.31953125 0.65579710 0.0171875 0.03830227
0 0.51953125 0.64855072 0.0125 0.02587991
0 0.59296875 0.63871635 0.0125 0.02277432
0 0.4015625 0.63509316 0.0171875 0.02380952
0 0.44140625 0.61853002 0.0125 0.01552795
0 0.51132812 0.58747412 0.01640625 0.01138716
0 0.29375 0.57919254 0.0109375 0.01966873
0 0.63359375 0.55227743 0.0171875 0.02380952
0 0.45625 0.54710144 0.0125 0.01552795
0 0.328125 0.53830227 0.0078125 0.01035196
0 0.58554687 0.54192546 0.01640625 0.02380952
0 0.50585937 0.50983436 0.02109375 0.02380952
0 0.54492187 0.50879917 0.01953125 0.02380952
0 0.3703125 0.49637681 0.0109375 0.01552795
0 0.68046875 0.49171842 0.0125 0.01863354
0 0.4421875 0.48343685 0.0078125 0.02277432
0 0.30703125 0.48861283 0.0375 0.03312629
0 0.65039062 0.47670807 0.00859375 0.01138716
0 0.5171875 0.47619047 0.0125 0.01449275
0 0.41640625 0.47826086 0.0125 0.02070393
0 0.59921875 0.47049689 0.009375 0.01138716
0 0.45234375 0.43012422 0.0140625 0.01552795
0 0.48203125 0.41977225 0.0109375 0.01345755
0 0.58242187 0.41407867 0.01484375 0.02070393
0 0.50195312 0.41097308 0.01953125 0.02484472
0 0.41445312 0.40372670 0.00703125 0.01035196
0 0.4734375 0.39803312 0.0125 0.02380952
0 0.32578125 0.38509316 0.009375 0.01035196
0 0.60429687 0.38354037 0.01328125 0.01345755
0 0.4828125 0.35973084 0.0109375 0.01345755
0 0.47265625 0.34213250 0.009375 0.01138716
0 0.3703125 0.34265010 0.01875 0.02070393
0 0.62421875 0.31418219 0.0109375 0.01345755
0 0.54296875 0.31314699 0.009375 0.01552795
0 0.5671875 0.30331262 0.015625 0.01242236
0 0.48007812 0.27122153 0.01015625 0.01242236
0 0.3625 0.24068322 0.0140625 0.01552795
0 0.50390625 0.21273291 0.0234375 0.02587991
0 0.45820312 0.20134575 0.01171875 0.01759834
0 0.58398437 0.17857142 0.01171875 0.01552795
0 0.3546875 0.14285714 0.0125 0.02070393
0 0.5171875 0.14337474 0.0171875 0.02380952
0 0.421875 0.10869565 0.0140625 0.02484472
0 0.4140625 0.09627329 0.0125 0.01656314
0 0.33046875 0.09265010 0.0078125 0.01345755
0 0.4625 0.08954451 0.0171875 0.02380952
0 0.646875 0.07246376 0.0125 0.01449275
0 0.515625 0.07091097 0.0140625 0.02795031
0 0.5515625 0.05383022 0.015625 0.01035196
0 0.36953125 0.07039337 0.0171875 0.04554865
0 0.68828125 0.03778467 0.0171875 0.01966873
0 0.44414062 0.03830227 0.01015625 0.02277432
0 0.64921875 0.01811594 0.0171875 0.02380952
0 0.3265625 0.00362318 0.0078125 0.00724637