0 0.36875 0.94875776 0.0234375 0.02795031
0 0.5125 0.93840579 0.0171875 0.01759834
0 0.34335937 0.91252587 0.01328125 0.02173913
0 0.60820312 0.90993788 0.00859375 0.02070393
0 0.67460937 0.85144927 0.01640625 0.02587991
0 0.68710937 0.76449275 0.00859375 0.01966873
0 0.4 0.65579710 0.015625 0.01552795
0 0.6375 0.54347826 0.0140625 0.01863354
0 0.68203125 0.52432712 0.01875 0.02173913
0 0.6015625 0.38043478 0.015625 0.01345755
0 0.64101562 0.37681159 0.01640625 0.01863354
0 0.415625 0.37111801 0.021875 0.03416149
0 0.62109375 0.30279503 0.0140625 0.02173913
0 0.396875 0.25517598 0.0140625 0.00931677
0 0.55859375 0.23757763 0.0359375 0.05486542
0 0.53359375 0.10662525 0.0140625 0.01242236
0 0.54648437 0.00879917 0.02109375 0.01759834