0 0.56367187 0.98136645 0.01328125 0.01035196
0 0.69726562 0.97463768 0.01640625 0.02173913
0 0.64609375 0.93840579 0.01875 0.01138716
0 0.43828125 0.90631469 0.0171875 0.02380952
0 0.52734375 0.88405797 0.0109375 0.01656314
0 0.41523437 0.87991718 0.02265625 0.02484472
0 0.64335937 0.84834368 0.01015625 0.01138716
0 0.31328125 0.83799171 0.0171875 0.02380952
0 0.5828125 0.83385093 0.021875 0.02380952
0 0.35 0.81159420 0.0125 0.01242236
0 0.31054687 0.81314699 0.01015625 0.01552795
0 0.65976562 0.79968944 0.01796875 0.03209109
0 0.34726562 0.78933747 0.01015625 0.01345755
0 0.68554687 0.77795031 0.01171875 0.01759834
0 0.61757812 0.76449275 0.01328125 0.01345755
0 0.3890625 0.76086956 0.009375 0.01242236
0 0.40429687 0.75621118 0.01015625 0.01138716
0 0.31328125 0.74016563 0.0109375 0.01449275
0 0.56992187 0.73706004 0.00703125 0.02070393
0 0.60078125 0.73757763 0.0171875 0.02380952
0 0.43125 0.73136645 0.009375 0.01138716
0 0.55390625 0.71532091 0.009375 0.01242236
0 0.6078125 0.69461697 0.0140625 0.01035196
0 0.29648437 0.69668737 0.01015625 0.01863354
0 0.55078125 0.67132505 0.0078125 0.01138716
0 0.509375 0.66304347 0.0125 0.01138716
0 0.32734375 0.66407867 0.0171875 0.02380952
0 0.58710937 0.64906832 0.01328125 0.01242236
0 0.45390625 0.61024844 0.0140625 0.01966873
0 0.615625 0.60403726 0.009375 0.01345755
0 0.48046875 0.60455486 0.0125 0.01449275
0 0.47617187 0.56987577 0.00859375 0.01138716
0 0.42460937 0.57401656 0.02734375 0.02795031
0 0.53671875 0.56521739 0.0171875 0.02277432
0 0.54804687 0.50569358 0.01796875 0.02173913
0 0.42070312 0.50879917 0.00859375 0.02795031
0 0.46171875 0.49378881 0.01875 0.01449275
0 0.5234375 0.48706004 0.009375 0.01759834
0 0.5734375 0.48602484 0.0171875 0.02380952
0 0.31484375 0.48033126 0.009375 0.01242236
0 0.30039062 0.46894409 0.01015625 0.01242236
0 0.59570312 0.46997929 0.02421875 0.01863354
0 0.38046875 0.44772256 0.01875 0.02587991
0 0.546875 0.43012422 0.028125 0.01552795
0 0.48515625 0.43115942 0.0203125 0.02380952
0 0.6875 0.42287784 0.009375 0.01966873
0 0.50976562 0.41614906 0.01015625 0.01242236
0 0.4359375 0.41614906 0.015625 0.01863354
0 0.34140625 0.41511387 0.009375 0.01863354
0 0.38203125 0.41200828 0.0109375 0.02070393
0 0.62421875 0.40476190 0.015625 0.01242236
0 0.375 0.39492753 0.0125 0.01138716
0 0.49726562 0.38612836 0.00859375 0.01242236
0 0.4015625 0.36542443 0.0140625 0.01035196
0 0.36171875 0.36231884 0.0140625 0.01656314
0 0.62148437 0.33126293 0.01015625 0.01449275
0 0.415625 0.33126293 0.015625 0.02484472
0 0.51328125 0.30797101 0.009375 0.01759834
0 0.39921875 0.30641821 0.009375 0.01449275
0 0.60820312 0.30020703 0.01171875 0.01656314
0 0.38125 0.29710144 0.015625 0.01656314
0 0.49257812 0.29503105 0.01328125 0.02277432
0 0.43125 0.28571428 0.0140625 0.01863354
0 0.61484375 0.28209109 0.0125 0.01345755
0 0.46601562 0.28467908 0.01484375 0.01863354
0 0.4671875 0.25828157 0.0125 0.01138716
0 0.60234375 0.21273291 0.0171875 0.02380952
0 0.4171875 0.18167701 0.0109375 0.01759834
0 0.64257812 0.18064182 0.01796875 0.02380952
0 0.54179687 0.17650103 0.01171875 0.02380952
0 0.48125 0.16097308 0.0125 0.01759834
0 0.4046875 0.15838509 0.0125 0.01656314
0 0.45390625 0.15269151 0.009375 0.01138716
0 0.56171875 0.14492753 0.009375 0.01242236
0 0.60585937 0.14544513 0.02734375 0.03416149
0 0.42421875 0.13198757 0.009375 0.01552795
0 0.39804687 0.12474120 0.01171875 0.01552795
0 0.45429687 0.12474120 0.02109375 0.01966873
0 0.48632812 0.11490683 0.01171875 0.01449275
0 0.40429687 0.10610766 0.01328125 0.01759834
0 0.52773437 0.07867494 0.01171875 0.01449275
0 0.58046875 0.08229813 0.0171875 0.02380952
0 0.34882812 0.06780538 0.00859375 0.01138716
0 0.44453125 0.05848861 0.0078125 0.01759834
0 0.48984375 0.05900621 0.0171875 0.02070393
0 0.4140625 0.05175983 0.0109375 0.01449275
0 0.3640625 0.05538302 0.0171875 0.02380952
0 0.41835937 0.03623188 0.01328125 0.01035196
0 0.61601562 0.03260869 0.01484375 0.01552795
0 0.6953125 0.00828157 0.0140625 0.01656314
0 0.61679687 0.00517598 0.01015625 0.01035196