0 0.5234375 0.84472049 0.0234375 0.01863354
0 0.31796875 0.84109730 0.0140625 0.01552795
0 0.45820312 0.82298136 0.01640625 0.03933747
0 0.40976562 0.81418219 0.01640625 0.02173913
0 0.49921875 0.80124223 0.0234375 0.02070393
0 0.55976562 0.76811594 0.01640625 0.02277432
0 0.35585937 0.75776397 0.02265625 0.02070393
0 0.6578125 0.74327122 0.015625 0.02277432
0 0.4578125 0.73291925 0.015625 0.02070393
0 0.55625 0.72826086 0.0125 0.02380952
0 0.58789062 0.71739130 0.01640625 0.02484472
0 0.64335937 0.71635610 0.01484375 0.02484472
0 0.55859375 0.69047619 0.0140625 0.01449275
0 0.36601562 0.53571428 0.02734375 0.01759834
0 0.64335937 0.52950310 0.01171875 0.03209109
0 0.33632812 0.48136645 0.03359375 0.04761904
0 0.36210937 0.45910973 0.01640625 0.02173913
0 0.56914062 0.42546583 0.02890625 0.02898550
0 0.43164062 0.41925465 0.01640625 0.02277432
0 0.5078125 0.29606625 0.015625 0.02484472
0 0.478125 0.27484472 0.0171875 0.02173913
0 0.52773437 0.27432712 0.01640625 0.02484472