0 0.63671875 0.93788819 0.009375 0.01035196
0 0.44648437 0.82867494 0.01640625 0.02587991
0 0.61835937 0.80124223 0.01484375 0.01449275
0 0.5046875 0.80227743 0.0171875 0.01863354
0 0.37773437 0.79968944 0.01484375 0.01759834
0 0.36132812 0.77950310 0.01328125 0.02277432
0 0.43007812 0.74120082 0.01640625 0.02691511
0 0.31992187 0.72826086 0.01328125 0.01759834
0 0.29492187 0.72049689 0.01328125 0.02277432
0 0.50078125 0.71894409 0.015625 0.02380952
0 0.67070312 0.62060041 0.02109375 0.03002070
0 0.57148437 0.59679089 0.01640625 0.01345755
0 0.6671875 0.57298136 0.0171875 0.01966873
0 0.50351562 0.57194616 0.01484375 0.03209109
0 0.47617187 0.51449275 0.02109375 0.02277432
0 0.59570312 0.49068322 0.01640625 0.02691511
0 0.29335937 0.41149068 0.01015625 0.01552795
0 0.56992187 0.40165631 0.01953125 0.03105590
0 0.6578125 0.38043478 0.0140625 0.02173913
0 0.58515625 0.36283643 0.021875 0.02587991
0 0.621875 0.30331262 0.0125 0.01656314
0 0.5234375 0.14285714 0.0171875 0.02277432
0 0.39179687 0.07556935 0.01953125 0.02277432
0 0.38359375 0.01708074 0.0171875 0.01966873