0 0.64296875 0.87163561 0.021875 0.01449275
0 0.315625 0.86594202 0.0109375 0.02587991
0 0.47578125 0.81884057 0.0171875 0.02070393
0 0.37539062 0.76966873 0.01640625 0.01552795
0 0.33359375 0.78571428 0.015625 0.04968944
0 0.55976562 0.76811594 0.01640625 0.02277432
0 0.6578125 0.74223602 0.015625 0.02484472
0 0.42617187 0.74275362 0.01640625 0.02587991
0 0.5640625 0.73033126 0.028125 0.02795031
0 0.6265625 0.69358178 0.01875 0.02277432
0 0.47695312 0.57867494 0.01953125 0.02691511
0 0.44453125 0.54399585 0.0234375 0.01552795
0 0.65703125 0.54865424 0.046875 0.04554865
0 0.353125 0.53674948 0.0125 0.02173913
0 0.59453125 0.53674948 0.021875 0.03830227
0 0.4296875 0.52277432 0.0203125 0.02484472
0 0.49179687 0.47463768 0.01640625 0.02795031
0 0.415625 0.45755693 0.015625 0.02484472
0 0.36210937 0.45755693 0.01640625 0.02484472
0 0.45742187 0.45238095 0.01640625 0.03105590
0 0.56328125 0.42546583 0.0171875 0.02898550
0 0.45429687 0.39130434 0.01640625 0.01863354
0 0.65078125 0.40062111 0.0328125 0.07867494
0 0.49375 0.32815734 0.0140625 0.02070393
0 0.59804687 0.32815734 0.01640625 0.02484472
0 0.48476562 0.29554865 0.03046875 0.02173913
0 0.42109375 0.28519668 0.0140625 0.01552795
0 0.44335937 0.20962732 0.02421875 0.01966873