0 0.45625 0.99223602 0.0109375 0.01552795
0 0.67734375 0.95859213 0.0125 0.01242236
0 0.50351562 0.92908902 0.01015625 0.01345755
0 0.33203125 0.92184265 0.0171875 0.02380952
0 0.37929687 0.90942028 0.01328125 0.01759834
0 0.46914062 0.89906832 0.01171875 0.01759834
0 0.54335937 0.89182194 0.01015625 0.01552795
0 0.51171875 0.86956521 0.0125 0.01863354
0 0.58515625 0.85766045 0.028125 0.01966873
0 0.62890625 0.84782608 0.0109375 0.01449275
0 0.58164062 0.84316770 0.00859375 0.01345755
0 0.4078125 0.83747412 0.009375 0.02277432
0 0.43359375 0.82194616 0.009375 0.01656314
0 0.65742187 0.82039337 0.01328125 0.01759834
0 0.35234375 0.81418219 0.0171875 0.02380952
0 0.48359375 0.79451345 0.0140625 0.01966873
0 0.37851562 0.78881987 0.01640625 0.01449275
0 0.58007812 0.78623188 0.01328125 0.01345755
0 0.34101562 0.78933747 0.02109375 0.02380952
0 0.6421875 0.76966873 0.021875 0.01759834
0 0.35234375 0.76501035 0.0125 0.01449275
0 0.44140625 0.74792960 0.0078125 0.01345755
0 0.39335937 0.74430641 0.01015625 0.01242236
0 0.40976562 0.73343685 0.01171875 0.01345755
0 0.5703125 0.72308488 0.021875 0.00931677
0 0.34921875 0.69720496 0.0125 0.01345755
0 0.628125 0.69461697 0.015625 0.01242236
0 0.41679687 0.67650103 0.01171875 0.01138716
0 0.40664062 0.67080745 0.01171875 0.03519668
0 0.36757812 0.65993788 0.01171875 0.01552795
0 0.42109375 0.64906832 0.0125 0.01863354
0 0.67734375 0.64855072 0.0171875 0.02380952
0 0.62421875 0.64855072 0.021875 0.02587991
0 0.58398437 0.64855072 0.02109375 0.02795031
0 0.47109375 0.62939958 0.0109375 0.01035196
0 0.4484375 0.62318840 0.025 0.03726708
0 0.35898437 0.61283643 0.00859375 0.02277432
0 0.65351562 0.59472049 0.01640625 0.00931677
0 0.46210937 0.59265010 0.01484375 0.01966873
0 0.64960937 0.56987577 0.01171875 0.01552795
0 0.4859375 0.56832298 0.009375 0.01242236
0 0.53203125 0.55434782 0.0140625 0.01966873
0 0.67148437 0.54503105 0.00703125 0.00931677
0 0.45664062 0.54347826 0.01015625 0.01242236
0 0.39960937 0.53985507 0.01015625 0.01345755
0 0.5578125 0.53105590 0.009375 0.01242236
0 0.434375 0.51759834 0.0140625 0.01863354
0 0.42109375 0.50207039 0.0109375 0.01656314
0 0.30820312 0.50051759 0.01328125 0.01552795
0 0.40820312 0.47619047 0.00859375 0.01449275
0 0.46601562 0.45238095 0.00859375 0.01449275
0 0.6875 0.45445134 0.0078125 0.02070393
0 0.43242187 0.42753623 0.01328125 0.01656314
0 0.53828125 0.42908902 0.025 0.02587991
0 0.46132812 0.42236024 0.01015625 0.01242236
0 0.66679687 0.41873706 0.03046875 0.01759834
0 0.55429687 0.41666666 0.01328125 0.01966873
0 0.50820312 0.40838509 0.02265625 0.04658385
0 0.34921875 0.38923395 0.0109375 0.01449275
0 0.5796875 0.39026915 0.0171875 0.03105590
0 0.64765625 0.37370600 0.0078125 0.01242236
0 0.41289062 0.35662525 0.01328125 0.01345755
0 0.37695312 0.31625258 0.00703125 0.01138716
0 0.58632812 0.31780538 0.01796875 0.02691511
0 0.4734375 0.31728778 0.04375 0.04865424
0 0.41445312 0.29399585 0.00859375 0.01242236
0 0.42734375 0.23913043 0.0109375 0.01449275
0 0.61367187 0.23654244 0.01171875 0.01345755
0 0.55703125 0.22049689 0.0078125 0.01242236
0 0.49023437 0.21842650 0.01796875 0.03105590
0 0.428125 0.20393374 0.009375 0.01863354
0 0.34414062 0.19358178 0.01015625 0.01449275
0 0.62109375 0.17598343 0.0109375 0.01449275
0 0.40273437 0.17028985 0.01171875 0.01552795
0 0.3734375 0.16770186 0.0109375 0.01242236
0 0.51367187 0.11335403 0.01953125 0.02795031
0 0.61367187 0.09834368 0.01796875 0.01449275
0 0.4421875 0.09420289 0.0140625 0.01035196
0 0.4953125 0.09109730 0.015625 0.01863354
0 0.60546875 0.07194616 0.009375 0.03002070
0 0.57734375 0.05227743 0.0125 0.01345755
0 0.56445312 0.04037267 0.01171875 0.01449275
0 0.39140625 0.02639751 0.0171875 0.02380952
0 0.34765625 0.00931677 0.0125 0.01656314