0 0.35625 0.98084886 0.0078125 0.01759834
0 0.584375 0.96221532 0.0109375 0.01759834
0 0.32617187 0.94306418 0.01953125 0.01035196
0 0.56875 0.91149068 0.0171875 0.02380952
0 0.63398437 0.90476190 0.01484375 0.01449275
0 0.45195312 0.90527950 0.01171875 0.01552795
0 0.48515625 0.90113871 0.0125 0.01345755
0 0.37148437 0.90113871 0.00859375 0.01759834
0 0.42890625 0.89958592 0.0109375 0.01656314
0 0.33867187 0.88768115 0.00859375 0.01138716
0 0.66953125 0.87163561 0.009375 0.01035196
0 0.53164062 0.85196687 0.02109375 0.03519668
0 0.625 0.83385093 0.0125 0.02173913
0 0.45859375 0.82401656 0.0140625 0.01449275
0 0.63164062 0.81677018 0.01171875 0.01449275
0 0.34726562 0.80952380 0.01015625 0.01035196
0 0.57226562 0.81159420 0.01171875 0.01656314
0 0.5765625 0.76966873 0.0125 0.01345755
0 0.63867187 0.75569358 0.00859375 0.02277432
0 0.61367187 0.76138716 0.01328125 0.03623188
0 0.61835937 0.73395445 0.01015625 0.01242236
0 0.678125 0.72826086 0.0125 0.01552795
0 0.4390625 0.70186335 0.009375 0.01449275
0 0.33242187 0.70082815 0.01328125 0.01449275
0 0.4359375 0.67960662 0.0109375 0.01552795
0 0.62304687 0.66097308 0.01328125 0.01552795
0 0.51054687 0.65683229 0.01015625 0.00931677
0 0.60703125 0.65579710 0.0140625 0.01552795
0 0.3984375 0.65165631 0.0171875 0.02380952
0 0.4375 0.61645962 0.0171875 0.02380952
0 0.41015625 0.60921325 0.0171875 0.02380952
0 0.51328125 0.59575569 0.009375 0.01552795
0 0.57734375 0.58954451 0.0109375 0.01345755
0 0.56015625 0.57919254 0.0125 0.01552795
0 0.63710937 0.54658385 0.00859375 0.01035196
0 0.29375 0.54451345 0.0109375 0.01035196
0 0.40078125 0.54606625 0.0171875 0.02380952
0 0.54296875 0.53985507 0.0109375 0.01345755
0 0.484375 0.51242236 0.0109375 0.01449275
0 0.54023437 0.50724637 0.02578125 0.03519668
0 0.3859375 0.49637681 0.0109375 0.02380952
0 0.521875 0.48861283 0.0078125 0.01449275
0 0.65039062 0.47412008 0.01171875 0.01035196
0 0.36328125 0.47929606 0.0125 0.02691511
0 0.41914062 0.46532091 0.01015625 0.01759834
0 0.596875 0.44151138 0.0109375 0.01552795
0 0.3046875 0.44151138 0.0125 0.01552795
0 0.3609375 0.43995859 0.0109375 0.03312629
0 0.44570312 0.42391304 0.01015625 0.01552795
0 0.38984375 0.39648033 0.0109375 0.01449275
0 0.3796875 0.37784679 0.0078125 0.01242236
0 0.43984375 0.36128364 0.015625 0.01863354
0 0.584375 0.34627329 0.0125 0.01345755
0 0.42070312 0.34265010 0.00859375 0.01035196
0 0.37460937 0.33178053 0.01015625 0.01552795
0 0.62890625 0.33074534 0.0171875 0.02380952
0 0.4828125 0.31987577 0.0109375 0.01449275
0 0.35351562 0.31625258 0.01171875 0.01345755
0 0.52734375 0.30227743 0.0109375 0.01242236
0 0.53867187 0.30693581 0.00859375 0.02587991
0 0.47148437 0.30279503 0.02265625 0.03209109
0 0.3953125 0.29244306 0.009375 0.01138716
0 0.6203125 0.28157349 0.0109375 0.01242236
0 0.41992187 0.23861283 0.01484375 0.00931677
0 0.5828125 0.23498964 0.0125 0.01449275
0 0.38789062 0.22153209 0.01015625 0.02070393
0 0.45117187 0.21325051 0.01328125 0.02070393
0 0.6328125 0.21480331 0.0203125 0.03209109
0 0.396875 0.19824016 0.0125 0.01552795
0 0.33632812 0.19668737 0.01484375 0.01656314
0 0.49335937 0.18944099 0.01484375 0.01656314
0 0.4484375 0.18012422 0.0109375 0.01449275
0 0.46601562 0.11801242 0.03203125 0.01863354
0 0.515625 0.11076604 0.015625 0.02898550
0 0.64609375 0.10351966 0.0171875 0.03519668
0 0.38476562 0.08902691 0.01015625 0.01449275
0 0.62539062 0.05900621 0.01953125 0.02691511
0 0.53125 0.06418219 0.0234375 0.03726708
0 0.60546875 0.02432712 0.0171875 0.02380952
0 0.6515625 0.01501035 0.0171875 0.02380952
0 0.70039062 0.00310559 0.01015625 0.00621118
0 0.56054687 0.00672877 0.00859375 0.01345755
0 0.30625 0.00828157 0.0140625 0.01656314