0 0.553125 0.88509316 0.0453125 0.03519668
0 0.315625 0.86594202 0.0109375 0.02587991
0 0.4953125 0.80124223 0.015625 0.02070393
0 0.63828125 0.76604554 0.015625 0.02484472
0 0.44179687 0.75103519 0.01640625 0.02173913
0 0.62695312 0.60300207 0.01015625 0.02380952
0 0.58554687 0.54399585 0.03984375 0.02380952
0 0.51210937 0.48861283 0.05859375 0.05590062
0 0.42382812 0.45755693 0.01328125 0.02484472
0 0.64648437 0.43892339 0.01640625 0.03726708
0 0.30859375 0.47153209 0.0203125 0.10248447
0 0.38046875 0.38095238 0.0171875 0.02070393
0 0.45664062 0.37111801 0.01328125 0.01552795
0 0.62421875 0.28726708 0.021875 0.02795031
0 0.45039062 0.24120082 0.01484375 0.02484472
0 0.44335937 0.20962732 0.02421875 0.01966873