0 0.54375 0.98809523 0.0203125 0.01345755
0 0.28554687 0.95186335 0.01015625 0.01966873
0 0.48671875 0.93633540 0.0125 0.01138716
0 0.42070312 0.93374741 0.01015625 0.01242236
0 0.69335937 0.93322981 0.01171875 0.02587991
0 0.66875 0.90942028 0.0140625 0.01759834
0 0.37617187 0.89958592 0.02578125 0.01242236
0 0.58789062 0.88405797 0.01015625 0.01449275
0 0.65859375 0.88043478 0.009375 0.01138716
0 0.57382812 0.88095238 0.01484375 0.01242236
0 0.6734375 0.87836438 0.0140625 0.01138716
0 0.50429687 0.85921325 0.01640625 0.02277432
0 0.40429687 0.86231884 0.01171875 0.03933747
0 0.60625 0.84316770 0.0125 0.02173913
0 0.36601562 0.81987577 0.01484375 0.01863354
0 0.30703125 0.82142857 0.0171875 0.02380952
0 0.43789062 0.80693581 0.00859375 0.01138716
0 0.41523437 0.82091097 0.02734375 0.04140786
0 0.50664062 0.79917184 0.01328125 0.01656314
0 0.47226562 0.79192546 0.01484375 0.02070393
0 0.5046875 0.77950310 0.0171875 0.01449275
0 0.62890625 0.76035196 0.0265625 0.01966873
0 0.36953125 0.76138716 0.0171875 0.02380952
0 0.39492187 0.71221532 0.01171875 0.01656314
0 0.4515625 0.70910973 0.009375 0.01242236
0 0.29960937 0.70082815 0.01171875 0.02070393
0 0.4828125 0.69979296 0.0296875 0.02898550
0 0.62734375 0.68115942 0.0171875 0.03312629
0 0.4671875 0.65372670 0.0140625 0.01759834
0 0.4203125 0.64855072 0.0171875 0.02380952
0 0.57890625 0.64440993 0.0171875 0.02380952
0 0.29257812 0.61283643 0.00859375 0.01242236
0 0.4609375 0.61594202 0.0203125 0.03312629
0 0.63476562 0.61490683 0.00703125 0.03312629
0 0.60039062 0.60766045 0.01484375 0.01863354
0 0.31054687 0.59006211 0.00859375 0.01035196
0 0.5328125 0.56004140 0.0109375 0.01449275
0 0.58671875 0.55434782 0.0171875 0.01759834
0 0.60859375 0.54140786 0.009375 0.01863354
0 0.55117187 0.53053830 0.01171875 0.01552795
0 0.67265625 0.50310559 0.0125 0.02277432
0 0.37539062 0.49171842 0.01328125 0.01449275
0 0.53398437 0.48395445 0.00859375 0.01759834
0 0.43710937 0.48188405 0.01171875 0.01345755
0 0.48632812 0.47360248 0.00859375 0.00931677
0 0.309375 0.47308488 0.0109375 0.02070393
0 0.50429687 0.46842650 0.01015625 0.01345755
0 0.646875 0.46532091 0.0171875 0.02380952
0 0.33710937 0.44047619 0.00859375 0.01345755
0 0.32539062 0.43581780 0.01015625 0.01242236
0 0.43320312 0.43064182 0.00859375 0.01035196
0 0.61601562 0.41977225 0.00859375 0.01138716
0 0.6765625 0.40631469 0.0171875 0.02380952
0 0.43515625 0.40010351 0.0109375 0.01345755
0 0.6515625 0.39389233 0.0203125 0.00931677
0 0.6078125 0.39492753 0.0171875 0.02380952
0 0.3890625 0.38768115 0.0171875 0.02380952
0 0.59882812 0.35559006 0.01484375 0.03002070
0 0.51445312 0.34575569 0.01328125 0.01863354
0 0.40859375 0.34213250 0.0140625 0.01552795
0 0.45820312 0.32401656 0.00859375 0.01863354
0 0.50859375 0.31780538 0.0109375 0.02484472
0 0.50585937 0.29813664 0.01015625 0.01242236
0 0.58867187 0.30331262 0.01328125 0.02691511
0 0.37851562 0.29554865 0.01015625 0.01552795
0 0.39648437 0.28467908 0.01171875 0.01449275
0 0.35585937 0.27380952 0.01171875 0.01552795
0 0.6125 0.26811594 0.0109375 0.01242236
0 0.51757812 0.27070393 0.01015625 0.01759834
0 0.6015625 0.25672877 0.0140625 0.01449275
0 0.4984375 0.25051759 0.009375 0.01242236
0 0.63945312 0.23447204 0.01484375 0.01759834
0 0.58203125 0.21583850 0.0140625 0.01759834
0 0.64140625 0.20807453 0.0125 0.01863354
0 0.4109375 0.21066252 0.0171875 0.02380952
0 0.54140625 0.19668737 0.0078125 0.01863354
0 0.60703125 0.19306418 0.0140625 0.01759834
0 0.46640625 0.17598343 0.0109375 0.01449275
0 0.44101562 0.16200828 0.01328125 0.01552795
0 0.38789062 0.15683229 0.01015625 0.01552795
0 0.45976562 0.15269151 0.01171875 0.01138716
0 0.63515625 0.15010351 0.0296875 0.02898550
0 0.61328125 0.09472049 0.0125 0.01345755
0 0.35625 0.09368530 0.009375 0.01138716
0 0.63984375 0.09368530 0.0109375 0.01759834
0 0.3765625 0.09368530 0.0171875 0.02380952
0 0.58476562 0.06780538 0.00859375 0.01345755
0 0.53125 0.07298136 0.0203125 0.02380952
0 0.39257812 0.05383022 0.00859375 0.01863354
0 0.5421875 0.02743271 0.0234375 0.01552795
0 0.35078125 0.01190476 0.009375 0.00931677
0 0.30898437 0.01242236 0.01015625 0.02484472