0 0.35546875 0.99275362 0.0171875 0.01449275
0 0.67695312 0.97101449 0.02265625 0.01449275
0 0.62265625 0.97049689 0.0171875 0.02380952
0 0.53945312 0.95445134 0.00703125 0.01449275
0 0.69140625 0.94151138 0.0171875 0.02380952
0 0.65195312 0.92857142 0.01171875 0.01656314
0 0.51210937 0.91511387 0.01484375 0.01656314
0 0.5734375 0.91356107 0.0171875 0.02380952
0 0.45507812 0.88612836 0.01015625 0.01242236
0 0.309375 0.88612836 0.0109375 0.01449275
0 0.40234375 0.86387163 0.009375 0.01345755
0 0.340625 0.83643892 0.0109375 0.01449275
0 0.57734375 0.83747412 0.0140625 0.02277432
0 0.44296875 0.82556935 0.0109375 0.01138716
0 0.66171875 0.83074534 0.0078125 0.03002070
0 0.509375 0.82039337 0.0078125 0.03002070
0 0.41289062 0.79296066 0.00859375 0.01656314
0 0.4625 0.78674948 0.0109375 0.01449275
0 0.43203125 0.77691511 0.021875 0.01966873
0 0.5671875 0.77277432 0.0109375 0.01552795
0 0.67617187 0.76138716 0.01171875 0.01345755
0 0.55273437 0.75310559 0.01015625 0.01138716
0 0.47382812 0.75414078 0.01015625 0.01759834
0 0.63203125 0.75517598 0.0171875 0.02380952
0 0.56445312 0.73861283 0.00859375 0.01345755
0 0.42539062 0.73602484 0.01171875 0.01656314
0 0.521875 0.73447204 0.0140625 0.01759834
0 0.43671875 0.70186335 0.0125 0.01449275
0 0.45429687 0.70134575 0.01328125 0.01552795
0 0.31171875 0.70031055 0.015625 0.01345755
0 0.42109375 0.70134575 0.0140625 0.01759834
0 0.65234375 0.69668737 0.0125 0.01656314
0 0.49179687 0.68064182 0.01171875 0.01552795
0 0.46015625 0.67287784 0.0140625 0.01242236
0 0.50117187 0.65734989 0.01640625 0.01035196
0 0.55820312 0.64078674 0.01015625 0.01449275
0 0.32265625 0.63768115 0.009375 0.01242236
0 0.49453125 0.63612836 0.015625 0.01966873
0 0.34882812 0.63405797 0.01171875 0.02173913
0 0.65273437 0.62008281 0.01328125 0.01863354
0 0.58203125 0.60300207 0.0140625 0.00931677
0 0.29804687 0.57194616 0.01640625 0.01345755
0 0.659375 0.57298136 0.0171875 0.02380952
0 0.36914062 0.56625258 0.01171875 0.01656314
0 0.378125 0.54917184 0.009375 0.01138716
0 0.30703125 0.54451345 0.0125 0.01656314
0 0.66835937 0.54037267 0.01484375 0.02070393
0 0.59492187 0.53364389 0.01640625 0.02173913
0 0.39375 0.52536231 0.009375 0.01345755
0 0.34921875 0.52122153 0.009375 0.01759834
0 0.42460937 0.51604554 0.01015625 0.01345755
0 0.66523437 0.48498964 0.01015625 0.01138716
0 0.32226562 0.47463768 0.01171875 0.01345755
0 0.46601562 0.47981366 0.00703125 0.02587991
0 0.49648437 0.47308488 0.01171875 0.01656314
0 0.5203125 0.46842650 0.0109375 0.01345755
0 0.29296875 0.46946169 0.009375 0.01966873
0 0.47851562 0.46842650 0.01171875 0.01966873
0 0.67617187 0.46221532 0.02578125 0.03416149
0 0.42773437 0.43788819 0.01484375 0.01449275
0 0.5625 0.43944099 0.015625 0.01966873
0 0.60351562 0.43219461 0.01015625 0.01552795
0 0.29335937 0.43115942 0.01015625 0.01345755
0 0.32617187 0.41977225 0.02421875 0.01759834
0 0.29765625 0.40786749 0.01875 0.01035196
0 0.49882812 0.41149068 0.01796875 0.02173913
0 0.65351562 0.41459627 0.02421875 0.03416149
0 0.39375 0.39078674 0.009375 0.01138716
0 0.40742187 0.39285714 0.01171875 0.01966873
0 0.31796875 0.38819875 0.009375 0.01242236
0 0.66210937 0.37525879 0.00703125 0.02173913
0 0.51835937 0.36438923 0.01640625 0.01863354
0 0.621875 0.32039337 0.0140625 0.01759834
0 0.51523437 0.31314699 0.00703125 0.01552795
0 0.54375 0.30848861 0.0171875 0.02070393
0 0.5140625 0.28209109 0.0171875 0.02380952
0 0.48398437 0.25517598 0.02578125 0.03830227
0 0.559375 0.23706004 0.009375 0.01242236
0 0.44335937 0.22774327 0.01484375 0.01449275
0 0.6375 0.22619047 0.015625 0.01966873
0 0.47773437 0.21739130 0.02109375 0.02070393
0 0.62304687 0.21169772 0.01015625 0.01345755
0 0.35976562 0.21532091 0.00859375 0.02070393
0 0.39609375 0.21221532 0.01875 0.04554865
0 0.38398437 0.15165631 0.01484375 0.01345755
0 0.51875 0.15993788 0.034375 0.04451345
0 0.58085937 0.10455486 0.01171875 0.01449275
0 0.61796875 0.08954451 0.0078125 0.01966873
0 0.38828125 0.05745341 0.01875 0.01759834
0 0.30273437 0.03674948 0.01015625 0.01552795
0 0.40664062 0.00931677 0.01796875 0.01863354