0 0.3421875 0.99534161 0.0171875 0.00931677
0 0.49453125 0.99171842 0.01875 0.01242236
0 0.39179687 0.98602484 0.01328125 0.01552795
0 0.4390625 0.96635610 0.0203125 0.01138716
0 0.51679687 0.96997929 0.01953125 0.02070393
0 0.48554687 0.93115942 0.01015625 0.01759834
0 0.3046875 0.93115942 0.0171875 0.02380952
0 0.48242187 0.89699792 0.01171875 0.01552795
0 0.56484375 0.89751552 0.0078125 0.01863354
0 0.4203125 0.87836438 0.0078125 0.01966873
0 0.39023437 0.87060041 0.02109375 0.02070393
0 0.62929687 0.85766045 0.00859375 0.01138716
0 0.6453125 0.85714285 0.0109375 0.01656314
0 0.3421875 0.85144927 0.0078125 0.01345755
0 0.57265625 0.84316770 0.0171875 0.02380952
0 0.44101562 0.81677018 0.01015625 0.01242236
0 0.55664062 0.81987577 0.01015625 0.02691511
0 0.421875 0.81314699 0.009375 0.01552795
0 0.67421875 0.79710144 0.009375 0.01242236
0 0.38945312 0.80538302 0.02578125 0.03519668
0 0.30117187 0.77173913 0.01640625 0.00931677
0 0.56210937 0.75983436 0.01171875 0.01242236
0 0.4546875 0.77743271 0.0234375 0.06211180
0 0.41171875 0.75983436 0.015625 0.02898550
0 0.52773437 0.75 0.01328125 0.02380952
0 0.45976562 0.74016563 0.01015625 0.01035196
0 0.3140625 0.72101449 0.0078125 0.01138716
0 0.653125 0.72463768 0.0125 0.02070393
0 0.34492187 0.70445134 0.01328125 0.01552795
0 0.39257812 0.68944099 0.01328125 0.01863354
0 0.578125 0.67701863 0.015625 0.01035196
0 0.31953125 0.65993788 0.0109375 0.01552795
0 0.64296875 0.65424430 0.0125 0.01035196
0 0.29960937 0.65424430 0.01171875 0.01449275
0 0.6234375 0.65062111 0.0109375 0.01345755
0 0.44257812 0.63975155 0.01015625 0.02484472
0 0.3640625 0.63354037 0.0078125 0.01656314
0 0.4171875 0.60041407 0.0078125 0.01656314
0 0.31640625 0.59057971 0.0140625 0.00931677
0 0.47929687 0.56780538 0.01328125 0.01966873
0 0.53164062 0.55797101 0.02109375 0.01863354
0 0.50625 0.55486542 0.01875 0.01449275
0 0.3828125 0.54296066 0.0171875 0.01138716
0 0.49335937 0.54089026 0.01015625 0.01138716
0 0.6640625 0.53209109 0.01875 0.02898550
0 0.490625 0.51708074 0.009375 0.01345755
0 0.4421875 0.51190476 0.0125 0.02173913
0 0.57421875 0.50155279 0.0171875 0.02380952
0 0.47617187 0.49378881 0.01328125 0.02691511
0 0.62890625 0.47877846 0.0140625 0.01552795
0 0.31171875 0.47463768 0.009375 0.01138716
0 0.528125 0.47360248 0.0140625 0.01966873
0 0.49140625 0.46480331 0.0140625 0.01863354
0 0.39335937 0.45238095 0.01171875 0.01449275
0 0.46640625 0.42960662 0.015625 0.02070393
0 0.38164062 0.40527950 0.01015625 0.01345755
0 0.40859375 0.40734989 0.0171875 0.02380952
0 0.6578125 0.39026915 0.0109375 0.01035196
0 0.46445312 0.38561076 0.01328125 0.01552795
0 0.36640625 0.36335403 0.009375 0.01242236
0 0.60664062 0.35403726 0.01171875 0.01242236
0 0.38242187 0.34420289 0.01015625 0.01345755
0 0.51875 0.33747412 0.0109375 0.01449275
0 0.33007812 0.29347826 0.00859375 0.01552795
0 0.64726562 0.28623188 0.01171875 0.01552795
0 0.5875 0.28157349 0.0171875 0.03105590
0 0.41445312 0.27225672 0.01171875 0.01656314
0 0.48203125 0.26759834 0.0109375 0.01345755
0 0.36835937 0.26656314 0.01953125 0.01138716
0 0.54765625 0.26449275 0.009375 0.01552795
0 0.56132812 0.25414078 0.01015625 0.01759834
0 0.42617187 0.23550724 0.01640625 0.01552795
0 0.36289062 0.20341614 0.01171875 0.01552795
0 0.56132812 0.20755693 0.02734375 0.02587991
0 0.37695312 0.19772256 0.01484375 0.01449275
0 0.3453125 0.19772256 0.0140625 0.01656314
0 0.64335937 0.20082815 0.01953125 0.04140786
0 0.50351562 0.16666666 0.01171875 0.01449275
0 0.47460937 0.15734989 0.01640625 0.01449275
0 0.59609375 0.15734989 0.009375 0.01656314
0 0.5796875 0.13302277 0.0078125 0.01345755
0 0.5734375 0.08954451 0.015625 0.01138716
0 0.540625 0.07763975 0.0109375 0.01449275
0 0.6125 0.05175983 0.0125 0.01449275
0 0.6390625 0.05175983 0.0171875 0.01863354
0 0.66171875 0.03623188 0.01875 0.02070393
0 0.39804687 0.01501035 0.01171875 0.01552795
0 0.6421875 0.00931677 0.009375 0.01863354