0 0.64609375 0.88509316 0.0375 0.04140786
0 0.40390625 0.85714285 0.0203125 0.02484472
0 0.49882812 0.84937888 0.04921875 0.05693581
0 0.60507812 0.81935817 0.01640625 0.02380952
0 0.64101562 0.80020703 0.01953125 0.02898550
0 0.3171875 0.77070393 0.0140625 0.01759834
0 0.55859375 0.69047619 0.0140625 0.01449275
0 0.57851562 0.60041407 0.01953125 0.02277432
0 0.51132812 0.58436853 0.02265625 0.03830227
0 0.4765625 0.58385093 0.0203125 0.03726708
0 0.65351562 0.56366459 0.03046875 0.02173913
0 0.55546875 0.51915113 0.0125 0.01759834
0 0.37304687 0.48706004 0.02109375 0.03209109
0 0.51210937 0.48240165 0.05859375 0.04347826
0 0.33632812 0.48136645 0.03359375 0.04761904
0 0.415625 0.45755693 0.015625 0.02484472
0 0.39609375 0.45755693 0.015625 0.02484472
0 0.371875 0.45652173 0.01875 0.02484472
0 0.64375 0.42546583 0.01875 0.02898550
0 0.45742187 0.42443064 0.01640625 0.03105590
0 0.57460937 0.35351966 0.02734375 0.02587991
0 0.5390625 0.33540372 0.0171875 0.01242236
0 0.609375 0.29658385 0.01875 0.01552795
0 0.59765625 0.23964803 0.0203125 0.02795031
0 0.346875 0.11231884 0.0203125 0.02587991