0 0.44960937 0.89130434 0.03828125 0.02484472
0 0.48320312 0.89026915 0.01796875 0.02484472
0 0.44179687 0.82349896 0.01640625 0.04037267
0 0.4953125 0.80124223 0.015625 0.02070393
0 0.37304687 0.78260869 0.01171875 0.02070393
0 0.6203125 0.76449275 0.021875 0.03830227
0 0.63632812 0.65113871 0.03828125 0.03312629
0 0.65078125 0.58385093 0.040625 0.03726708
0 0.51210937 0.48861283 0.05859375 0.05590062
0 0.31992187 0.43478260 0.01484375 0.02691511
0 0.48359375 0.38250517 0.0234375 0.03416149
0 0.51601562 0.34472049 0.01171875 0.02277432
0 0.47617187 0.32763975 0.01328125 0.01552795
0 0.61757812 0.32919254 0.01640625 0.02277432
0 0.49257812 0.29503105 0.04609375 0.02277432
0 0.55546875 0.25465838 0.0203125 0.02898550
0 0.44335937 0.22308488 0.01171875 0.01759834
0 0.61445312 0.21946169 0.02890625 0.03726708
0 0.59921875 0.07971014 0.0140625 0.05175983