0 0.51992187 0.97722567 0.01015625 0.02070393
0 0.43984375 0.96532091 0.0109375 0.01966873
0 0.59179687 0.96014492 0.01015625 0.01552795
0 0.45546875 0.92857142 0.0171875 0.01449275
0 0.36210937 0.93374741 0.01328125 0.02691511
0 0.315625 0.92701863 0.0203125 0.02380952
0 0.34492187 0.91045548 0.01171875 0.01552795
0 0.4765625 0.89906832 0.0171875 0.02380952
0 0.35078125 0.89026915 0.0125 0.01863354
0 0.55273437 0.86387163 0.01328125 0.00931677
0 0.49960937 0.86438923 0.00859375 0.01035196
0 0.65859375 0.86180124 0.0140625 0.01759834
0 0.60625 0.86490683 0.0171875 0.02587991
0 0.52304687 0.85455486 0.01171875 0.01552795
0 0.34140625 0.83385093 0.0125 0.01552795
0 0.3109375 0.83281573 0.0140625 0.02587991
0 0.6015625 0.81314699 0.0109375 0.01552795
0 0.49921875 0.80227743 0.0109375 0.01449275
0 0.37695312 0.80331262 0.01328125 0.01656314
0 0.45546875 0.80331262 0.009375 0.02277432
0 0.63867187 0.77950310 0.01171875 0.02277432
0 0.6640625 0.76656314 0.0171875 0.02380952
0 0.3359375 0.72929606 0.0125 0.01552795
0 0.31640625 0.73240165 0.0171875 0.02380952
0 0.66914062 0.70238095 0.01171875 0.01345755
0 0.39765625 0.70962732 0.0171875 0.02795031
0 0.45078125 0.69979296 0.0125 0.01863354
0 0.628125 0.69151138 0.015625 0.02691511
0 0.6609375 0.63975155 0.0140625 0.01863354
0 0.47226562 0.63198757 0.01171875 0.01552795
0 0.50546875 0.63354037 0.0125 0.02277432
0 0.63007812 0.62836438 0.01171875 0.01863354
0 0.4484375 0.61645962 0.0171875 0.02380952
0 0.37265625 0.59523809 0.0125 0.02277432
0 0.44375 0.58540372 0.0171875 0.02380952
0 0.41132812 0.58695652 0.00859375 0.02691511
0 0.31875 0.57505175 0.0109375 0.01552795
0 0.47617187 0.55952380 0.01328125 0.01552795
0 0.50976562 0.54503105 0.01328125 0.01138716
0 0.434375 0.53105590 0.009375 0.01242236
0 0.38007812 0.52691511 0.00859375 0.01035196
0 0.31875 0.52898550 0.0234375 0.01656314
0 0.35585937 0.52225672 0.01015625 0.01138716
0 0.58398437 0.52691511 0.03046875 0.03105590
0 0.44804687 0.51501035 0.01328125 0.01552795
0 0.35078125 0.50258799 0.0125 0.01759834
0 0.30390625 0.49430641 0.0171875 0.02380952
0 0.47539062 0.48343685 0.01796875 0.01863354
0 0.53085937 0.47101449 0.01015625 0.01035196
0 0.41796875 0.46480331 0.0125 0.01449275
0 0.646875 0.45393374 0.0140625 0.01552795
0 0.53203125 0.44927536 0.028125 0.02691511
0 0.32773437 0.42753623 0.01328125 0.01656314
0 0.64648437 0.42132505 0.01015625 0.01449275
0 0.68398437 0.41666666 0.01015625 0.01759834
0 0.39140625 0.41459627 0.0078125 0.01552795
0 0.6046875 0.40631469 0.0125 0.01552795
0 0.45820312 0.38716356 0.01796875 0.01656314
0 0.64882812 0.37525879 0.01171875 0.00931677
0 0.62695312 0.37060041 0.03203125 0.06418219
0 0.43164062 0.34368530 0.01328125 0.01656314
0 0.52109375 0.33747412 0.0109375 0.01449275
0 0.58359375 0.32815734 0.009375 0.01242236
0 0.52265625 0.32194616 0.0109375 0.01449275
0 0.5640625 0.31935817 0.0140625 0.02173913
0 0.5234375 0.30848861 0.0109375 0.01035196
0 0.58007812 0.29347826 0.01015625 0.01759834
0 0.4984375 0.28778467 0.01875 0.02484472
0 0.3609375 0.26035196 0.0203125 0.01552795
0 0.58007812 0.23188405 0.01171875 0.01035196
0 0.34453125 0.22308488 0.0125 0.01552795
0 0.49257812 0.19824016 0.02265625 0.01345755
0 0.60664062 0.18788819 0.01953125 0.01345755
0 0.37617187 0.18788819 0.01484375 0.02380952
0 0.36445312 0.16304347 0.01015625 0.01345755
0 0.4703125 0.16356107 0.0109375 0.01656314
0 0.33203125 0.16149068 0.0109375 0.01656314
0 0.425 0.16666666 0.0171875 0.03519668
0 0.61210937 0.15217391 0.01171875 0.01035196
0 0.53320312 0.15424430 0.01171875 0.01449275
0 0.503125 0.12784679 0.0140625 0.01552795
0 0.45898437 0.10093167 0.01015625 0.02173913
0 0.6484375 0.07919254 0.0125 0.02380952
0 0.33632812 0.05434782 0.01640625 0.02173913
0 0.51445312 0.04244306 0.01015625 0.02691511
0 0.41640625 0.03209109 0.025 0.01863354