0 0.43554687 0.78933747 0.01796875 0.02173913
0 0.63710937 0.77018633 0.01796875 0.02070393
0 0.62734375 0.64078674 0.01875 0.00828157
0 0.334375 0.64130434 0.01875 0.02587991
0 0.29570312 0.58074534 0.01484375 0.02484472
0 0.41992187 0.57194616 0.01796875 0.02380952
0 0.31054687 0.53571428 0.01171875 0.01966873
0 0.30703125 0.49016563 0.021875 0.02795031
0 0.6015625 0.48654244 0.021875 0.02898550
0 0.5109375 0.43426501 0.0171875 0.01966873
0 0.43242187 0.41200828 0.01640625 0.01035196
0 0.49960937 0.39803312 0.01171875 0.01966873
0 0.64101562 0.33281573 0.02578125 0.03002070
0 0.578125 0.31573498 0.0171875 0.01242236
0 0.5 0.28985507 0.015625 0.03105590
0 0.36054687 0.21894409 0.01171875 0.01966873