0 0.61367187 0.88457556 0.02578125 0.03416149
0 0.453125 0.85559006 0.021875 0.01552795
0 0.66523437 0.81366459 0.01953125 0.02070393
0 0.42617187 0.82349896 0.01640625 0.04037267
0 0.33359375 0.78571428 0.015625 0.04968944
0 0.66953125 0.60973084 0.0203125 0.02691511
0 0.44453125 0.54399585 0.0234375 0.01552795
0 0.30859375 0.50776397 0.0203125 0.03002070
0 0.43867187 0.48550724 0.01640625 0.03105590
0 0.41679687 0.45548654 0.01328125 0.02070393
0 0.38046875 0.41718426 0.0171875 0.02070393
0 0.40351562 0.39337474 0.01484375 0.01863354
0 0.50820312 0.27432712 0.01640625 0.02277432
0 0.44335937 0.20962732 0.02421875 0.01966873
0 0.58164062 0.12370600 0.02890625 0.04037267
0 0.621875 0.07971014 0.0140625 0.05175983