0 0.60273437 0.81262939 0.01640625 0.02070393
0 0.65117187 0.80486542 0.01484375 0.01345755
0 0.37617187 0.76190476 0.01640625 0.01863354
0 0.34257812 0.73395445 0.02734375 0.02898550
0 0.59765625 0.69875776 0.01875 0.01863354
0 0.49140625 0.70186335 0.01875 0.02898550
0 0.58046875 0.67028985 0.0078125 0.01552795
0 0.44492187 0.66821946 0.01796875 0.02173913
0 0.46328125 0.61231884 0.0078125 0.01759834
0 0.66679687 0.51293995 0.01171875 0.01552795
0 0.32460937 0.52380952 0.02421875 0.04968944
0 0.46757812 0.48498964 0.01171875 0.01552795
0 0.35351562 0.41356107 0.01953125 0.02587991
0 0.64453125 0.33747412 0.0140625 0.00828157
0 0.48476562 0.32815734 0.01796875 0.01656314
0 0.36953125 0.32712215 0.028125 0.02484472
0 0.53789062 0.31262939 0.01953125 0.02277432
0 0.3953125 0.30383022 0.0140625 0.01552795
0 0.41914062 0.27380952 0.03046875 0.02795031
0 0.38359375 0.22774327 0.0140625 0.01863354
0 0.50507812 0.22463768 0.01484375 0.01656314
0 0.5515625 0.18633540 0.0109375 0.01449275
0 0.3703125 0.13664596 0.0296875 0.02484472
0 0.55 0.12422360 0.01875 0.02484472
0 0.34765625 0.06884057 0.021875 0.02795031