0 0.52929687 0.97981366 0.01015625 0.01345755
0 0.6171875 0.97774327 0.009375 0.02173913
0 0.4328125 0.96739130 0.0171875 0.02380952
0 0.70195312 0.95755693 0.00703125 0.01863354
0 0.56132812 0.94927536 0.01484375 0.01863354
0 0.31210937 0.95186335 0.02265625 0.02380952
0 0.63007812 0.93064182 0.00859375 0.02070393
0 0.61835937 0.91459627 0.00859375 0.01138716
0 0.2984375 0.91873706 0.0125 0.01966873
0 0.68710937 0.91200828 0.01015625 0.01863354
0 0.56210937 0.88457556 0.01171875 0.01552795
0 0.6015625 0.87991718 0.009375 0.01449275
0 0.33867187 0.86749482 0.01328125 0.01656314
0 0.60507812 0.84989648 0.02265625 0.02070393
0 0.65234375 0.84420289 0.009375 0.01345755
0 0.31875 0.82815734 0.0125 0.01863354
0 0.58007812 0.82298136 0.01328125 0.01035196
0 0.6390625 0.81884057 0.015625 0.01242236
0 0.42109375 0.80538302 0.009375 0.02070393
0 0.475 0.79503105 0.009375 0.01242236
0 0.3875 0.79710144 0.0109375 0.01656314
0 0.6671875 0.78519668 0.0109375 0.01345755
0 0.4921875 0.76966873 0.0125 0.01345755
0 0.31132812 0.77846790 0.01328125 0.03105590
0 0.46640625 0.75517598 0.0171875 0.02380952
0 0.3859375 0.74792960 0.0171875 0.02380952
0 0.61523437 0.73809523 0.00859375 0.01449275
0 0.303125 0.73084886 0.0078125 0.01449275
0 0.35507812 0.72153209 0.01484375 0.01242236
0 0.67070312 0.71066252 0.01171875 0.01345755
0 0.4234375 0.69824016 0.0078125 0.01552795
0 0.62148437 0.68840579 0.01171875 0.01035196
0 0.68242187 0.68892339 0.01015625 0.01345755
0 0.31523437 0.66873706 0.01015625 0.01449275
0 0.6140625 0.65683229 0.0109375 0.01345755
0 0.57695312 0.65734989 0.01171875 0.01449275
0 0.34140625 0.64078674 0.015625 0.02070393
0 0.5015625 0.64182194 0.0140625 0.02484472
0 0.546875 0.62008281 0.009375 0.02070393
0 0.6703125 0.61490683 0.021875 0.02484472
0 0.51679687 0.60559006 0.01015625 0.01242236
0 0.41054687 0.59730848 0.01171875 0.01035196
0 0.64960937 0.59420289 0.00859375 0.01035196
0 0.48046875 0.58954451 0.0109375 0.01345755
0 0.66367187 0.57867494 0.00859375 0.01035196
0 0.4375 0.57142857 0.0203125 0.02070393
0 0.41445312 0.57091097 0.01171875 0.02173913
0 0.67304687 0.56004140 0.01015625 0.01656314
0 0.39375 0.55279503 0.01875 0.01656314
0 0.31523437 0.54296066 0.01015625 0.02587991
0 0.65039062 0.52950310 0.01171875 0.01552795
0 0.67070312 0.51035196 0.01328125 0.01035196
0 0.45 0.51293995 0.028125 0.01759834
0 0.36796875 0.48913043 0.009375 0.01345755
0 0.30273437 0.48964803 0.00859375 0.01449275
0 0.41132812 0.48809523 0.02109375 0.02380952
0 0.48515625 0.47308488 0.021875 0.02898550
0 0.56875 0.46221532 0.009375 0.01552795
0 0.546875 0.46428571 0.0171875 0.02380952
0 0.65351562 0.45238095 0.01328125 0.01449275
0 0.31523437 0.44099378 0.01328125 0.01449275
0 0.64101562 0.41045548 0.00859375 0.01138716
0 0.51679687 0.40527950 0.01484375 0.01552795
0 0.40820312 0.38716356 0.01328125 0.01035196
0 0.5890625 0.38302277 0.0109375 0.01449275
0 0.66679687 0.38561076 0.01640625 0.03002070
0 0.55546875 0.33333333 0.009375 0.01449275
0 0.39179687 0.32919254 0.02890625 0.03312629
0 0.47304687 0.31573498 0.01015625 0.01449275
0 0.61992187 0.31055900 0.00859375 0.01449275
0 0.64335937 0.30279503 0.01328125 0.01759834
0 0.5265625 0.29347826 0.0125 0.01138716
0 0.43007812 0.29089026 0.00859375 0.01035196
0 0.56953125 0.29037267 0.0140625 0.01552795
0 0.36523437 0.28881987 0.01015625 0.01242236
0 0.58828125 0.27795031 0.009375 0.00931677
0 0.5296875 0.27173913 0.0078125 0.00931677
0 0.3484375 0.26708074 0.0125 0.01449275
0 0.553125 0.24016563 0.015625 0.02277432
0 0.36992187 0.21273291 0.01171875 0.01552795
0 0.40390625 0.20859213 0.0171875 0.02380952
0 0.52109375 0.17753623 0.0078125 0.00931677
0 0.45078125 0.18374741 0.0203125 0.04037267
0 0.39257812 0.14648033 0.01328125 0.01759834
0 0.36523437 0.14440993 0.01015625 0.01345755
0 0.48476562 0.12474120 0.00859375 0.01345755
0 0.50859375 0.11801242 0.0109375 0.01449275
0 0.615625 0.11594202 0.0078125 0.01656314
0 0.50546875 0.07660455 0.0140625 0.02070393
0 0.41992187 0.05952380 0.01171875 0.01138716
0 0.37890625 0.05434782 0.0109375 0.01759834
0 0.52851562 0.00983436 0.00859375 0.01345755