0 0.51757812 0.93322981 0.01171875 0.01345755
0 0.56992187 0.93115942 0.00859375 0.01138716
0 0.6765625 0.91614906 0.01875 0.01656314
0 0.51328125 0.88302277 0.0140625 0.01242236
0 0.47773437 0.88146997 0.02265625 0.01759834
0 0.63359375 0.87939958 0.015625 0.02380952
0 0.40625 0.86231884 0.009375 0.01449275
0 0.34179687 0.86128364 0.01015625 0.01242236
0 0.56992187 0.83074534 0.01796875 0.02173913
0 0.51953125 0.82971014 0.0171875 0.02380952
0 0.46367187 0.82349896 0.01171875 0.01345755
0 0.41132812 0.82867494 0.01171875 0.02587991
0 0.65273437 0.81314699 0.01015625 0.01345755
0 0.54296875 0.79865424 0.0171875 0.02380952
0 0.3421875 0.77639751 0.009375 0.01449275
0 0.55039062 0.76293995 0.01328125 0.01656314
0 0.39140625 0.76190476 0.0109375 0.01449275
0 0.58398437 0.75258799 0.01484375 0.02484472
0 0.5 0.74430641 0.0140625 0.01656314
0 0.31054687 0.74689440 0.01796875 0.02380952
0 0.61523437 0.72981366 0.01015625 0.01035196
0 0.47109375 0.73498964 0.0078125 0.02070393
0 0.559375 0.72101449 0.009375 0.01345755
0 0.37539062 0.71842650 0.01640625 0.01656314
0 0.646875 0.70496894 0.0171875 0.01863354
0 0.68085937 0.70393374 0.00859375 0.02277432
0 0.32421875 0.69824016 0.0171875 0.01966873
0 0.5203125 0.67650103 0.0109375 0.01759834
0 0.45625 0.67339544 0.0171875 0.02380952
0 0.63984375 0.65786749 0.0109375 0.01345755
0 0.55703125 0.65269151 0.0140625 0.01759834
0 0.43203125 0.65838509 0.01875 0.02898550
0 0.390625 0.65527950 0.0171875 0.02484472
0 0.64101562 0.64233954 0.00859375 0.01138716
0 0.403125 0.62732919 0.0078125 0.01656314
0 0.634375 0.62111801 0.009375 0.01242236
0 0.34804687 0.62422360 0.00703125 0.02484472
0 0.60820312 0.57919254 0.01171875 0.01552795
0 0.47578125 0.56314699 0.015625 0.02484472
0 0.55234375 0.54761904 0.0125 0.01242236
0 0.38789062 0.55279503 0.02578125 0.02484472
0 0.57109375 0.52432712 0.0109375 0.01552795
0 0.53125 0.51397515 0.0125 0.01759834
0 0.36914062 0.50155279 0.01015625 0.01138716
0 0.60742187 0.49637681 0.01484375 0.02380952
0 0.62929687 0.48757763 0.01484375 0.01656314
0 0.59140625 0.47981366 0.0203125 0.00931677
0 0.38828125 0.48084886 0.021875 0.01138716
0 0.66210937 0.48913043 0.02265625 0.03623188
0 0.50703125 0.47153209 0.0203125 0.01552795
0 0.43320312 0.45807453 0.01171875 0.01345755
0 0.55117187 0.45600414 0.01015625 0.01552795
0 0.63164062 0.45910973 0.01953125 0.02587991
0 0.55039062 0.42287784 0.01171875 0.01552795
0 0.50117187 0.39855072 0.01484375 0.01242236
0 0.39960937 0.39803312 0.01484375 0.01759834
0 0.45859375 0.39440993 0.009375 0.01242236
0 0.42421875 0.39648033 0.009375 0.02070393
0 0.44375 0.39337474 0.015625 0.01863354
0 0.29960937 0.38923395 0.01171875 0.01863354
0 0.4859375 0.38819875 0.0125 0.01863354
0 0.42148437 0.37474120 0.02734375 0.03519668
0 0.57539062 0.35610766 0.00859375 0.01242236
0 0.34570312 0.35507246 0.00859375 0.01656314
0 0.45351562 0.34627329 0.01171875 0.01345755
0 0.4921875 0.35041407 0.0171875 0.03002070
0 0.33554687 0.34006211 0.01484375 0.03209109
0 0.62851562 0.32091097 0.00859375 0.01035196
0 0.36992187 0.31573498 0.00859375 0.01863354
0 0.4234375 0.29192546 0.0125 0.01242236
0 0.33125 0.28416149 0.0109375 0.01138716
0 0.54296875 0.25621118 0.009375 0.01759834
0 0.49765625 0.25362318 0.0078125 0.01242236
0 0.6359375 0.25310559 0.0171875 0.02380952
0 0.53359375 0.24378881 0.0109375 0.01345755
0 0.41601562 0.24275362 0.01328125 0.01759834
0 0.3921875 0.23343685 0.0109375 0.01759834
0 0.48828125 0.21273291 0.0171875 0.02380952
0 0.54921875 0.16459627 0.0203125 0.01656314
0 0.4765625 0.15062111 0.0109375 0.01138716
0 0.45742187 0.11801242 0.01171875 0.01656314
0 0.41679687 0.09627329 0.00859375 0.01242236
0 0.359375 0.07867494 0.0109375 0.01449275
0 0.59726562 0.06573498 0.01171875 0.01552795
0 0.55585937 0.06677018 0.01328125 0.01759834
0 0.48398437 0.05331262 0.01171875 0.01345755
0 0.47421875 0.01708074 0.009375 0.01138716