0 0.35585937 0.98033126 0.01328125 0.01242236
0 0.54023437 0.93064182 0.01796875 0.02277432
0 0.33046875 0.90890269 0.009375 0.01863354
0 0.3921875 0.88612836 0.009375 0.01035196
0 0.56523437 0.88561076 0.01015625 0.01345755
0 0.48320312 0.88250517 0.01171875 0.01345755
0 0.42539062 0.85300207 0.01015625 0.01449275
0 0.46171875 0.85041407 0.0109375 0.01345755
0 0.58710937 0.84679089 0.01171875 0.02070393
0 0.51601562 0.83747412 0.01015625 0.01242236
0 0.41015625 0.82712215 0.0140625 0.01242236
0 0.63515625 0.82194616 0.0109375 0.01242236
0 0.52617187 0.81314699 0.01015625 0.01345755
0 0.45898437 0.81107660 0.00859375 0.02380952
0 0.353125 0.79503105 0.0125 0.01035196
0 0.32265625 0.79451345 0.01875 0.01138716
0 0.65390625 0.78674948 0.0109375 0.01242236
0 0.33632812 0.76035196 0.01015625 0.01552795
0 0.60859375 0.75258799 0.0109375 0.01656314
0 0.57460937 0.75155279 0.01171875 0.01656314
0 0.36445312 0.75724637 0.01953125 0.03002070
0 0.29414062 0.75414078 0.01171875 0.02380952
0 0.45664062 0.75258799 0.02578125 0.02277432
0 0.40351562 0.74378881 0.01171875 0.01345755
0 0.33554687 0.71480331 0.01171875 0.01552795
0 0.57539062 0.70496894 0.00859375 0.01035196
0 0.54492187 0.68788819 0.01015625 0.01966873
0 0.525 0.68271221 0.0109375 0.01966873
0 0.63828125 0.66511387 0.009375 0.01138716
0 0.45859375 0.65838509 0.0078125 0.01035196
0 0.65078125 0.65113871 0.009375 0.01242236
0 0.39101562 0.65010351 0.01015625 0.01449275
0 0.37773437 0.64648033 0.01171875 0.01345755
0 0.39570312 0.61801242 0.01640625 0.01656314
0 0.37851562 0.61180124 0.01015625 0.01449275
0 0.64726562 0.59523809 0.01015625 0.01035196
0 0.36445312 0.59057971 0.01171875 0.01345755
0 0.60976562 0.58850931 0.01015625 0.01345755
0 0.46875 0.58850931 0.0109375 0.01345755
0 0.55351562 0.57971014 0.01484375 0.01035196
0 0.47539062 0.57453416 0.01171875 0.01656314
0 0.33867187 0.56107660 0.02265625 0.01449275
0 0.46015625 0.54917184 0.0140625 0.01759834
0 0.66289062 0.54347826 0.01015625 0.01242236
0 0.31484375 0.52795031 0.01875 0.01449275
0 0.45859375 0.51915113 0.0125 0.01552795
0 0.29375 0.52225672 0.0109375 0.02380952
0 0.64296875 0.50879917 0.0171875 0.02380952
0 0.4484375 0.48447204 0.0109375 0.01449275
0 0.56914062 0.47360248 0.01953125 0.02173913
0 0.43398437 0.47360248 0.01328125 0.02173913
0 0.38554687 0.46739130 0.01171875 0.01138716
0 0.47070312 0.45703933 0.01015625 0.02173913
0 0.38046875 0.44927536 0.009375 0.01035196
0 0.35507812 0.44720496 0.01796875 0.02277432
0 0.4 0.43167701 0.0078125 0.01242236
0 0.65195312 0.41200828 0.00859375 0.01449275
0 0.4015625 0.40942028 0.0109375 0.01138716
0 0.54609375 0.40683229 0.009375 0.01242236
0 0.29765625 0.39648033 0.009375 0.01863354
0 0.66914062 0.39285714 0.01015625 0.01759834
0 0.36367187 0.39648033 0.01328125 0.02898550
0 0.4578125 0.36801242 0.0125 0.01552795
0 0.4421875 0.35559006 0.0125 0.01552795
0 0.5046875 0.35455486 0.0171875 0.02380952
0 0.56015625 0.33850931 0.009375 0.01449275
0 0.34335937 0.32142857 0.00859375 0.01345755
0 0.515625 0.31418219 0.0078125 0.00931677
0 0.59921875 0.28364389 0.0109375 0.01449275
0 0.44882812 0.26242236 0.02578125 0.02380952
0 0.52773437 0.25362318 0.01328125 0.01035196
0 0.4125 0.22308488 0.009375 0.01966873
0 0.62460937 0.19875776 0.01171875 0.01656314
0 0.38671875 0.18219461 0.009375 0.01242236
0 0.47382812 0.18892339 0.02421875 0.03209109
0 0.42226562 0.15527950 0.01328125 0.01656314
0 0.4703125 0.15320910 0.0125 0.02070393
0 0.49179687 0.14751552 0.01015625 0.01345755
0 0.59648437 0.13716356 0.01015625 0.01552795
0 0.49648437 0.13405797 0.01484375 0.00931677
0 0.54765625 0.13250517 0.0125 0.01863354
0 0.571875 0.12370600 0.0109375 0.01138716
0 0.48945312 0.10973084 0.01640625 0.01656314
0 0.3640625 0.09937888 0.0296875 0.01656314
0 0.59296875 0.07763975 0.009375 0.01035196
0 0.48203125 0.08385093 0.0171875 0.02691511
0 0.62890625 0.06573498 0.0171875 0.01345755
0 0.5515625 0.06521739 0.0140625 0.01242236
0 0.58789062 0.06469979 0.00859375 0.01345755
0 0.7015625 0.02743271 0.0078125 0.02173913
0 0.51601562 0.02380952 0.00859375 0.01863354
0 0.31328125 0.01293995 0.0140625 0.01552795