0 0.63710937 0.89182194 0.00546875 0.02173913
0 0.50117187 0.87525879 0.01640625 0.02587991
0 0.66757812 0.78881987 0.01640625 0.03105590
0 0.52226562 0.78623188 0.01796875 0.02587991
0 0.52578125 0.75569358 0.0140625 0.02484472
0 0.475 0.73291925 0.021875 0.03105590
0 0.35078125 0.72308488 0.0140625 0.01759834
0 0.40820312 0.65734989 0.01015625 0.01035196
0 0.61757812 0.65527950 0.01015625 0.01035196
0 0.57578125 0.65579710 0.0203125 0.02380952
0 0.378125 0.61128364 0.01875 0.01966873
0 0.47070312 0.59316770 0.01484375 0.01242236
0 0.6546875 0.55693581 0.009375 0.01242236
0 0.36523437 0.53933747 0.01796875 0.02691511
0 0.33007812 0.46169772 0.02109375 0.01863354
0 0.37304687 0.45600414 0.01640625 0.02795031
0 0.53671875 0.34161490 0.0171875 0.02070393
0 0.47421875 0.28157349 0.0140625 0.01863354
0 0.36210937 0.23809523 0.01484375 0.02277432
0 0.60585937 0.22360248 0.01015625 0.01035196
0 0.56914062 0.09989648 0.01640625 0.02173913