0 0.5390625 0.90217391 0.0109375 0.01966873
0 0.29492187 0.86387163 0.01328125 0.01552795
0 0.61992187 0.72049689 0.02109375 0.02484472
0 0.56601562 0.68064182 0.02890625 0.02173913
0 0.3234375 0.67391304 0.0140625 0.01863354
0 0.4875 0.66563146 0.0171875 0.01449275
0 0.39648437 0.66718426 0.01640625 0.02173913
0 0.29492187 0.63095238 0.01328125 0.01552795
0 0.34648437 0.60455486 0.02109375 0.03312629
0 0.66210937 0.61231884 0.01640625 0.05279503
0 0.63945312 0.57246376 0.01171875 0.01656314
0 0.47578125 0.56573498 0.0125 0.02587991
0 0.3515625 0.49585921 0.0140625 0.02277432
0 0.35625 0.42494824 0.0109375 0.01552795
0 0.3578125 0.40217391 0.0140625 0.01759834
0 0.63671875 0.40320910 0.0171875 0.02173913
0 0.58984375 0.38871635 0.0203125 0.02795031
0 0.66601562 0.38095238 0.01484375 0.02691511
0 0.32929687 0.36542443 0.01796875 0.00828157
0 0.64921875 0.30693581 0.0109375 0.02173913
0 0.57734375 0.28726708 0.0078125 0.01345755
0 0.61523437 0.26449275 0.01484375 0.00724637
0 0.36015625 0.27225672 0.021875 0.02691511
0 0.56875 0.15734989 0.0171875 0.02277432
0 0.62617187 0.12215320 0.01484375 0.02070393
0 0.5515625 0.03467908 0.015625 0.01345755