0 0.521875 0.98291925 0.009375 0.01759834
0 0.39140625 0.98084886 0.01875 0.01552795
0 0.29765625 0.96894409 0.025 0.02070393
0 0.62578125 0.96221532 0.0171875 0.02380952
0 0.6734375 0.95289855 0.0171875 0.02380952
0 0.4875 0.95082815 0.021875 0.01966873
0 0.42578125 0.92546583 0.0125 0.01035196
0 0.51054687 0.92546583 0.01015625 0.02070393
0 0.40859375 0.90579710 0.01875 0.02898550
0 0.43945312 0.88664596 0.01015625 0.01552795
0 0.54648437 0.88250517 0.01328125 0.01552795
0 0.64960937 0.87732919 0.00859375 0.00931677
0 0.33984375 0.88354037 0.0171875 0.02380952
0 0.49960937 0.87111801 0.00859375 0.01138716
0 0.46914062 0.86594202 0.00703125 0.01138716
0 0.57695312 0.88095238 0.03046875 0.04347826
0 0.40078125 0.87422360 0.025 0.03209109
0 0.640625 0.84627329 0.0125 0.01138716
0 0.32070312 0.83022774 0.01953125 0.01035196
0 0.553125 0.83333333 0.0125 0.01863354
0 0.68046875 0.79865424 0.0171875 0.02380952
0 0.62460937 0.79606625 0.02734375 0.02277432
0 0.35078125 0.77173913 0.009375 0.01345755
0 0.38710937 0.76501035 0.00859375 0.01242236
0 0.57070312 0.74378881 0.00703125 0.00931677
0 0.41171875 0.74482401 0.0171875 0.02380952
0 0.37695312 0.74120082 0.01640625 0.01656314
0 0.65 0.73913043 0.0140625 0.01863354
0 0.5859375 0.73654244 0.0125 0.01552795
0 0.29726562 0.72049689 0.01328125 0.01449275
0 0.61523437 0.71635610 0.01171875 0.01656314
0 0.31757812 0.69306418 0.01484375 0.02173913
0 0.41367187 0.66304347 0.01015625 0.02173913
0 0.32539062 0.65942028 0.01171875 0.01449275
0 0.62226562 0.65631469 0.01015625 0.02070393
0 0.39882812 0.65113871 0.01171875 0.01863354
0 0.45742187 0.65010351 0.00859375 0.01863354
0 0.68710937 0.64337474 0.01015625 0.01552795
0 0.56953125 0.64233954 0.0125 0.01552795
0 0.64023437 0.62681159 0.01015625 0.01552795
0 0.4875 0.62318840 0.0171875 0.01863354
0 0.64921875 0.61438923 0.009375 0.01759834
0 0.66523437 0.60610766 0.01015625 0.01345755
0 0.51367187 0.59265010 0.01171875 0.01345755
0 0.36210937 0.57194616 0.01171875 0.01345755
0 0.41914062 0.55020703 0.01328125 0.01759834
0 0.64257812 0.54865424 0.01484375 0.01656314
0 0.48945312 0.48602484 0.00703125 0.01138716
0 0.58046875 0.48447204 0.0140625 0.01656314
0 0.53554687 0.48188405 0.01171875 0.01138716
0 0.63945312 0.47877846 0.01953125 0.02587991
0 0.57070312 0.45910973 0.01015625 0.01345755
0 0.45859375 0.45859213 0.0203125 0.03105590
0 0.63710937 0.44875776 0.01171875 0.01552795
0 0.60859375 0.44565217 0.0140625 0.04451345
0 0.57304687 0.42857142 0.01640625 0.01449275
0 0.671875 0.42391304 0.0109375 0.02173913
0 0.5359375 0.41977225 0.021875 0.01966873
0 0.34570312 0.40942028 0.01171875 0.01345755
0 0.57539062 0.40113871 0.01171875 0.02380952
0 0.67382812 0.39389233 0.01328125 0.01966873
0 0.38476562 0.39285714 0.01640625 0.02173913
0 0.4953125 0.38302277 0.0109375 0.01449275
0 0.40664062 0.38146997 0.01171875 0.01966873
0 0.31992187 0.38923395 0.03515625 0.03933747
0 0.390625 0.32194616 0.0109375 0.01656314
0 0.515625 0.31521739 0.0109375 0.01552795
0 0.40859375 0.30538302 0.009375 0.01863354
0 0.38398437 0.29296066 0.01015625 0.01035196
0 0.60195312 0.28985507 0.00859375 0.01449275
0 0.49609375 0.28105590 0.0125 0.01759834
0 0.55507812 0.27380952 0.01015625 0.01345755
0 0.63007812 0.28157349 0.00859375 0.03312629
0 0.49726562 0.25362318 0.01015625 0.01449275
0 0.58320312 0.23654244 0.01015625 0.01345755
0 0.61015625 0.23498964 0.0109375 0.01449275
0 0.53085937 0.22929606 0.01328125 0.01138716
0 0.403125 0.20755693 0.0140625 0.01759834
0 0.3578125 0.19772256 0.0109375 0.01656314
0 0.4515625 0.17339544 0.0171875 0.02380952
0 0.509375 0.15320910 0.009375 0.01242236
0 0.53242187 0.11801242 0.01015625 0.02691511
0 0.35273437 0.09886128 0.01328125 0.02795031
0 0.446875 0.08799171 0.015625 0.01863354
0 0.38359375 0.05797101 0.0109375 0.01242236
0 0.35546875 0.05693581 0.009375 0.01656314
0 0.48125 0.05020703 0.0171875 0.02380952
0 0.45898437 0.03985507 0.01171875 0.01345755
0 0.46757812 0.00828157 0.01796875 0.01656314