0 0.45078125 0.95755693 0.015625 0.01035196
0 0.52773437 0.91200828 0.01640625 0.02484472
0 0.40546875 0.83333333 0.0171875 0.02070393
0 0.33828125 0.75465838 0.0140625 0.02277432
0 0.59570312 0.74689440 0.01015625 0.01552795
0 0.33164062 0.73395445 0.01640625 0.01656314
0 0.57734375 0.72153209 0.025 0.02484472
0 0.55742187 0.47722567 0.02265625 0.02484472
0 0.42929687 0.44254658 0.01484375 0.02587991
0 0.64492187 0.40890269 0.01484375 0.01863354
0 0.359375 0.29968944 0.0171875 0.03830227
0 0.49296875 0.28571428 0.0125 0.01656314
0 0.63984375 0.23913043 0.015625 0.02277432
0 0.44335937 0.21790890 0.01796875 0.01966873
0 0.33632812 0.06987577 0.01640625 0.02380952
0 0.58984375 0.06159420 0.0203125 0.03209109