0 0.62773437 0.88612836 0.01640625 0.02070393
0 0.31796875 0.81832298 0.0203125 0.02380952
0 0.47539062 0.80072463 0.01640625 0.01966873
0 0.55625 0.72826086 0.0125 0.02380952
0 0.62617187 0.70548654 0.01953125 0.04658385
0 0.58867187 0.66718426 0.01796875 0.01966873
0 0.64453125 0.65683229 0.01875 0.02173913
0 0.55742187 0.65269151 0.01171875 0.02173913
0 0.60703125 0.65165631 0.01875 0.02173913
0 0.38125 0.52329192 0.015625 0.02380952
0 0.52382812 0.51915113 0.02265625 0.03002070
0 0.41289062 0.51915113 0.02265625 0.03002070
0 0.41484375 0.48706004 0.0203125 0.03209109
0 0.3953125 0.46066252 0.0140625 0.01863354
0 0.3078125 0.47360248 0.01875 0.04451345
0 0.43164062 0.44513457 0.01640625 0.01449275
0 0.40585937 0.40683229 0.01796875 0.01656314
0 0.38125 0.39699792 0.0140625 0.01759834
0 0.36015625 0.39699792 0.0140625 0.01759834
0 0.39101562 0.35973084 0.02265625 0.01552795
0 0.58984375 0.33333333 0.0328125 0.03105590
0 0.52773437 0.28519668 0.01640625 0.01552795
0 0.63242187 0.28053830 0.01484375 0.02277432
0 0.53984375 0.18788819 0.0171875 0.02173913
0 0.3625 0.14078674 0.0125 0.02484472
0 0.63515625 0.07919254 0.0203125 0.05279503