0 0.60234375 0.96997929 0.0109375 0.02277432
0 0.55390625 0.95703933 0.0171875 0.01138716
0 0.365625 0.94202898 0.0125 0.01449275
0 0.55664062 0.91925465 0.01640625 0.02484472
0 0.52539062 0.89389233 0.01796875 0.04037267
0 0.63125 0.87732919 0.0140625 0.01345755
0 0.39414062 0.87474120 0.01328125 0.01656314
0 0.425 0.87318840 0.0171875 0.02380952
0 0.46640625 0.85093167 0.021875 0.03105590
0 0.50898437 0.83643892 0.01796875 0.01242236
0 0.3375 0.83902691 0.015625 0.01966873
0 0.403125 0.81004140 0.0125 0.01345755
0 0.64101562 0.80900621 0.01328125 0.01552795
0 0.37421875 0.80848861 0.0140625 0.02070393
0 0.628125 0.79865424 0.009375 0.01966873
0 0.315625 0.80797101 0.0328125 0.04244306
0 0.63984375 0.76501035 0.0078125 0.01449275
0 0.5578125 0.75879917 0.0125 0.01656314
0 0.64101562 0.74430641 0.00859375 0.01242236
0 0.43828125 0.73550724 0.0125 0.01759834
0 0.57070312 0.73291925 0.01171875 0.01656314
0 0.35429687 0.73084886 0.01171875 0.01656314
0 0.40234375 0.71014492 0.0125 0.01035196
0 0.6609375 0.70859213 0.009375 0.01345755
0 0.59179687 0.71894409 0.01953125 0.03830227
0 0.3 0.69927536 0.009375 0.02173913
0 0.60039062 0.69151138 0.01015625 0.01449275
0 0.52265625 0.67908902 0.009375 0.01449275
0 0.41953125 0.67650103 0.015625 0.01138716
0 0.640625 0.67443064 0.01875 0.01759834
0 0.65820312 0.66666666 0.01015625 0.01449275
0 0.47265625 0.66614906 0.0125 0.01552795
0 0.42734375 0.65579710 0.0140625 0.02173913
0 0.36054687 0.64958592 0.01171875 0.01552795
0 0.6578125 0.60921325 0.0125 0.01345755
0 0.62148437 0.59886128 0.00859375 0.01138716
0 0.58125 0.59886128 0.0171875 0.02380952
0 0.31445312 0.58902691 0.01171875 0.01242236
0 0.64921875 0.57246376 0.0078125 0.01449275
0 0.48789062 0.56055900 0.02421875 0.02587991
0 0.56875 0.54917184 0.0171875 0.02380952
0 0.46601562 0.55279503 0.01484375 0.03105590
0 0.43320312 0.54244306 0.01015625 0.01449275
0 0.67539062 0.51656314 0.01171875 0.01656314
0 0.51796875 0.50776397 0.028125 0.04037267
0 0.46328125 0.49120082 0.0140625 0.01138716
0 0.32382812 0.49171842 0.01015625 0.01449275
0 0.29296875 0.49275362 0.009375 0.01656314
0 0.54375 0.48964803 0.0078125 0.01242236
0 0.50351562 0.47463768 0.01015625 0.01759834
0 0.60507812 0.47412008 0.00859375 0.01863354
0 0.675 0.45186335 0.0125 0.01345755
0 0.43554687 0.45393374 0.01328125 0.01759834
0 0.53632812 0.45548654 0.00859375 0.02484472
0 0.63164062 0.44875776 0.01484375 0.02173913
0 0.35898437 0.44513457 0.01953125 0.02691511
0 0.56953125 0.43944099 0.0171875 0.04037267
0 0.64648437 0.42546583 0.01171875 0.01656314
0 0.55234375 0.42132505 0.0078125 0.02070393
0 0.30507812 0.41873706 0.01640625 0.02173913
0 0.60351562 0.40010351 0.01171875 0.01138716
0 0.48515625 0.37629399 0.015625 0.01345755
0 0.32929687 0.38043478 0.01796875 0.02380952
0 0.34023437 0.35144927 0.01171875 0.01552795
0 0.55585937 0.34213250 0.03046875 0.01966873
0 0.33554687 0.32971014 0.01171875 0.01138716
0 0.63046875 0.23602484 0.0109375 0.01449275
0 0.3609375 0.20238095 0.0078125 0.01966873
0 0.39765625 0.19979296 0.0109375 0.01863354
0 0.58359375 0.18892339 0.0078125 0.01345755
0 0.55703125 0.18426501 0.009375 0.01242236
0 0.5390625 0.18271221 0.009375 0.01759834
0 0.63203125 0.15631469 0.015625 0.02691511
0 0.60429687 0.14596273 0.01328125 0.02070393
0 0.3890625 0.14130434 0.01875 0.01966873
0 0.48007812 0.13198757 0.01171875 0.01552795
0 0.45703125 0.12318840 0.0125 0.01656314
0 0.34101562 0.10817805 0.01484375 0.01345755
0 0.61054687 0.09265010 0.01015625 0.01759834
0 0.45507812 0.09057971 0.01171875 0.01552795
0 0.53710937 0.08902691 0.02421875 0.02898550
0 0.40039062 0.07453416 0.01640625 0.01449275
0 0.60820312 0.07194616 0.00859375 0.01966873
0 0.33476562 0.07142857 0.01484375 0.02277432
0 0.4296875 0.04606625 0.0171875 0.02380952
0 0.58984375 0.02743271 0.0171875 0.02380952
0 0.40234375 0.02122153 0.0140625 0.01759834
0 0.34296875 0.00621118 0.0234375 0.01242236