0 0.65546875 0.87991718 0.0140625 0.01449275
0 0.51328125 0.86335403 0.0140625 0.01863354
0 0.3703125 0.83074534 0.0203125 0.03209109
0 0.34765625 0.79761904 0.0109375 0.01759834
0 0.56914062 0.76708074 0.01796875 0.02691511
0 0.64765625 0.74844720 0.01875 0.02898550
0 0.43320312 0.68685300 0.00703125 0.01345755
0 0.42070312 0.65372670 0.01328125 0.01966873
0 0.490625 0.64906832 0.0171875 0.02484472
0 0.63945312 0.61490683 0.01796875 0.01242236
0 0.45976562 0.56262939 0.01484375 0.01759834
0 0.33320312 0.56211180 0.01015625 0.01656314
0 0.30507812 0.52691511 0.01796875 0.02277432
0 0.44023437 0.52329192 0.01953125 0.01759834
0 0.521875 0.49327122 0.0203125 0.02587991
0 0.459375 0.45548654 0.015625 0.01656314
0 0.50859375 0.43581780 0.01875 0.02070393
0 0.54257812 0.38664596 0.01640625 0.02587991
0 0.39453125 0.37629399 0.0203125 0.00931677
0 0.5125 0.32815734 0.015625 0.02070393
0 0.37890625 0.31366459 0.0125 0.01863354