0 0.62773437 0.88612836 0.01640625 0.02070393
0 0.4578125 0.83281573 0.015625 0.01966873
0 0.35664062 0.82194616 0.01328125 0.02277432
0 0.66523437 0.81366459 0.01953125 0.02070393
0 0.31640625 0.80693581 0.015625 0.01966873
0 0.33359375 0.78571428 0.015625 0.04968944
0 0.61367187 0.73757763 0.01796875 0.02380952
0 0.58867187 0.70652173 0.01796875 0.04658385
0 0.67226562 0.61076604 0.01484375 0.02484472
0 0.621875 0.60351966 0.0203125 0.02691511
0 0.59453125 0.54399585 0.021875 0.02380952
0 0.33632812 0.50569358 0.01640625 0.01966873
0 0.5515625 0.50207039 0.0234375 0.03312629
0 0.45742187 0.45238095 0.01640625 0.03105590
0 0.41328125 0.39544513 0.0125 0.02277432
0 0.61757812 0.32815734 0.01640625 0.02484472
0 0.57304687 0.31728778 0.02421875 0.02173913
0 0.48476562 0.29554865 0.03046875 0.02173913
0 0.38359375 0.09420289 0.0109375 0.02070393