0 0.28515625 0.97204968 0.0125 0.01656314
0 0.3234375 0.95910973 0.0109375 0.03002070
0 0.38945312 0.89648033 0.00703125 0.01449275
0 0.51054687 0.86749482 0.01328125 0.01242236
0 0.66679687 0.86387163 0.02578125 0.03002070
0 0.29492187 0.84937888 0.01328125 0.02380952
0 0.4578125 0.81521739 0.009375 0.01345755
0 0.3453125 0.80693581 0.0078125 0.01966873
0 0.30742187 0.80124223 0.01015625 0.01035196
0 0.5953125 0.77795031 0.0171875 0.02380952
0 0.3859375 0.76966873 0.0109375 0.01552795
0 0.68085937 0.76656314 0.02109375 0.03209109
0 0.54765625 0.74534161 0.0125 0.01242236
0 0.634375 0.74378881 0.0078125 0.01138716
0 0.68007812 0.69720496 0.01015625 0.01552795
0 0.459375 0.69409937 0.0171875 0.02380952
0 0.50390625 0.68322981 0.0140625 0.01863354
0 0.621875 0.68581780 0.015625 0.02587991
0 0.49101562 0.66304347 0.01171875 0.01552795
0 0.4265625 0.66873706 0.025 0.02898550
0 0.54960937 0.65683229 0.01484375 0.01759834
0 0.58632812 0.65217391 0.01015625 0.01449275
0 0.44414062 0.63819875 0.01171875 0.01552795
0 0.67304687 0.64078674 0.01484375 0.02484472
0 0.596875 0.61542443 0.0171875 0.02380952
0 0.58007812 0.60196687 0.00703125 0.02173913
0 0.38554687 0.58747412 0.01328125 0.01552795
0 0.48867187 0.56211180 0.01171875 0.01449275
0 0.3921875 0.56573498 0.0171875 0.02380952
0 0.6375 0.56159420 0.0140625 0.01759834
0 0.52265625 0.56314699 0.025 0.02691511
0 0.4203125 0.55641821 0.0171875 0.02380952
0 0.35585937 0.54554865 0.00859375 0.01242236
0 0.3796875 0.54244306 0.0125 0.01242236
0 0.32734375 0.54089026 0.0109375 0.01138716
0 0.30546875 0.53416149 0.0109375 0.01035196
0 0.55976562 0.53364389 0.00859375 0.01138716
0 0.415625 0.52432712 0.0125 0.01759834
0 0.60742187 0.51759834 0.01484375 0.01035196
0 0.31445312 0.52122153 0.01171875 0.01966873
0 0.3515625 0.51345755 0.0171875 0.03519668
0 0.6859375 0.49275362 0.0125 0.01035196
0 0.575 0.49430641 0.0171875 0.01345755
0 0.52734375 0.49378881 0.0125 0.01656314
0 0.43515625 0.49016563 0.009375 0.01345755
0 0.36640625 0.48136645 0.009375 0.01242236
0 0.31953125 0.46221532 0.009375 0.01345755
0 0.43046875 0.45859213 0.0109375 0.01656314
0 0.6796875 0.46118012 0.025 0.03209109
0 0.60273437 0.44875776 0.00703125 0.02587991
0 0.30039062 0.42805383 0.01171875 0.01759834
0 0.67851562 0.42132505 0.00859375 0.01035196
0 0.49648437 0.42184265 0.01328125 0.01759834
0 0.32734375 0.41252587 0.0171875 0.03002070
0 0.421875 0.40527950 0.015625 0.01759834
0 0.40117187 0.39233954 0.01171875 0.01242236
0 0.58789062 0.39182194 0.01484375 0.01759834
0 0.58945312 0.36335403 0.01953125 0.01863354
0 0.56757812 0.35817805 0.00859375 0.01449275
0 0.38398437 0.35559006 0.01015625 0.01345755
0 0.35 0.35766045 0.0171875 0.03002070
0 0.4921875 0.34006211 0.0078125 0.01345755
0 0.56835937 0.30797101 0.01171875 0.01345755
0 0.5875 0.31055900 0.0203125 0.02484472
0 0.39140625 0.30279503 0.009375 0.01552795
0 0.34179687 0.29968944 0.02265625 0.02587991
0 0.44960937 0.27950310 0.01171875 0.01449275
0 0.38515625 0.28209109 0.0171875 0.02380952
0 0.53046875 0.27173913 0.0140625 0.01138716
0 0.5703125 0.27225672 0.0109375 0.01656314
0 0.50859375 0.25 0.0125 0.01552795
0 0.47890625 0.24068322 0.0109375 0.01759834
0 0.525 0.21790890 0.0171875 0.02380952
0 0.62421875 0.21583850 0.0171875 0.02173913
0 0.46328125 0.21376811 0.0171875 0.02380952
0 0.36523437 0.17805383 0.01484375 0.02070393
0 0.34257812 0.16511387 0.00703125 0.01966873
0 0.396875 0.16614906 0.0171875 0.02380952
0 0.48242187 0.14337474 0.01171875 0.01345755
0 0.42734375 0.12267080 0.0171875 0.02380952
0 0.60195312 0.09265010 0.01484375 0.01552795
0 0.3328125 0.06832298 0.0109375 0.01863354
0 0.64726562 0.06314699 0.01171875 0.01449275
0 0.55234375 0.02950310 0.009375 0.00931677
0 0.30429687 0.02639751 0.00703125 0.03002070
0 0.51875 0.01708074 0.009375 0.01345755
0 0.63359375 0.01708074 0.0171875 0.02380952