0 0.49414062 0.99327122 0.00859375 0.01345755
0 0.509375 0.98343685 0.01875 0.01035196
0 0.6609375 0.95341614 0.0234375 0.01656314
0 0.54101562 0.94099378 0.01015625 0.01242236
0 0.325 0.93478260 0.015625 0.01449275
0 0.47304687 0.91149068 0.01015625 0.01759834
0 0.54570312 0.89906832 0.01640625 0.02173913
0 0.63476562 0.89492753 0.01015625 0.02173913
0 0.52890625 0.86801242 0.0171875 0.02380952
0 0.640625 0.85455486 0.009375 0.01345755
0 0.52695312 0.84109730 0.01171875 0.01966873
0 0.540625 0.81780538 0.0109375 0.01449275
0 0.43554687 0.81728778 0.01484375 0.01759834
0 0.31953125 0.81625258 0.0140625 0.01552795
0 0.5578125 0.81262939 0.0125 0.01449275
0 0.29882812 0.81159420 0.01953125 0.02898550
0 0.621875 0.79968944 0.0125 0.01552795
0 0.34414062 0.78933747 0.02109375 0.01552795
0 0.31953125 0.78623188 0.0125 0.01552795
0 0.39414062 0.76915113 0.01015625 0.01242236
0 0.41953125 0.77432712 0.0203125 0.02691511
0 0.50585937 0.76656314 0.01171875 0.01345755
0 0.58125 0.71532091 0.015625 0.02070393
0 0.4734375 0.70807453 0.015625 0.01863354
0 0.496875 0.70031055 0.0140625 0.01966873
0 0.36914062 0.69824016 0.02890625 0.03209109
0 0.30859375 0.68115942 0.0109375 0.01656314
0 0.57421875 0.68633540 0.0171875 0.03312629
0 0.59179687 0.67184265 0.00859375 0.01242236
0 0.32929687 0.68167701 0.02578125 0.03209109
0 0.3390625 0.64803312 0.0234375 0.02070393
0 0.50742187 0.64751552 0.02421875 0.03002070
0 0.57421875 0.62008281 0.01875 0.02070393
0 0.67695312 0.59057971 0.01171875 0.01552795
0 0.48515625 0.56418219 0.0265625 0.02691511
0 0.4 0.55124223 0.0171875 0.02380952
0 0.35976562 0.56107660 0.03984375 0.04347826
0 0.60507812 0.54917184 0.01171875 0.02173913
0 0.66601562 0.52846790 0.01171875 0.01759834
0 0.33476562 0.51552795 0.01015625 0.01242236
0 0.37695312 0.49896480 0.00859375 0.01035196
0 0.59726562 0.50776397 0.01953125 0.03209109
0 0.54609375 0.50362318 0.0109375 0.03416149
0 0.57109375 0.47826086 0.009375 0.01242236
0 0.32304687 0.47567287 0.01328125 0.03209109
0 0.3578125 0.44772256 0.0140625 0.01552795
0 0.67304687 0.44513457 0.01328125 0.01863354
0 0.3734375 0.43685300 0.0109375 0.01449275
0 0.54257812 0.41977225 0.01171875 0.01552795
0 0.37734375 0.40683229 0.015625 0.02070393
0 0.55664062 0.40320910 0.01171875 0.01552795
0 0.57734375 0.40062111 0.0125 0.01656314
0 0.33203125 0.39699792 0.015625 0.01552795
0 0.60507812 0.39285714 0.01015625 0.01552795
0 0.52421875 0.38095238 0.015625 0.01863354
0 0.465625 0.37215320 0.0171875 0.02380952
0 0.5875 0.37060041 0.0265625 0.03105590
0 0.38554687 0.35455486 0.01015625 0.01138716
0 0.62382812 0.31987577 0.01328125 0.02070393
0 0.63046875 0.29761904 0.0078125 0.01138716
0 0.58867187 0.28416149 0.01484375 0.00931677
0 0.34804687 0.27277432 0.01328125 0.01759834
0 0.46679687 0.25931677 0.01328125 0.01552795
0 0.61328125 0.25 0.0125 0.01138716
0 0.43984375 0.24275362 0.0171875 0.02380952
0 0.58320312 0.23395445 0.01015625 0.01656314
0 0.42578125 0.22204968 0.0125 0.01759834
0 0.34101562 0.21169772 0.01328125 0.01138716
0 0.61328125 0.20600414 0.0109375 0.00828157
0 0.5484375 0.19254658 0.0125 0.01656314
0 0.64296875 0.16977225 0.009375 0.01242236
0 0.43320312 0.16252587 0.01015625 0.01035196
0 0.3421875 0.16925465 0.021875 0.02380952
0 0.50820312 0.15217391 0.00859375 0.01242236
0 0.61484375 0.13819875 0.0125 0.01966873
0 0.57304687 0.11387163 0.01171875 0.01656314
0 0.42382812 0.09523809 0.01640625 0.02691511
0 0.36640625 0.08747412 0.0140625 0.01552795
0 0.55703125 0.08540372 0.0109375 0.01552795
0 0.38515625 0.08592132 0.0078125 0.02691511
0 0.64179687 0.07349896 0.01328125 0.01656314
0 0.68359375 0.03674948 0.0125 0.01552795