0 0.43515625 0.93633540 0.025 0.02380952
0 0.60195312 0.88975155 0.01640625 0.01759834
0 0.65625 0.87267080 0.0125 0.02070393
0 0.38007812 0.83902691 0.01328125 0.01759834
0 0.30585937 0.76863354 0.01953125 0.03209109
0 0.334375 0.73447204 0.0265625 0.01966873
0 0.35859375 0.68374741 0.0109375 0.01759834
0 0.39023437 0.56987577 0.01953125 0.02173913
0 0.34492187 0.43426501 0.01484375 0.01966873
0 0.659375 0.40269151 0.0171875 0.01449275
0 0.346875 0.38509316 0.0171875 0.01656314
0 0.59335937 0.32556935 0.01328125 0.01759834
0 0.415625 0.27691511 0.01875 0.02380952
0 0.53398437 0.17805383 0.01953125 0.02070393
0 0.56289062 0.16563146 0.01953125 0.01656314
0 0.55664062 0.06625258 0.02734375 0.02691511
0 0.45507812 0.04710144 0.01640625 0.02173913