0 0.3625 0.95600414 0.0171875 0.02380952
0 0.69023437 0.92908902 0.02578125 0.02173913
0 0.52617187 0.92805383 0.02109375 0.01966873
0 0.39882812 0.91511387 0.01171875 0.01656314
0 0.484375 0.91459627 0.0171875 0.02380952
0 0.46914062 0.91045548 0.01015625 0.01552795
0 0.59140625 0.88146997 0.0078125 0.01345755
0 0.66601562 0.85300207 0.00859375 0.01242236
0 0.44882812 0.85766045 0.02265625 0.03209109
0 0.38710937 0.80900621 0.01015625 0.01345755
0 0.68320312 0.80693581 0.01640625 0.02173913
0 0.57617187 0.79606625 0.01171875 0.03312629
0 0.3328125 0.77743271 0.0125 0.01449275
0 0.40390625 0.76242236 0.009375 0.01552795
0 0.59453125 0.75828157 0.009375 0.01345755
0 0.3546875 0.75207039 0.0140625 0.01138716
0 0.31289062 0.74896480 0.00859375 0.01552795
0 0.65664062 0.72049689 0.01328125 0.01656314
0 0.64023437 0.71739130 0.01015625 0.01242236
0 0.465625 0.63250517 0.0078125 0.01035196
0 0.38789062 0.62784679 0.01171875 0.01552795
0 0.57070312 0.62577639 0.01171875 0.01345755
0 0.43398437 0.62008281 0.01015625 0.01449275
0 0.403125 0.60921325 0.0171875 0.02380952
0 0.371875 0.59989648 0.0125 0.01966873
0 0.4625 0.60093167 0.0171875 0.02380952
0 0.68203125 0.59109730 0.0171875 0.01863354
0 0.3 0.58333333 0.009375 0.01345755
0 0.328125 0.58178053 0.0125 0.01242236
0 0.66835937 0.58333333 0.01328125 0.01966873
0 0.65742187 0.55797101 0.00859375 0.01035196
0 0.33046875 0.55745341 0.0125 0.03002070
0 0.35234375 0.54554865 0.0109375 0.01242236
0 0.46015625 0.54813664 0.015625 0.03416149
0 0.46757812 0.52070393 0.01015625 0.01242236
0 0.5546875 0.50931677 0.0109375 0.01449275
0 0.48867187 0.50103519 0.01484375 0.01035196
0 0.33867187 0.49844720 0.01328125 0.01345755
0 0.37070312 0.48291925 0.01015625 0.01138716
0 0.53476562 0.47981366 0.01328125 0.01552795
0 0.57539062 0.47360248 0.01328125 0.01552795
0 0.41054687 0.47049689 0.01015625 0.01552795
0 0.3015625 0.47049689 0.009375 0.01552795
0 0.6546875 0.46118012 0.0125 0.02173913
0 0.43203125 0.45445134 0.015625 0.01656314
0 0.34921875 0.45445134 0.025 0.01656314
0 0.59921875 0.45652173 0.009375 0.02277432
0 0.4578125 0.45238095 0.0125 0.02484472
0 0.39101562 0.44358178 0.01171875 0.01552795
0 0.36523437 0.43892339 0.01015625 0.01242236
0 0.60976562 0.42546583 0.01171875 0.02070393
0 0.45429687 0.41718426 0.01328125 0.01449275
0 0.66523437 0.41511387 0.01171875 0.02070393
0 0.64492187 0.40993788 0.01015625 0.01449275
0 0.3609375 0.40786749 0.0109375 0.01449275
0 0.68242187 0.39492753 0.01015625 0.01345755
0 0.49296875 0.39130434 0.0125 0.01449275
0 0.52148437 0.40320910 0.03046875 0.04037267
0 0.5953125 0.38354037 0.0109375 0.01759834
0 0.47929687 0.36335403 0.02109375 0.02691511
0 0.37421875 0.34420289 0.0125 0.01552795
0 0.51757812 0.34161490 0.00859375 0.01242236
0 0.353125 0.33333333 0.0140625 0.02484472
0 0.60703125 0.30020703 0.0140625 0.01656314
0 0.4859375 0.29917184 0.009375 0.01449275
0 0.50976562 0.29606625 0.02265625 0.02070393
0 0.54296875 0.27070393 0.0171875 0.02380952
0 0.559375 0.25258799 0.0109375 0.01242236
0 0.39453125 0.24378881 0.0203125 0.01759834
0 0.59804687 0.23654244 0.01015625 0.01345755
0 0.61523437 0.22877846 0.00859375 0.01656314
0 0.64375 0.21894409 0.0140625 0.02173913
0 0.49023437 0.20859213 0.01171875 0.01552795
0 0.45664062 0.20393374 0.02421875 0.01035196
0 0.628125 0.18374741 0.0171875 0.02380952
0 0.39804687 0.16252587 0.01640625 0.02277432
0 0.64179687 0.14596273 0.01171875 0.01656314
0 0.5609375 0.13768115 0.009375 0.01242236
0 0.41484375 0.13768115 0.0125 0.01656314
0 0.53710937 0.12991718 0.01328125 0.01759834
0 0.42070312 0.09109730 0.01015625 0.01449275
0 0.56953125 0.07401656 0.009375 0.01345755
0 0.37578125 0.06780538 0.0125 0.01759834
0 0.36054687 0.06625258 0.01015625 0.01449275
0 0.64648437 0.06418219 0.01328125 0.02277432
0 0.41289062 0.03778467 0.00859375 0.01138716