0 0.60429687 0.99430641 0.01015625 0.01138716
0 0.49609375 0.97308488 0.01875 0.01656314
0 0.53632812 0.96376811 0.01484375 0.01449275
0 0.4375 0.96376811 0.0109375 0.01449275
0 0.41601562 0.95755693 0.01796875 0.01242236
0 0.49179687 0.94616977 0.01171875 0.01656314
0 0.3453125 0.93322981 0.0171875 0.02380952
0 0.66523437 0.91200828 0.01328125 0.01449275
0 0.62109375 0.90683229 0.0171875 0.01449275
0 0.43320312 0.90010351 0.01171875 0.01552795
0 0.459375 0.89233954 0.015625 0.01035196
0 0.5140625 0.89285714 0.009375 0.01552795
0 0.55117187 0.89026915 0.01171875 0.01656314
0 0.62539062 0.87370600 0.02109375 0.03726708
0 0.4140625 0.85817805 0.0125 0.02070393
0 0.52109375 0.84265010 0.0140625 0.01656314
0 0.64882812 0.82919254 0.01015625 0.01242236
0 0.29414062 0.83022774 0.01171875 0.01449275
0 0.50546875 0.79451345 0.0109375 0.01552795
0 0.628125 0.76656314 0.0078125 0.01138716
0 0.52070312 0.76397515 0.01328125 0.01656314
0 0.675 0.76552795 0.0171875 0.02380952
0 0.65117187 0.75621118 0.01484375 0.01552795
0 0.5921875 0.76035196 0.0171875 0.02380952
0 0.33007812 0.75258799 0.01171875 0.01863354
0 0.3671875 0.74016563 0.0078125 0.01242236
0 0.63398437 0.73550724 0.01171875 0.00931677
0 0.68203125 0.73395445 0.01875 0.01449275
0 0.41210937 0.73136645 0.01015625 0.01759834
0 0.51992187 0.72153209 0.01015625 0.01035196
0 0.59140625 0.71221532 0.0078125 0.01242236
0 0.39492187 0.71118012 0.01328125 0.01863354
0 0.571875 0.71169772 0.0171875 0.02173913
0 0.3578125 0.69358178 0.0109375 0.01449275
0 0.40976562 0.67080745 0.01015625 0.01863354
0 0.675 0.63871635 0.0078125 0.01035196
0 0.33515625 0.63198757 0.028125 0.03002070
0 0.30117187 0.61387163 0.01171875 0.01449275
0 0.40195312 0.60869565 0.01171875 0.01449275
0 0.68515625 0.61024844 0.0078125 0.02587991
0 0.61640625 0.60921325 0.0171875 0.02380952
0 0.49296875 0.60455486 0.0109375 0.01449275
0 0.57890625 0.59782608 0.0171875 0.02380952
0 0.46835937 0.55693581 0.01640625 0.01656314
0 0.56992187 0.53260869 0.01015625 0.01759834
0 0.37851562 0.52898550 0.01015625 0.01242236
0 0.60820312 0.52484472 0.01015625 0.01449275
0 0.33515625 0.51656314 0.0171875 0.01242236
0 0.47109375 0.51190476 0.0171875 0.02380952
0 0.590625 0.49948240 0.009375 0.01345755
0 0.67890625 0.50258799 0.0171875 0.02380952
0 0.31992187 0.49689440 0.01015625 0.02070393
0 0.54375 0.49534161 0.0171875 0.02380952
0 0.45 0.48343685 0.0203125 0.02691511
0 0.36445312 0.46376811 0.01015625 0.01242236
0 0.5390625 0.46428571 0.0171875 0.02380952
0 0.60625 0.43995859 0.0109375 0.01656314
0 0.4578125 0.43788819 0.0140625 0.01863354
0 0.62070312 0.41200828 0.00859375 0.01242236
0 0.54140625 0.40631469 0.0171875 0.02173913
0 0.38085937 0.39699792 0.01328125 0.01138716
0 0.68007812 0.39182194 0.01328125 0.01552795
0 0.32226562 0.36697722 0.00859375 0.01552795
0 0.371875 0.36231884 0.0140625 0.01449275
0 0.50976562 0.36076604 0.01015625 0.01345755
0 0.61445312 0.35093167 0.01015625 0.01035196
0 0.57578125 0.34937888 0.009375 0.01138716
0 0.34414062 0.33747412 0.01640625 0.01035196
0 0.4796875 0.30486542 0.0109375 0.01345755
0 0.6109375 0.28260869 0.009375 0.01242236
0 0.43398437 0.27898550 0.03359375 0.02380952
0 0.534375 0.26242236 0.009375 0.01552795
0 0.46171875 0.25672877 0.0171875 0.02691511
0 0.52265625 0.21428571 0.009375 0.01035196
0 0.346875 0.21532091 0.015625 0.01449275
0 0.5984375 0.21376811 0.0125 0.01552795
0 0.37226562 0.21014492 0.01328125 0.01449275
0 0.35585937 0.16563146 0.01171875 0.01449275
0 0.5125 0.16304347 0.0109375 0.01552795
0 0.56992187 0.12267080 0.00859375 0.01138716
0 0.47226562 0.11438923 0.01640625 0.02173913
0 0.5921875 0.08022774 0.0140625 0.01759834
0 0.37929687 0.07401656 0.01328125 0.01966873
0 0.64882812 0.06780538 0.01171875 0.01345755
0 0.3671875 0.05900621 0.0078125 0.01035196
0 0.42734375 0.05434782 0.009375 0.01345755
0 0.39648437 0.04761904 0.01015625 0.01449275
0 0.57070312 0.02122153 0.01015625 0.01345755
0 0.5078125 0.02536231 0.0109375 0.02173913
0 0.66328125 0.01811594 0.0140625 0.00931677
0 0.59453125 0.00931677 0.0203125 0.01242236