0 0.37265625 0.97981366 0.0140625 0.01138716
0 0.56015625 0.92908902 0.0140625 0.01759834
0 0.68476562 0.90683229 0.01015625 0.01863354
0 0.2921875 0.90320910 0.0078125 0.01138716
0 0.45820312 0.89855072 0.01640625 0.01449275
0 0.3078125 0.88819875 0.0078125 0.01242236
0 0.50195312 0.88819875 0.03203125 0.02484472
0 0.30898437 0.86438923 0.01328125 0.01863354
0 0.3796875 0.86283643 0.0125 0.01759834
0 0.6265625 0.86024844 0.0109375 0.01449275
0 0.65820312 0.84834368 0.01640625 0.01552795
0 0.36054687 0.83436853 0.01640625 0.02484472
0 0.40390625 0.82556935 0.021875 0.02380952
0 0.60742187 0.81055900 0.02109375 0.01449275
0 0.35507812 0.80279503 0.01015625 0.01345755
0 0.53476562 0.79710144 0.00859375 0.02691511
0 0.63867187 0.78364389 0.00859375 0.01242236
0 0.51289062 0.76656314 0.01328125 0.01759834
0 0.57226562 0.75776397 0.01484375 0.01656314
0 0.35195312 0.75672877 0.01171875 0.02070393
0 0.54804687 0.75362318 0.01328125 0.01863354
0 0.64179687 0.69720496 0.01796875 0.01552795
0 0.48632812 0.70341614 0.02890625 0.03209109
0 0.60585937 0.69099378 0.01015625 0.01552795
0 0.67460937 0.68995859 0.01328125 0.02173913
0 0.42148437 0.67494824 0.01171875 0.01449275
0 0.56640625 0.67960662 0.009375 0.03002070
0 0.58554687 0.65424430 0.01328125 0.01656314
0 0.58476562 0.63302277 0.01171875 0.01552795
0 0.42851562 0.61283643 0.01015625 0.01863354
0 0.51289062 0.60248447 0.02265625 0.01863354
0 0.3015625 0.59368530 0.009375 0.01552795
0 0.41679687 0.58229813 0.01171875 0.01552795
0 0.64765625 0.55331262 0.0109375 0.01345755
0 0.66445312 0.54503105 0.01328125 0.01138716
0 0.46757812 0.51966873 0.00703125 0.02070393
0 0.5234375 0.51190476 0.0109375 0.01345755
0 0.59296875 0.50724637 0.0109375 0.01449275
0 0.48554687 0.50258799 0.01328125 0.01345755
0 0.60117187 0.49171842 0.00859375 0.01242236
0 0.403125 0.50517598 0.0125 0.03933747
0 0.60976562 0.47360248 0.01015625 0.01138716
0 0.55390625 0.47308488 0.0171875 0.01656314
0 0.5 0.46842650 0.0140625 0.01759834
0 0.57734375 0.45755693 0.0234375 0.03312629
0 0.45351562 0.44824016 0.01015625 0.01863354
0 0.34414062 0.43633540 0.01015625 0.01345755
0 0.321875 0.40890269 0.015625 0.01035196
0 0.29492187 0.40424430 0.01328125 0.01966873
0 0.4359375 0.39958592 0.0125 0.01656314
0 0.40507812 0.39803312 0.01640625 0.01759834
0 0.48515625 0.39026915 0.0078125 0.01449275
0 0.5875 0.38975155 0.015625 0.01966873
0 0.50351562 0.37939958 0.01171875 0.01345755
0 0.365625 0.37525879 0.0140625 0.02795031
0 0.5625 0.35455486 0.021875 0.01345755
0 0.50859375 0.35196687 0.009375 0.01449275
0 0.39414062 0.34782608 0.01328125 0.01863354
0 0.58398437 0.34006211 0.01328125 0.01759834
0 0.56367187 0.32556935 0.01640625 0.01759834
0 0.39921875 0.29037267 0.009375 0.01138716
0 0.5078125 0.29089026 0.009375 0.01449275
0 0.35859375 0.28571428 0.0109375 0.02277432
0 0.58984375 0.23343685 0.0125 0.00931677
0 0.50585937 0.23550724 0.01328125 0.01345755
0 0.459375 0.23240165 0.0171875 0.02380952
0 0.54921875 0.22515527 0.0171875 0.01966873
0 0.44375 0.22515527 0.0109375 0.02380952
0 0.33828125 0.21221532 0.0140625 0.01863354
0 0.36953125 0.19824016 0.0109375 0.01345755
0 0.39179687 0.19772256 0.01640625 0.02070393
0 0.54570312 0.19254658 0.01328125 0.01863354
0 0.3625 0.17287784 0.009375 0.01035196
0 0.63828125 0.16356107 0.0265625 0.03105590
0 0.53828125 0.15113871 0.0140625 0.03312629
0 0.57890625 0.11231884 0.0171875 0.02380952
0 0.615625 0.10817805 0.0125 0.01966873
0 0.64570312 0.05538302 0.01015625 0.01552795
0 0.66210937 0.03364389 0.01484375 0.02380952
0 0.30585937 0.02277432 0.01796875 0.01035196
0 0.596875 0.01811594 0.0171875 0.02380952