0 0.4984375 0.97877846 0.015625 0.01759834
0 0.36601562 0.97567287 0.01171875 0.01138716
0 0.69804687 0.95548654 0.01484375 0.01863354
0 0.55703125 0.95755693 0.0265625 0.03105590
0 0.67109375 0.94824016 0.0140625 0.01656314
0 0.38398437 0.93322981 0.01171875 0.01345755
0 0.61640625 0.93322981 0.0171875 0.02380952
0 0.659375 0.90838509 0.0171875 0.02380952
0 0.509375 0.88819875 0.009375 0.01242236
0 0.53710937 0.85300207 0.01328125 0.01656314
0 0.66445312 0.83178053 0.01484375 0.01552795
0 0.609375 0.82556935 0.0171875 0.02380952
0 0.55117187 0.82608695 0.01171875 0.02484472
0 0.32851562 0.82712215 0.02109375 0.03519668
0 0.64375 0.80538302 0.009375 0.01242236
0 0.57421875 0.79503105 0.0109375 0.01449275
0 0.45039062 0.79399585 0.01484375 0.01656314
0 0.3359375 0.77898550 0.0109375 0.01759834
0 0.61914062 0.75569358 0.01796875 0.01035196
0 0.40625 0.75517598 0.0109375 0.01345755
0 0.5453125 0.75310559 0.0078125 0.01138716
0 0.4671875 0.72515527 0.0171875 0.02380952
0 0.49609375 0.69306418 0.0171875 0.02380952
0 0.30234375 0.65113871 0.0125 0.01656314
0 0.43945312 0.64026915 0.01953125 0.01552795
0 0.41132812 0.63509316 0.01484375 0.01759834
0 0.5265625 0.63146997 0.015625 0.02070393
0 0.30507812 0.62732919 0.01015625 0.01242236
0 0.50429687 0.62732919 0.02109375 0.01656314
0 0.61914062 0.61697722 0.01328125 0.01863354
0 0.59414062 0.60714285 0.01328125 0.00931677
0 0.57265625 0.60403726 0.015625 0.01966873
0 0.37734375 0.59782608 0.0171875 0.02380952
0 0.58125 0.58333333 0.0125 0.01552795
0 0.396875 0.58488612 0.0171875 0.01863354
0 0.41796875 0.57453416 0.0078125 0.02070393
0 0.50546875 0.56728778 0.0171875 0.02691511
0 0.31054687 0.56055900 0.00859375 0.01759834
0 0.6046875 0.55383022 0.0171875 0.01656314
0 0.45703125 0.54865424 0.009375 0.01242236
0 0.44023437 0.54192546 0.00859375 0.01138716
0 0.65195312 0.52484472 0.01015625 0.02070393
0 0.3984375 0.52122153 0.0109375 0.01759834
0 0.3421875 0.50414078 0.0109375 0.01449275
0 0.328125 0.49016563 0.015625 0.01345755
0 0.43203125 0.48706004 0.0265625 0.02380952
0 0.52460937 0.47619047 0.02109375 0.02070393
0 0.54960937 0.44927536 0.01484375 0.01863354
0 0.29414062 0.43530020 0.01171875 0.02587991
0 0.56132812 0.42857142 0.01015625 0.01656314
0 0.3515625 0.42494824 0.0109375 0.01345755
0 0.40585937 0.42443064 0.00859375 0.01449275
0 0.61835937 0.38871635 0.01484375 0.01345755
0 0.46992187 0.38975155 0.01171875 0.01552795
0 0.30546875 0.39026915 0.009375 0.01863354
0 0.63789062 0.37836438 0.00859375 0.01345755
0 0.33984375 0.35921325 0.0125 0.01656314
0 0.40585937 0.33229813 0.01328125 0.01656314
0 0.43867187 0.32867494 0.00703125 0.01345755
0 0.56523437 0.32815734 0.01171875 0.01656314
0 0.534375 0.31107660 0.0109375 0.01345755
0 0.34101562 0.31107660 0.01640625 0.01966873
0 0.44375 0.30538302 0.0140625 0.02070393
0 0.59570312 0.30072463 0.01796875 0.01345755
0 0.37109375 0.29347826 0.009375 0.01138716
0 0.39882812 0.27795031 0.01328125 0.01552795
0 0.44296875 0.27277432 0.0171875 0.02380952
0 0.36171875 0.26293995 0.015625 0.01656314
0 0.36796875 0.23602484 0.0125 0.01656314
0 0.60625 0.23033126 0.025 0.03416149
0 0.56914062 0.22153209 0.01484375 0.02484472
0 0.33125 0.21273291 0.009375 0.01759834
0 0.53789062 0.17753623 0.01328125 0.01345755
0 0.38710937 0.16459627 0.01015625 0.02070393
0 0.42304687 0.15062111 0.01171875 0.01552795
0 0.36601562 0.13509316 0.01328125 0.02173913
0 0.37695312 0.12577639 0.00859375 0.01552795
0 0.33710937 0.12111801 0.01015625 0.01449275
0 0.52265625 0.12267080 0.0234375 0.01966873
0 0.421875 0.08333333 0.0171875 0.02380952
0 0.60703125 0.07763975 0.0109375 0.01863354
0 0.34023437 0.06573498 0.01328125 0.01138716
0 0.37070312 0.06677018 0.01015625 0.01552795
0 0.40195312 0.06418219 0.01328125 0.01863354
0 0.584375 0.06107660 0.0109375 0.01449275
0 0.55 0.03985507 0.0171875 0.02380952
0 0.6109375 0.03778467 0.0171875 0.02380952
0 0.28398437 0.02536231 0.01015625 0.01345755
0 0.46875 0.02536231 0.0171875 0.02380952
0 0.3765625 0.00672877 0.009375 0.01345755