0 0.553125 0.88509316 0.0453125 0.03519668
0 0.321875 0.85869565 0.0140625 0.03416149
0 0.40976562 0.81418219 0.01640625 0.02173913
0 0.60703125 0.65372670 0.01875 0.01759834
0 0.559375 0.64026915 0.0234375 0.01966873
0 0.51171875 0.56262939 0.01875 0.02173913
0 0.46328125 0.54658385 0.028125 0.02277432
0 0.465625 0.48550724 0.0171875 0.03105590
0 0.51601562 0.34472049 0.01171875 0.02277432
0 0.39492187 0.32349896 0.01640625 0.01552795
0 0.49648437 0.23861283 0.01796875 0.03002070
0 0.62109375 0.22670807 0.0140625 0.02070393
0 0.51171875 0.15631469 0.028125 0.02691511
0 0.37148437 0.09420289 0.01328125 0.02070393