0 0.65742187 0.98033126 0.01015625 0.02070393
0 0.3609375 0.91666666 0.0140625 0.02173913
0 0.459375 0.89699792 0.0125 0.01345755
0 0.50546875 0.88198757 0.0125 0.02691511
0 0.61640625 0.88043478 0.0203125 0.02795031
0 0.40390625 0.84989648 0.01875 0.03312629
0 0.53085937 0.82349896 0.02265625 0.02380952
0 0.42304687 0.77018633 0.00859375 0.01656314
0 0.31367187 0.75776397 0.01171875 0.01656314
0 0.57265625 0.76552795 0.0203125 0.03416149
0 0.50664062 0.69409937 0.01640625 0.02173913
0 0.3796875 0.67857142 0.009375 0.00724637
0 0.60742187 0.62629399 0.01796875 0.02277432
0 0.678125 0.62318840 0.0171875 0.01863354
0 0.59375 0.52432712 0.0234375 0.02380952
0 0.49570312 0.52070393 0.01953125 0.03519668
0 0.41445312 0.49896480 0.01640625 0.02691511
0 0.38398437 0.48809523 0.01953125 0.03002070
0 0.4296875 0.43374741 0.0140625 0.01863354
0 0.67851562 0.38405797 0.01171875 0.01656314
0 0.56757812 0.37939958 0.01484375 0.02380952
0 0.5453125 0.32505175 0.0203125 0.02898550
0 0.54609375 0.29761904 0.0203125 0.02380952
0 0.41835937 0.26656314 0.01640625 0.01966873
0 0.3796875 0.21894409 0.00625 0.02173913
0 0.57890625 0.10041407 0.0140625 0.02070393
0 0.45898437 0.07815734 0.02421875 0.03209109
0 0.490625 0.04140786 0.025 0.02898550