0 0.49726562 0.95807453 0.00859375 0.02173913
0 0.4171875 0.95703933 0.0171875 0.02380952
0 0.57265625 0.95496894 0.0234375 0.04244306
0 0.3875 0.93633540 0.0171875 0.02380952
0 0.47890625 0.93115942 0.0203125 0.03002070
0 0.43671875 0.88871635 0.0109375 0.01759834
0 0.51523437 0.88923395 0.02421875 0.02898550
0 0.37148437 0.86749482 0.00859375 0.01242236
0 0.55546875 0.86697722 0.0125 0.01552795
0 0.33515625 0.86128364 0.0109375 0.01449275
0 0.54140625 0.85973084 0.0125 0.02173913
0 0.4453125 0.84420289 0.0140625 0.01552795
0 0.58085937 0.83902691 0.01953125 0.01552795
0 0.4046875 0.83281573 0.0078125 0.01345755
0 0.43554687 0.83385093 0.01328125 0.01966873
0 0.36992187 0.83022774 0.01484375 0.01449275
0 0.37304687 0.80486542 0.01484375 0.01552795
0 0.47851562 0.79244306 0.01015625 0.01345755
0 0.35273437 0.79140786 0.00859375 0.01138716
0 0.45625 0.77225672 0.021875 0.02277432
0 0.61523437 0.76656314 0.01015625 0.01759834
0 0.3859375 0.76293995 0.0140625 0.01449275
0 0.36054687 0.75207039 0.01015625 0.01966873
0 0.49921875 0.74223602 0.0171875 0.01656314
0 0.67070312 0.73498964 0.01015625 0.01863354
0 0.37890625 0.72049689 0.0203125 0.01242236
0 0.62421875 0.69202898 0.0109375 0.01345755
0 0.4359375 0.69099378 0.0125 0.01966873
0 0.48203125 0.66097308 0.015625 0.00931677
0 0.44570312 0.66511387 0.01484375 0.01759834
0 0.5640625 0.65683229 0.0109375 0.02795031
0 0.353125 0.64803312 0.0078125 0.01863354
0 0.62734375 0.63923395 0.0140625 0.01966873
0 0.4984375 0.62525879 0.0078125 0.02277432
0 0.51875 0.61956521 0.0171875 0.02380952
0 0.46953125 0.60714285 0.0171875 0.02380952
0 0.35820312 0.59368530 0.01328125 0.01966873
0 0.48632812 0.57091097 0.01171875 0.01345755
0 0.4171875 0.56314699 0.0109375 0.01449275
0 0.42382812 0.54710144 0.01953125 0.01345755
0 0.459375 0.54037267 0.009375 0.01242236
0 0.50234375 0.53467908 0.0078125 0.01345755
0 0.34960937 0.53002070 0.01015625 0.01242236
0 0.54140625 0.53364389 0.0171875 0.02380952
0 0.60039062 0.5 0.01640625 0.03105590
0 0.64453125 0.48084886 0.0125 0.01345755
0 0.50859375 0.47981366 0.0125 0.01345755
0 0.6109375 0.47308488 0.0078125 0.02277432
0 0.63828125 0.42598343 0.0171875 0.02380952
0 0.32578125 0.40579710 0.0140625 0.01863354
0 0.63945312 0.39389233 0.01171875 0.01552795
0 0.6578125 0.38871635 0.0140625 0.01966873
0 0.38554687 0.38146997 0.01171875 0.01552795
0 0.45039062 0.37370600 0.02578125 0.01449275
0 0.34960937 0.37318840 0.01328125 0.01759834
0 0.5625 0.36283643 0.0171875 0.02380952
0 0.36757812 0.35610766 0.01328125 0.01449275
0 0.43164062 0.32919254 0.00859375 0.01242236
0 0.6390625 0.30900621 0.0171875 0.02380952
0 0.37421875 0.30434782 0.0109375 0.02277432
0 0.47460937 0.29606625 0.01171875 0.01242236
0 0.35703125 0.29451345 0.015625 0.01966873
0 0.60625 0.28209109 0.0140625 0.01345755
0 0.42148437 0.28105590 0.01015625 0.01552795
0 0.54648437 0.27018633 0.01015625 0.01449275
0 0.46953125 0.26604554 0.01875 0.02484472
0 0.36757812 0.25621118 0.00859375 0.01759834
0 0.51601562 0.24844720 0.00859375 0.01035196
0 0.35351562 0.23757763 0.00859375 0.01759834
0 0.52539062 0.23240165 0.01171875 0.01345755
0 0.49375 0.21790890 0.0171875 0.02380952
0 0.38007812 0.19927536 0.01015625 0.03209109
0 0.63984375 0.17908902 0.0109375 0.01035196
0 0.60742187 0.15269151 0.01328125 0.01345755
0 0.440625 0.14958592 0.0125 0.01138716
0 0.53046875 0.14958592 0.0171875 0.02380952
0 0.43671875 0.13457556 0.0078125 0.01035196
0 0.33671875 0.13612836 0.0140625 0.01966873
0 0.63789062 0.13095238 0.01328125 0.01345755
0 0.56601562 0.12888198 0.01953125 0.02380952
0 0.46875 0.13354037 0.0171875 0.03312629
0 0.45390625 0.10869565 0.0140625 0.01863354
0 0.52070312 0.10921325 0.01953125 0.02380952
0 0.41757812 0.09627329 0.01015625 0.01449275
0 0.4703125 0.09523809 0.0109375 0.01449275
0 0.6453125 0.06573498 0.0140625 0.00931677
0 0.53007812 0.06469979 0.01328125 0.02587991
0 0.59414062 0.04917184 0.01015625 0.01345755
0 0.403125 0.03364389 0.0171875 0.01138716
0 0.365625 0.02225672 0.0171875 0.02380952
0 0.459375 0.00828157 0.0125 0.01656314