0 0.5203125 0.95910973 0.0171875 0.02380952
0 0.66484375 0.94927536 0.009375 0.01656314
0 0.46953125 0.95186335 0.0078125 0.02173913
0 0.69960937 0.94513457 0.01015625 0.01863354
0 0.65546875 0.90217391 0.0140625 0.01345755
0 0.31757812 0.90062111 0.01484375 0.01863354
0 0.5109375 0.85144927 0.0109375 0.01345755
0 0.64296875 0.84782608 0.009375 0.01035196
0 0.61679687 0.84627329 0.01171875 0.01345755
0 0.55820312 0.84472049 0.00859375 0.01656314
0 0.34296875 0.82349896 0.0109375 0.01345755
0 0.31640625 0.82298136 0.0125 0.01656314
0 0.3796875 0.80383022 0.009375 0.01345755
0 0.6390625 0.78416149 0.009375 0.02173913
0 0.60546875 0.77380952 0.0171875 0.02380952
0 0.41796875 0.76345755 0.0078125 0.01138716
0 0.55976562 0.75465838 0.01171875 0.01242236
0 0.484375 0.75569358 0.0125 0.01863354
0 0.4453125 0.74896480 0.009375 0.01552795
0 0.47929687 0.72567287 0.01328125 0.01656314
0 0.3578125 0.72774327 0.015625 0.02070393
0 0.58828125 0.71169772 0.0078125 0.01345755
0 0.35351562 0.69409937 0.01015625 0.01966873
0 0.68710937 0.68840579 0.00859375 0.01449275
0 0.48359375 0.68115942 0.0078125 0.01035196
0 0.58242187 0.68478260 0.01171875 0.01966873
0 0.4296875 0.68685300 0.0171875 0.02380952
0 0.46992187 0.64337474 0.01015625 0.01552795
0 0.30351562 0.64389233 0.00859375 0.02277432
0 0.32265625 0.63923395 0.0171875 0.02380952
0 0.50078125 0.63923395 0.021875 0.03830227
0 0.45820312 0.62267080 0.01328125 0.02173913
0 0.64375 0.60662525 0.0109375 0.01656314
0 0.51054687 0.59937888 0.01328125 0.01863354
0 0.67460937 0.58592132 0.01171875 0.01242236
0 0.54414062 0.54917184 0.01953125 0.01552795
0 0.49179687 0.54865424 0.01015625 0.01449275
0 0.390625 0.54037267 0.0171875 0.02277432
0 0.30507812 0.52691511 0.01015625 0.01242236
0 0.50585937 0.51966873 0.01015625 0.01449275
0 0.3203125 0.51242236 0.0125 0.01242236
0 0.54492187 0.50051759 0.01015625 0.01345755
0 0.38085937 0.49844720 0.01171875 0.02173913
0 0.42109375 0.49016563 0.0109375 0.01966873
0 0.44414062 0.48654244 0.02421875 0.01656314
0 0.50429687 0.47360248 0.01484375 0.01345755
0 0.5359375 0.46583850 0.0109375 0.01449275
0 0.35351562 0.46532091 0.01953125 0.02587991
0 0.4609375 0.45393374 0.009375 0.01345755
0 0.409375 0.44254658 0.0109375 0.01552795
0 0.65976562 0.43892339 0.01171875 0.01449275
0 0.5296875 0.42546583 0.0125 0.01242236
0 0.53554687 0.40838509 0.01171875 0.01552795
0 0.43554687 0.41097308 0.01796875 0.02070393
0 0.50273437 0.39803312 0.02109375 0.01966873
0 0.56835937 0.38768115 0.01015625 0.01345755
0 0.42539062 0.38302277 0.01171875 0.01449275
0 0.3875 0.38561076 0.0171875 0.02795031
0 0.63828125 0.37267080 0.0109375 0.01449275
0 0.38203125 0.34006211 0.0125 0.01966873
0 0.553125 0.33592132 0.0109375 0.01552795
0 0.61445312 0.32971014 0.00859375 0.01138716
0 0.3421875 0.32867494 0.0171875 0.01759834
0 0.4546875 0.31211180 0.0109375 0.01552795
0 0.50820312 0.30072463 0.00859375 0.01552795
0 0.6109375 0.29865424 0.0171875 0.02380952
0 0.39765625 0.27795031 0.009375 0.01759834
0 0.51171875 0.26501035 0.0078125 0.01242236
0 0.4859375 0.24378881 0.0140625 0.01345755
0 0.37695312 0.24171842 0.01484375 0.01759834
0 0.390625 0.22722567 0.01875 0.01966873
0 0.64960937 0.20496894 0.01015625 0.01656314
0 0.40859375 0.19099378 0.015625 0.01138716
0 0.6015625 0.18892339 0.0171875 0.02380952
0 0.52578125 0.18271221 0.0109375 0.01759834
0 0.50507812 0.18478260 0.01328125 0.02380952
0 0.51132812 0.16149068 0.01015625 0.01242236
0 0.59375 0.14233954 0.0171875 0.02380952
0 0.62773437 0.13043478 0.01015625 0.02691511
0 0.40351562 0.12474120 0.01015625 0.01552795
0 0.64140625 0.12060041 0.0140625 0.01759834
0 0.37617187 0.11438923 0.01328125 0.01759834
0 0.4234375 0.10403726 0.0078125 0.01345755
0 0.59648437 0.09368530 0.01171875 0.01552795
0 0.39492187 0.08954451 0.01171875 0.01759834
0 0.44921875 0.08488612 0.0109375 0.01242236
0 0.56757812 0.08385093 0.01015625 0.01449275
0 0.4453125 0.06728778 0.009375 0.01863354
0 0.6390625 0.06107660 0.0125 0.01449275
0 0.38203125 0.05693581 0.0125 0.01656314
0 0.2984375 0.04037267 0.0125 0.00828157
0 0.49023437 0.02846790 0.00859375 0.01759834
0 0.33125 0.00621118 0.0078125 0.01242236