0 0.39921875 0.98809523 0.0171875 0.02380952
0 0.61875 0.95289855 0.0171875 0.00931677
0 0.48203125 0.94151138 0.0171875 0.02380952
0 0.69453125 0.94306418 0.021875 0.04140786
0 0.53671875 0.89906832 0.0171875 0.02380952
0 0.33007812 0.89389233 0.01953125 0.01345755
0 0.51054687 0.89078674 0.01796875 0.01759834
0 0.35507812 0.87370600 0.01015625 0.01242236
0 0.43867187 0.87267080 0.01015625 0.01242236
0 0.45742187 0.85507246 0.01171875 0.01449275
0 0.6265625 0.85300207 0.0078125 0.01242236
0 0.58125 0.85196687 0.0078125 0.01035196
0 0.67304687 0.84989648 0.01328125 0.01449275
0 0.63984375 0.82401656 0.0125 0.01449275
0 0.47929687 0.80279503 0.01015625 0.01345755
0 0.540625 0.78364389 0.0078125 0.01449275
0 0.421875 0.77380952 0.01875 0.01966873
0 0.603125 0.76708074 0.0109375 0.02484472
0 0.68203125 0.75621118 0.0171875 0.02380952
0 0.46914062 0.73757763 0.01328125 0.01552795
0 0.665625 0.73136645 0.0125 0.01552795
0 0.40898437 0.72153209 0.01328125 0.01035196
0 0.615625 0.72412008 0.0203125 0.03209109
0 0.428125 0.72670807 0.01875 0.03726708
0 0.59257812 0.71376811 0.01328125 0.01552795
0 0.60664062 0.68892339 0.02421875 0.02795031
0 0.5296875 0.68012422 0.009375 0.01449275
0 0.49726562 0.67753623 0.01484375 0.01759834
0 0.67304687 0.67805383 0.00859375 0.02484472
0 0.62304687 0.65786749 0.01171875 0.01138716
0 0.428125 0.65786749 0.0125 0.01552795
0 0.55117187 0.63457556 0.00703125 0.01035196
0 0.36328125 0.63146997 0.0203125 0.03726708
0 0.31679687 0.58022774 0.01171875 0.01552795
0 0.4625 0.55072463 0.0125 0.01242236
0 0.55039062 0.55020703 0.01796875 0.01345755
0 0.59570312 0.52846790 0.01015625 0.01345755
0 0.62578125 0.51242236 0.0078125 0.01242236
0 0.6078125 0.49327122 0.0140625 0.01966873
0 0.4484375 0.48602484 0.0078125 0.00931677
0 0.32539062 0.49068322 0.01484375 0.02691511
0 0.48671875 0.48343685 0.009375 0.01656314
0 0.49960937 0.46532091 0.00859375 0.01345755
0 0.37890625 0.46014492 0.0171875 0.02380952
0 0.31484375 0.43685300 0.009375 0.01449275
0 0.66445312 0.41563146 0.01796875 0.01345755
0 0.3046875 0.41459627 0.0171875 0.02380952
0 0.50898437 0.38819875 0.01328125 0.01449275
0 0.475 0.37629399 0.0109375 0.01345755
0 0.63789062 0.37111801 0.01015625 0.01345755
0 0.40976562 0.35507246 0.01171875 0.01449275
0 0.43671875 0.34937888 0.0140625 0.01759834
0 0.64453125 0.34109730 0.009375 0.01966873
0 0.45625 0.34213250 0.0171875 0.02380952
0 0.51367187 0.31935817 0.01171875 0.01966873
0 0.64882812 0.31055900 0.01171875 0.01449275
0 0.59179687 0.30124223 0.01328125 0.01656314
0 0.34648437 0.29761904 0.00859375 0.01759834
0 0.61523437 0.28105590 0.01015625 0.01759834
0 0.45 0.27173913 0.009375 0.01759834
0 0.49804687 0.27070393 0.01328125 0.02380952
0 0.41171875 0.25465838 0.0125 0.01449275
0 0.57460937 0.24223602 0.01015625 0.01449275
0 0.34140625 0.24120082 0.0125 0.01656314
0 0.434375 0.24171842 0.0109375 0.02795031
0 0.56289062 0.22826086 0.01171875 0.01345755
0 0.45703125 0.22670807 0.0078125 0.01863354
0 0.44140625 0.22153209 0.0078125 0.01656314
0 0.58359375 0.20755693 0.0171875 0.02380952
0 0.515625 0.19047619 0.0125 0.01449275
0 0.42148437 0.18788819 0.00703125 0.01552795
0 0.5703125 0.18012422 0.015625 0.01863354
0 0.54101562 0.17701863 0.00859375 0.01656314
0 0.50898437 0.15838509 0.01015625 0.01242236
0 0.52890625 0.15062111 0.0078125 0.01759834
0 0.39492187 0.15579710 0.00703125 0.03002070
0 0.5703125 0.13561076 0.0109375 0.01449275
0 0.46640625 0.12681159 0.0171875 0.02380952
0 0.5046875 0.11438923 0.0140625 0.01552795
0 0.35078125 0.11231884 0.0109375 0.01138716
0 0.628125 0.11231884 0.0125 0.01552795
0 0.37890625 0.12215320 0.0125 0.04140786
0 0.60195312 0.09057971 0.01015625 0.01345755
0 0.61914062 0.08126293 0.01171875 0.00931677
0 0.45898437 0.07608695 0.02890625 0.01966873
0 0.359375 0.06780538 0.0078125 0.01759834
0 0.63476562 0.05227743 0.01953125 0.01345755
0 0.50898437 0.05486542 0.01484375 0.03312629
0 0.43359375 0.03157349 0.0109375 0.01759834
0 0.58828125 0.00621118 0.015625 0.01242236