0 0.66992187 0.84523809 0.01484375 0.03416149
0 0.42617187 0.82349896 0.01640625 0.04037267
0 0.56132812 0.75724637 0.03359375 0.05279503
0 0.58789062 0.71739130 0.01640625 0.02484472
0 0.6265625 0.69358178 0.01875 0.02277432
0 0.57890625 0.60300207 0.0203125 0.02795031
0 0.42539062 0.53416149 0.02890625 0.04761904
0 0.33632812 0.50569358 0.01640625 0.01966873
0 0.42773437 0.47877846 0.01796875 0.01966873
0 0.5671875 0.46687370 0.025 0.02277432
0 0.3953125 0.46066252 0.0140625 0.01863354
0 0.56914062 0.42546583 0.02890625 0.02898550
0 0.59960937 0.38923395 0.02109375 0.02691511
0 0.6390625 0.36283643 0.01875 0.01759834
0 0.63671875 0.32712215 0.0125 0.02070393
0 0.43007812 0.31625258 0.01484375 0.01966873
0 0.3953125 0.29037267 0.015625 0.02380952
0 0.63242187 0.28053830 0.01484375 0.02277432
0 0.42382812 0.26345755 0.02421875 0.01552795
0 0.5765625 0.25931677 0.01875 0.02380952
0 0.62421875 0.22826086 0.0171875 0.02795031
0 0.59921875 0.07971014 0.0140625 0.05175983
0 0.3765625 0.07971014 0.025 0.05175983