0 0.48320312 0.89026915 0.01796875 0.02484472
0 0.553125 0.88509316 0.0453125 0.03519668
0 0.41953125 0.88198757 0.0171875 0.03105590
0 0.6390625 0.86283643 0.01875 0.02380952
0 0.63945312 0.81573498 0.01171875 0.02277432
0 0.47773437 0.80072463 0.01171875 0.01966873
0 0.5859375 0.76449275 0.021875 0.03830227
0 0.44179687 0.74223602 0.01640625 0.03933747
0 0.55859375 0.69047619 0.0140625 0.01449275
0 0.5640625 0.66821946 0.015625 0.02587991
0 0.59101562 0.64648033 0.01796875 0.02173913
0 0.64726562 0.64648033 0.01640625 0.02380952
0 0.57773437 0.52898550 0.02421875 0.01449275
0 0.5109375 0.50672877 0.0140625 0.01966873
0 0.5515625 0.50207039 0.0234375 0.03312629
0 0.37304687 0.48706004 0.02109375 0.03209109
0 0.42773437 0.47877846 0.01796875 0.01966873
0 0.56914062 0.46997929 0.02890625 0.02898550
0 0.36210937 0.45910973 0.01640625 0.02173913
0 0.43164062 0.43840579 0.01796875 0.01966873
0 0.64648437 0.43892339 0.01640625 0.03726708
0 0.40585937 0.40683229 0.01796875 0.01656314
0 0.6390625 0.36283643 0.01875 0.01759834
0 0.59804687 0.32919254 0.01640625 0.02277432
0 0.37578125 0.32349896 0.0171875 0.01966873
0 0.49375 0.28519668 0.0125 0.01552795