0 0.5 0.89026915 0.0515625 0.02484472
0 0.54101562 0.88509316 0.02109375 0.03519668
0 0.46601562 0.86749482 0.01640625 0.02277432
0 0.40390625 0.85610766 0.0203125 0.02691511
0 0.5234375 0.84472049 0.0234375 0.01863354
0 0.38398437 0.78312629 0.03359375 0.05693581
0 0.65039062 0.78467908 0.03984375 0.06211180
0 0.39140625 0.73964803 0.01875 0.02173913
0 0.61367187 0.73395445 0.01796875 0.01656314
0 0.66992187 0.61490683 0.03046875 0.02898550
0 0.46328125 0.54658385 0.028125 0.02277432
0 0.59453125 0.52691511 0.021875 0.01863354
0 0.41757812 0.53002070 0.01328125 0.02898550
0 0.415625 0.45755693 0.015625 0.02484472
0 0.38164062 0.45755693 0.01640625 0.02484472
0 0.45742187 0.42443064 0.01640625 0.03105590
0 0.4078125 0.36024844 0.0203125 0.02277432
0 0.540625 0.35403726 0.021875 0.04140786
0 0.609375 0.31211180 0.01875 0.01552795
0 0.49257812 0.31625258 0.04609375 0.06521739
0 0.5765625 0.25931677 0.01875 0.02380952
0 0.56796875 0.22101449 0.015625 0.02173913
0 0.4390625 0.22360248 0.028125 0.02691511
0 0.43554687 0.15890269 0.02109375 0.02173913