0 0.3234375 0.86490683 0.0109375 0.02173913
0 0.67148437 0.86231884 0.01953125 0.02484472
0 0.6 0.81935817 0.0265625 0.02380952
0 0.3171875 0.75258799 0.0203125 0.03726708
0 0.56289062 0.71687370 0.03671875 0.05486542
0 0.559375 0.62318840 0.021875 0.01863354
0 0.44453125 0.54399585 0.0234375 0.01552795
0 0.44453125 0.52691511 0.021875 0.01449275
0 0.51171875 0.53312629 0.05 0.05797101
0 0.55039062 0.50931677 0.02109375 0.01863354
0 0.3890625 0.45755693 0.0140625 0.02484472
0 0.59335937 0.44047619 0.02421875 0.02380952
0 0.43164062 0.43840579 0.01796875 0.01966873
0 0.36015625 0.39699792 0.0140625 0.01759834
0 0.5671875 0.37163561 0.0140625 0.03105590
0 0.49179687 0.33850931 0.01640625 0.02070393
0 0.49257812 0.29554865 0.01484375 0.02173913
0 0.52773437 0.28519668 0.01640625 0.01552795