0 0.31484375 0.97567287 0.0109375 0.01345755
0 0.56757812 0.96066252 0.01171875 0.01035196
0 0.68515625 0.95496894 0.0109375 0.01345755
0 0.33984375 0.95859213 0.0109375 0.02070393
0 0.54179687 0.91200828 0.01015625 0.01863354
0 0.64296875 0.89440993 0.0140625 0.01863354
0 0.31328125 0.89751552 0.01875 0.02484472
0 0.39648437 0.86024844 0.01328125 0.03933747
0 0.44140625 0.84368530 0.0125 0.01656314
0 0.53984375 0.84161490 0.0125 0.01449275
0 0.31796875 0.81780538 0.0109375 0.01449275
0 0.49960937 0.82246376 0.01171875 0.03209109
0 0.609375 0.81159420 0.0109375 0.02898550
0 0.33828125 0.79813664 0.009375 0.01656314
0 0.31640625 0.79503105 0.0125 0.01656314
0 0.29960937 0.78364389 0.00703125 0.01035196
0 0.57734375 0.78467908 0.009375 0.01656314
0 0.36210937 0.77070393 0.01328125 0.01966873
0 0.58984375 0.76863354 0.009375 0.02380952
0 0.50117187 0.76138716 0.00859375 0.01345755
0 0.55390625 0.75931677 0.0078125 0.01138716
0 0.48007812 0.76190476 0.01015625 0.02070393
0 0.4625 0.73395445 0.01875 0.02691511
0 0.59101562 0.72463768 0.01171875 0.01449275
0 0.37734375 0.72049689 0.0078125 0.00828157
0 0.62539062 0.71325051 0.01484375 0.02070393
0 0.46015625 0.70393374 0.0125 0.01656314
0 0.375 0.69461697 0.0125 0.01656314
0 0.559375 0.68788819 0.0140625 0.01759834
0 0.64101562 0.69047619 0.01640625 0.02484472
0 0.39101562 0.68426501 0.01171875 0.02070393
0 0.58671875 0.65424430 0.0125 0.01449275
0 0.33671875 0.65269151 0.0125 0.01345755
0 0.68007812 0.61542443 0.01953125 0.02587991
0 0.59882812 0.60714285 0.01484375 0.01552795
0 0.66015625 0.58747412 0.009375 0.01345755
0 0.50039062 0.59782608 0.01953125 0.03416149
0 0.634375 0.58799171 0.009375 0.01863354
0 0.58984375 0.58385093 0.0109375 0.01242236
0 0.6421875 0.56418219 0.0078125 0.01449275
0 0.6734375 0.56262939 0.0125 0.01345755
0 0.68671875 0.53209109 0.0109375 0.01656314
0 0.29882812 0.52846790 0.01640625 0.02587991
0 0.58476562 0.52070393 0.01015625 0.01449275
0 0.40039062 0.51966873 0.01171875 0.01242236
0 0.5109375 0.49430641 0.0171875 0.03209109
0 0.66875 0.47981366 0.0171875 0.02380952
0 0.325 0.47463768 0.009375 0.01345755
0 0.42773437 0.46169772 0.01796875 0.01863354
0 0.50507812 0.46066252 0.02578125 0.03105590
0 0.40507812 0.45031055 0.01171875 0.01035196
0 0.3890625 0.43737060 0.0125 0.02587991
0 0.346875 0.43012422 0.0078125 0.01345755
0 0.56953125 0.42287784 0.0125 0.01345755
0 0.41210937 0.41407867 0.02734375 0.04968944
0 0.58867187 0.39233954 0.00859375 0.02070393
0 0.31914062 0.38975155 0.01171875 0.01552795
0 0.67695312 0.38819875 0.00859375 0.02070393
0 0.62851562 0.37888198 0.01484375 0.02070393
0 0.37382812 0.36024844 0.01171875 0.01035196
0 0.59570312 0.36076604 0.01015625 0.01345755
0 0.478125 0.34109730 0.0109375 0.01345755
0 0.45820312 0.31780538 0.01328125 0.01449275
0 0.42734375 0.31469979 0.009375 0.01242236
0 0.39609375 0.30745341 0.0125 0.01656314
0 0.6421875 0.30072463 0.0109375 0.01345755
0 0.55234375 0.29917184 0.0125 0.01242236
0 0.44570312 0.28209109 0.02421875 0.01138716
0 0.578125 0.25931677 0.0140625 0.01759834
0 0.50585937 0.25207039 0.00859375 0.01345755
0 0.6484375 0.23188405 0.0125 0.01449275
0 0.50742187 0.23033126 0.01015625 0.01345755
0 0.56445312 0.21376811 0.01015625 0.01138716
0 0.35703125 0.21532091 0.0125 0.01656314
0 0.54804687 0.19461697 0.01171875 0.01656314
0 0.428125 0.19616977 0.0171875 0.02380952
0 0.475 0.19202898 0.015625 0.03416149
0 0.61132812 0.17184265 0.01640625 0.01035196
0 0.4109375 0.16925465 0.0140625 0.01966873
0 0.43046875 0.14699792 0.0109375 0.01242236
0 0.534375 0.14596273 0.0125 0.01449275
0 0.33164062 0.13095238 0.01015625 0.01552795
0 0.4921875 0.12008281 0.015625 0.02070393
0 0.5421875 0.10817805 0.0140625 0.01759834
0 0.4671875 0.07505175 0.0125 0.01759834
0 0.60585937 0.04710144 0.00859375 0.01759834
0 0.66601562 0.02380952 0.01328125 0.01035196
0 0.40546875 0.01604554 0.0171875 0.02380952