0 0.42265625 0.98240165 0.0234375 0.03519668
0 0.41484375 0.88354037 0.0109375 0.02380952
0 0.6609375 0.80797101 0.0140625 0.02173913
0 0.46132812 0.79503105 0.01484375 0.01449275
0 0.334375 0.77898550 0.015625 0.02380952
0 0.29296875 0.70445134 0.0171875 0.01345755
0 0.56953125 0.61438923 0.0140625 0.01759834
0 0.63085937 0.54658385 0.00859375 0.01449275
0 0.5546875 0.47722567 0.021875 0.02691511
0 0.57851562 0.34937888 0.00859375 0.01966873
0 0.53515625 0.32867494 0.0125 0.02587991
0 0.61992187 0.28571428 0.01953125 0.02691511
0 0.36992187 0.19927536 0.01171875 0.01759834
0 0.38984375 0.12060041 0.01875 0.01345755
0 0.50585937 0.10144927 0.02421875 0.02898550
0 0.37695312 0.05641821 0.01484375 0.02173913
0 0.28671875 0.03467908 0.015625 0.01966873