0 0.45664062 0.99327122 0.00859375 0.01345755
0 0.42304687 0.97877846 0.00859375 0.01138716
0 0.30585937 0.97256728 0.02109375 0.01138716
0 0.48515625 0.95703933 0.0078125 0.01552795
0 0.4734375 0.95341614 0.0078125 0.01863354
0 0.44609375 0.94824016 0.0140625 0.01863354
0 0.53046875 0.93064182 0.0234375 0.03105590
0 0.43164062 0.91666666 0.01015625 0.01345755
0 0.659375 0.91925465 0.0078125 0.02070393
0 0.3859375 0.90269151 0.0140625 0.01242236
0 0.46367187 0.89440993 0.01328125 0.01035196
0 0.62851562 0.89751552 0.01015625 0.01863354
0 0.46796875 0.86387163 0.009375 0.01345755
0 0.53671875 0.85403726 0.025 0.01242236
0 0.6765625 0.84989648 0.0109375 0.01242236
0 0.6078125 0.83385093 0.0140625 0.01759834
0 0.4234375 0.80486542 0.021875 0.04037267
0 0.3390625 0.78053830 0.009375 0.01242236
0 0.43828125 0.76966873 0.0171875 0.02380952
0 0.30859375 0.77070393 0.0125 0.02795031
0 0.64296875 0.75724637 0.0125 0.02587991
0 0.62265625 0.75517598 0.0171875 0.02380952
0 0.39414062 0.74171842 0.00859375 0.01138716
0 0.33320312 0.73861283 0.01484375 0.01966873
0 0.29570312 0.73343685 0.01484375 0.01966873
0 0.4171875 0.72670807 0.0125 0.01449275
0 0.59492187 0.72412008 0.01015625 0.01966873
0 0.659375 0.71946169 0.0109375 0.01656314
0 0.29609375 0.70393374 0.0109375 0.01449275
0 0.31914062 0.70445134 0.01015625 0.02173913
0 0.58710937 0.69875776 0.01171875 0.01242236
0 0.596875 0.68788819 0.0109375 0.01345755
0 0.4296875 0.68374741 0.0203125 0.02173913
0 0.47226562 0.65269151 0.01484375 0.01759834
0 0.48789062 0.63975155 0.01328125 0.01242236
0 0.6765625 0.64026915 0.0125 0.01966873
0 0.6171875 0.64130434 0.015625 0.02173913
0 0.68554687 0.61387163 0.01171875 0.02277432
0 0.609375 0.61128364 0.0171875 0.02380952
0 0.3921875 0.60610766 0.0140625 0.02587991
0 0.29375 0.58126293 0.0109375 0.02380952
0 0.43671875 0.56469979 0.0125 0.01552795
0 0.32890625 0.55590062 0.0109375 0.01656314
0 0.67148437 0.55175983 0.01015625 0.01656314
0 0.57109375 0.55279503 0.0171875 0.01863354
0 0.64257812 0.54554865 0.01796875 0.01863354
0 0.52929687 0.53364389 0.01328125 0.01138716
0 0.390625 0.51190476 0.0171875 0.02380952
0 0.534375 0.50983436 0.0171875 0.02380952
0 0.44726562 0.50465838 0.01015625 0.01552795
0 0.35703125 0.49016563 0.0125 0.01552795
0 0.5734375 0.47567287 0.0109375 0.01345755
0 0.4296875 0.47722567 0.0109375 0.01656314
0 0.37851562 0.46118012 0.01328125 0.01345755
0 0.55390625 0.46066252 0.0234375 0.02070393
0 0.525 0.44306418 0.0125 0.01449275
0 0.63867187 0.43064182 0.00859375 0.01035196
0 0.46953125 0.41459627 0.0171875 0.02380952
0 0.32421875 0.38664596 0.0109375 0.01345755
0 0.54179687 0.37629399 0.01796875 0.01759834
0 0.58828125 0.36594202 0.0109375 0.01552795
0 0.60390625 0.34006211 0.0109375 0.01759834
0 0.60117187 0.32349896 0.01171875 0.01552795
0 0.56875 0.32039337 0.0109375 0.01138716
0 0.50664062 0.32246376 0.01796875 0.01966873
0 0.478125 0.32246376 0.0078125 0.01966873
0 0.52070312 0.29761904 0.01953125 0.02173913
0 0.62890625 0.27743271 0.009375 0.01242236
0 0.52304687 0.27070393 0.00859375 0.01345755
0 0.6109375 0.26552795 0.0140625 0.01138716
0 0.47578125 0.26604554 0.0125 0.01449275
0 0.5046875 0.26345755 0.0109375 0.01552795
0 0.55976562 0.25672877 0.01171875 0.01656314
0 0.53554687 0.25414078 0.01484375 0.01759834
0 0.39296875 0.24482401 0.0140625 0.01759834
0 0.35 0.23498964 0.0109375 0.02070393
0 0.42265625 0.22929606 0.0171875 0.02380952
0 0.50976562 0.21428571 0.01015625 0.01035196
0 0.61445312 0.14648033 0.01328125 0.02173913
0 0.56953125 0.13354037 0.0125 0.01449275
0 0.64023437 0.12577639 0.01015625 0.01552795
0 0.4453125 0.12370600 0.0125 0.01759834
0 0.40546875 0.11542443 0.0109375 0.01345755
0 0.37421875 0.11853002 0.01875 0.02173913
0 0.54179687 0.10144927 0.01796875 0.01242236
0 0.35078125 0.09316770 0.0140625 0.01656314
0 0.63359375 0.08436853 0.015625 0.00931677
0 0.51210937 0.08540372 0.01328125 0.01552795
0 0.50429687 0.06159420 0.00859375 0.01345755
0 0.596875 0.05641821 0.0171875 0.02380952
0 0.41796875 0.02122153 0.009375 0.01552795