0 0.59648437 0.98602484 0.01171875 0.01138716
0 0.65976562 0.90683229 0.01953125 0.02484472
0 0.35898437 0.89803312 0.01484375 0.01759834
0 0.45703125 0.88561076 0.0171875 0.02173913
0 0.4640625 0.84161490 0.0140625 0.02898550
0 0.63320312 0.75103519 0.01484375 0.02795031
0 0.45703125 0.74741200 0.01875 0.03105590
0 0.50898437 0.70859213 0.02109375 0.01759834
0 0.58828125 0.70445134 0.0140625 0.01552795
0 0.60859375 0.69616977 0.0109375 0.01552795
0 0.34296875 0.63457556 0.009375 0.02898550
0 0.51484375 0.59316770 0.0203125 0.03105590
0 0.63476562 0.57039337 0.01484375 0.02277432
0 0.65039062 0.56780538 0.01484375 0.02173913
0 0.4171875 0.54917184 0.009375 0.01138716
0 0.64375 0.50310559 0.0109375 0.01863354
0 0.35976562 0.49948240 0.01796875 0.02587991
0 0.59101562 0.48395445 0.01796875 0.01966873
0 0.534375 0.45600414 0.0171875 0.02173913
0 0.39726562 0.45082815 0.01328125 0.02173913
0 0.5375 0.39182194 0.0140625 0.02173913
0 0.43320312 0.38923395 0.01328125 0.02070393
0 0.49023437 0.37577639 0.01015625 0.01035196
0 0.49492187 0.29192546 0.01171875 0.02070393
0 0.48671875 0.12784679 0.0140625 0.01759834
0 0.45390625 0.09834368 0.0140625 0.01863354
0 0.4671875 0.07660455 0.021875 0.02277432