0 0.4671875 0.85662525 0.0125 0.01759834
0 0.31132812 0.82194616 0.01484375 0.01449275
0 0.64296875 0.80383022 0.015625 0.02380952
0 0.359375 0.67339544 0.0109375 0.01345755
0 0.35820312 0.65113871 0.01484375 0.02484472
0 0.55625 0.61697722 0.015625 0.02070393
0 0.41914062 0.61387163 0.01484375 0.02070393
0 0.378125 0.59265010 0.0140625 0.01552795
0 0.3546875 0.57453416 0.0109375 0.01656314
0 0.334375 0.49792960 0.01875 0.02070393
0 0.321875 0.48395445 0.0140625 0.03416149
0 0.30351562 0.47101449 0.01015625 0.01656314
0 0.38085937 0.44720496 0.01640625 0.00828157
0 0.50976562 0.44099378 0.01953125 0.01863354
0 0.60742187 0.41977225 0.01171875 0.01759834
0 0.41523437 0.34316770 0.01015625 0.01345755
0 0.59296875 0.32712215 0.0171875 0.02277432
0 0.58085937 0.25621118 0.01796875 0.01138716
0 0.33984375 0.23084886 0.021875 0.02898550
0 0.58671875 0.21066252 0.025 0.03416149
0 0.55273437 0.19824016 0.02265625 0.02795031
0 0.42539062 0.15579710 0.01796875 0.01759834
0 0.63007812 0.16149068 0.01640625 0.03105590
0 0.39179687 0.13716356 0.01953125 0.02380952
0 0.64453125 0.12681159 0.0125 0.01552795
0 0.58710937 0.06262939 0.02421875 0.02173913
0 0.62109375 0.05900621 0.021875 0.03312629
0 0.55117187 0.00983436 0.01484375 0.00931677