0 0.32460937 0.89026915 0.00703125 0.01449275
0 0.62773437 0.76501035 0.01796875 0.00828157
0 0.66445312 0.75051759 0.01484375 0.01863354
0 0.38046875 0.68944099 0.0125 0.02277432
0 0.45585937 0.66459627 0.01484375 0.01035196
0 0.59960937 0.54813664 0.00703125 0.01552795
0 0.57421875 0.54037267 0.0125 0.01035196
0 0.6671875 0.48809523 0.0203125 0.02173913
0 0.40742187 0.44513457 0.00703125 0.02277432
0 0.38046875 0.34730848 0.009375 0.01966873
0 0.58984375 0.27898550 0.0140625 0.01966873
0 0.42890625 0.24378881 0.0203125 0.03002070
0 0.54921875 0.16200828 0.0109375 0.01759834
0 0.44023437 0.15320910 0.01171875 0.01242236
0 0.378125 0.13043478 0.0078125 0.02898550
0 0.59609375 0.09472049 0.01875 0.01759834