0 0.62578125 0.96842650 0.0140625 0.02173913
0 0.64375 0.84730848 0.0171875 0.01759834
0 0.41992187 0.84213250 0.01484375 0.02587991
0 0.44296875 0.82815734 0.0125 0.02484472
0 0.64375 0.82401656 0.015625 0.01863354
0 0.37265625 0.80952380 0.015625 0.01863354
0 0.48789062 0.78726708 0.01953125 0.02173913
0 0.64101562 0.73757763 0.01796875 0.02587991
0 0.45117187 0.71273291 0.02109375 0.02795031
0 0.3015625 0.57298136 0.0140625 0.01552795
0 0.58789062 0.54658385 0.00546875 0.01242236
0 0.35039062 0.52898550 0.01015625 0.01863354
0 0.58789062 0.52122153 0.02109375 0.03002070
0 0.6546875 0.51449275 0.025 0.02484472
0 0.56914062 0.48240165 0.02421875 0.03105590
0 0.38984375 0.40165631 0.0171875 0.00828157
0 0.34765625 0.41045548 0.0203125 0.02795031
0 0.41132812 0.37629399 0.01328125 0.01552795
0 0.37539062 0.35041407 0.01015625 0.01552795
0 0.53125 0.30331262 0.0234375 0.03105590
0 0.478125 0.28467908 0.015625 0.02070393
0 0.33359375 0.14492753 0.0140625 0.01242236
0 0.50976562 0.10041407 0.01484375 0.02484472
0 0.534375 0.09316770 0.0171875 0.01656314
0 0.48476562 0.07815734 0.01484375 0.01759834
0 0.48242187 0.05797101 0.01171875 0.01242236