0 0.371875 0.98084886 0.0109375 0.01759834
0 0.42109375 0.98291925 0.021875 0.03416149
0 0.64453125 0.93788819 0.0125 0.01863354
0 0.61679687 0.92287784 0.02734375 0.03209109
0 0.39648437 0.90476190 0.02109375 0.02070393
0 0.58085937 0.90165631 0.00859375 0.02691511
0 0.41640625 0.89389233 0.0078125 0.01966873
0 0.51523437 0.88768115 0.01015625 0.01138716
0 0.3328125 0.88146997 0.0109375 0.01552795
0 0.68671875 0.87784679 0.009375 0.01449275
0 0.6421875 0.87008281 0.009375 0.00931677
0 0.56054687 0.85973084 0.00859375 0.01759834
0 0.58164062 0.85559006 0.01015625 0.01345755
0 0.5875 0.83695652 0.0109375 0.01759834
0 0.34960937 0.79244306 0.01640625 0.01759834
0 0.32929687 0.79037267 0.01328125 0.02380952
0 0.6671875 0.78416149 0.015625 0.02173913
0 0.45742187 0.77587991 0.01328125 0.01966873
0 0.58671875 0.76863354 0.0109375 0.01552795
0 0.36445312 0.75931677 0.01640625 0.01138716
0 0.5265625 0.75621118 0.015625 0.02380952
0 0.63515625 0.73602484 0.0125 0.01449275
0 0.56328125 0.74120082 0.025 0.02691511
0 0.3234375 0.74378881 0.009375 0.03416149
0 0.29570312 0.72308488 0.01171875 0.01759834
0 0.62382812 0.71273291 0.01484375 0.02173913
0 0.39804687 0.69720496 0.01484375 0.01345755
0 0.5578125 0.69202898 0.0109375 0.01345755
0 0.35625 0.68322981 0.0125 0.01449275
0 0.46953125 0.67339544 0.0140625 0.01552795
0 0.64765625 0.67132505 0.0171875 0.02380952
0 0.653125 0.65217391 0.0140625 0.01035196
0 0.30859375 0.65476190 0.0140625 0.01552795
0 0.36601562 0.64492753 0.02578125 0.01449275
0 0.67851562 0.63509316 0.01328125 0.00931677
0 0.68085937 0.61438923 0.01484375 0.03002070
0 0.58085937 0.58229813 0.00859375 0.00931677
0 0.46953125 0.57919254 0.009375 0.01345755
0 0.36210937 0.58022774 0.01015625 0.01552795
0 0.6609375 0.57453416 0.0125 0.01656314
0 0.29648437 0.55331262 0.01328125 0.01138716
0 0.55390625 0.55279503 0.0140625 0.01449275
0 0.39335937 0.54813664 0.01171875 0.01345755
0 0.31953125 0.54813664 0.009375 0.01552795
0 0.421875 0.54296066 0.0109375 0.01552795
0 0.53359375 0.50983436 0.0171875 0.02380952
0 0.6296875 0.49741200 0.015625 0.02380952
0 0.48984375 0.47774327 0.0109375 0.01345755
0 0.4203125 0.47515527 0.009375 0.01449275
0 0.60585937 0.48188405 0.01796875 0.03209109
0 0.53710937 0.47049689 0.01015625 0.01345755
0 0.49960937 0.45031055 0.01171875 0.02898550
0 0.46445312 0.43167701 0.02109375 0.01656314
0 0.63632812 0.42494824 0.01171875 0.01759834
0 0.56484375 0.42443064 0.021875 0.01863354
0 0.61796875 0.42184265 0.009375 0.01552795
0 0.48945312 0.38871635 0.01171875 0.01552795
0 0.67617187 0.38664596 0.01953125 0.03416149
0 0.42617187 0.36490683 0.01171875 0.01345755
0 0.35273437 0.35144927 0.01015625 0.01345755
0 0.46015625 0.34316770 0.0171875 0.02380952
0 0.48671875 0.33488612 0.0109375 0.01345755
0 0.415625 0.33592132 0.0078125 0.01552795
0 0.53828125 0.33902691 0.0171875 0.02380952
0 0.54101562 0.31366459 0.01015625 0.01242236
0 0.43320312 0.30020703 0.01015625 0.01242236
0 0.47304687 0.29503105 0.01015625 0.01242236
0 0.59414062 0.28778467 0.01171875 0.01656314
0 0.47851562 0.27691511 0.01796875 0.01552795
0 0.546875 0.26708074 0.0125 0.01449275
0 0.63320312 0.23084886 0.01328125 0.01863354
0 0.615625 0.22567287 0.009375 0.01242236
0 0.39101562 0.22877846 0.01484375 0.02898550
0 0.521875 0.21583850 0.009375 0.01138716
0 0.41367187 0.21066252 0.01640625 0.01759834
0 0.44414062 0.20186335 0.01328125 0.01656314
0 0.34296875 0.19358178 0.0109375 0.01656314
0 0.37578125 0.18426501 0.0109375 0.02277432
0 0.4359375 0.16925465 0.009375 0.01552795
0 0.62265625 0.16511387 0.009375 0.01345755
0 0.32929687 0.14078674 0.01015625 0.01242236
0 0.5515625 0.13250517 0.0109375 0.02277432
0 0.425 0.10973084 0.0109375 0.03105590
0 0.33242187 0.09057971 0.00859375 0.02173913
0 0.60039062 0.07971014 0.00859375 0.01242236
0 0.55859375 0.08281573 0.0125 0.01863354
0 0.51445312 0.04968944 0.01015625 0.02277432
0 0.57148437 0.00310559 0.00703125 0.00621118