0 0.3328125 0.92236024 0.00625 0.02070393
0 0.51054687 0.87111801 0.01015625 0.02173913
0 0.54804687 0.85610766 0.02109375 0.01863354
0 0.66640625 0.79968944 0.015625 0.02173913
0 0.39101562 0.76656314 0.01953125 0.02173913
0 0.3453125 0.74482401 0.0125 0.01759834
0 0.58554687 0.65217391 0.02578125 0.02277432
0 0.375 0.63405797 0.015625 0.01759834
0 0.50625 0.58126293 0.015625 0.02380952
0 0.353125 0.53933747 0.01875 0.01656314
0 0.39335937 0.43530020 0.02421875 0.02795031
0 0.31445312 0.38664596 0.03046875 0.02795031
0 0.45429687 0.35403726 0.00859375 0.01863354
0 0.48554687 0.31677018 0.01640625 0.01656314
0 0.62773437 0.30279503 0.01015625 0.01966873
0 0.56953125 0.27639751 0.009375 0.01656314
0 0.55898437 0.21325051 0.01328125 0.01863354
0 0.42695312 0.20031055 0.01640625 0.02587991
0 0.37929687 0.16718426 0.02109375 0.03416149
0 0.64921875 0.13871635 0.0109375 0.02277432