0 0.39101562 0.98964803 0.01015625 0.02070393
0 0.38320312 0.96014492 0.01796875 0.01966873
0 0.690625 0.95496894 0.01875 0.02795031
0 0.67265625 0.92598343 0.0125 0.01552795
0 0.41679687 0.92287784 0.01171875 0.00931677
0 0.41484375 0.87784679 0.015625 0.01656314
0 0.328125 0.86076604 0.0171875 0.02380952
0 0.63046875 0.84782608 0.0140625 0.01242236
0 0.67773437 0.84523809 0.01171875 0.01552795
0 0.3390625 0.83229813 0.0125 0.01449275
0 0.54296875 0.83902691 0.034375 0.03416149
0 0.32109375 0.82867494 0.0078125 0.01345755
0 0.51367187 0.82194616 0.00859375 0.01449275
0 0.47773437 0.81314699 0.01796875 0.03623188
0 0.67265625 0.80227743 0.0125 0.02070393
0 0.596875 0.78002070 0.0140625 0.01759834
0 0.44375 0.74327122 0.009375 0.01449275
0 0.56953125 0.73654244 0.009375 0.01552795
0 0.33398437 0.73343685 0.01328125 0.01138716
0 0.40820312 0.72981366 0.00859375 0.01449275
0 0.34921875 0.72463768 0.0140625 0.01656314
0 0.68007812 0.72981366 0.01953125 0.04347826
0 0.64726562 0.70807453 0.00859375 0.01035196
0 0.325 0.70703933 0.0125 0.01656314
0 0.484375 0.68788819 0.01875 0.01552795
0 0.6140625 0.68167701 0.015625 0.00931677
0 0.33515625 0.67494824 0.0171875 0.01035196
0 0.58203125 0.66718426 0.0109375 0.01138716
0 0.38203125 0.67080745 0.025 0.02484472
0 0.628125 0.65062111 0.0171875 0.02380952
0 0.36640625 0.62267080 0.009375 0.01138716
0 0.58710937 0.62060041 0.01015625 0.01759834
0 0.30742187 0.61749482 0.01015625 0.01966873
0 0.5640625 0.60196687 0.0296875 0.02380952
0 0.38359375 0.59109730 0.0140625 0.02484472
0 0.43046875 0.58747412 0.0171875 0.02380952
0 0.5046875 0.57971014 0.0140625 0.02484472
0 0.62773437 0.56004140 0.01015625 0.01242236
0 0.64882812 0.56055900 0.01015625 0.01552795
0 0.303125 0.55952380 0.0078125 0.01759834
0 0.45859375 0.54399585 0.015625 0.01966873
0 0.38203125 0.51242236 0.0125 0.01656314
0 0.47617187 0.51552795 0.01328125 0.02484472
0 0.60507812 0.48964803 0.01328125 0.01656314
0 0.65625 0.47877846 0.0171875 0.02380952
0 0.29804687 0.47412008 0.01953125 0.03726708
0 0.41171875 0.45600414 0.0125 0.01552795
0 0.45 0.44358178 0.0265625 0.03416149
0 0.38984375 0.42908902 0.0171875 0.02380952
0 0.46757812 0.42236024 0.01328125 0.01656314
0 0.52265625 0.40372670 0.015625 0.01656314
0 0.46445312 0.39026915 0.01015625 0.01863354
0 0.57773437 0.38664596 0.00859375 0.01552795
0 0.64414062 0.37370600 0.01328125 0.01035196
0 0.59140625 0.37008281 0.009375 0.01552795
0 0.35429687 0.34006211 0.01015625 0.01138716
0 0.42617187 0.30745341 0.01640625 0.02484472
0 0.55546875 0.29296066 0.0109375 0.01449275
0 0.37539062 0.28674948 0.02578125 0.02691511
0 0.33554687 0.27587991 0.01796875 0.00931677
0 0.64960937 0.26293995 0.00859375 0.01242236
0 0.4625 0.26035196 0.0125 0.00931677
0 0.49101562 0.26604554 0.01484375 0.03105590
0 0.525 0.25207039 0.01875 0.03209109
0 0.42929687 0.21946169 0.01328125 0.01035196
0 0.525 0.22204968 0.0171875 0.02380952
0 0.6125 0.20910973 0.0140625 0.02277432
0 0.48398437 0.18426501 0.01328125 0.01863354
0 0.590625 0.17598343 0.0125 0.01863354
0 0.38945312 0.16666666 0.01328125 0.01863354
0 0.33984375 0.14492753 0.0109375 0.01242236
0 0.64101562 0.12163561 0.00703125 0.01138716
0 0.61015625 0.11490683 0.009375 0.01656314
0 0.34609375 0.10610766 0.0125 0.01138716
0 0.60117187 0.08747412 0.01015625 0.01552795
0 0.61796875 0.08385093 0.0140625 0.03105590
0 0.49609375 0.05331262 0.0171875 0.02380952
0 0.30625 0.03830227 0.0109375 0.01242236
0 0.3875 0.03312629 0.015625 0.01656314
0 0.59257812 0.02122153 0.01015625 0.01138716
0 0.50507812 0.01863354 0.01640625 0.01035196
0 0.32539062 0.01501035 0.01171875 0.01552795