0 0.46953125 0.97204968 0.0125 0.02070393
0 0.45 0.90165631 0.0171875 0.02277432
0 0.5046875 0.80227743 0.0140625 0.01656314
0 0.54804687 0.75983436 0.01953125 0.02277432
0 0.36601562 0.72567287 0.02109375 0.03726708
0 0.58125 0.67028985 0.025 0.01552795
0 0.4015625 0.65320910 0.015625 0.01863354
0 0.67304687 0.62629399 0.01640625 0.02070393
0 0.38007812 0.58178053 0.01015625 0.01656314
0 0.60820312 0.50931677 0.01328125 0.02070393
0 0.33984375 0.49844720 0.0171875 0.02380952
0 0.33164062 0.46428571 0.01171875 0.02173913
0 0.38554687 0.45289855 0.01484375 0.02380952
0 0.5609375 0.32556935 0.0125 0.01552795
0 0.50273437 0.22153209 0.01171875 0.01656314
0 0.403125 0.05538302 0.0203125 0.02795031