0 0.36484375 0.97256728 0.0171875 0.02380952
0 0.4765625 0.94824016 0.0234375 0.01656314
0 0.52539062 0.93685300 0.01015625 0.03312629
0 0.5984375 0.89492753 0.0078125 0.01759834
0 0.4640625 0.88612836 0.0078125 0.01242236
0 0.6640625 0.88198757 0.0125 0.01656314
0 0.48554687 0.87215320 0.01171875 0.01552795
0 0.57851562 0.86594202 0.01640625 0.01966873
0 0.603125 0.85351966 0.0171875 0.02380952
0 0.3640625 0.84265010 0.009375 0.01242236
0 0.353125 0.83178053 0.0109375 0.01552795
0 0.54570312 0.83022774 0.01171875 0.01656314
0 0.62539062 0.82349896 0.01328125 0.01759834
0 0.55585937 0.81004140 0.00859375 0.01138716
0 0.36210937 0.80124223 0.01171875 0.01242236
0 0.33632812 0.80020703 0.01015625 0.01242236
0 0.61484375 0.79865424 0.0125 0.01345755
0 0.53320312 0.80279503 0.01484375 0.02380952
0 0.40625 0.79399585 0.0125 0.01863354
0 0.446875 0.78416149 0.0171875 0.02380952
0 0.37929687 0.76190476 0.02734375 0.01449275
0 0.52539062 0.75983436 0.00703125 0.01863354
0 0.44257812 0.75103519 0.00859375 0.01138716
0 0.31757812 0.75414078 0.02109375 0.01759834
0 0.61484375 0.75621118 0.0171875 0.02380952
0 0.49140625 0.75414078 0.009375 0.01966873
0 0.55585937 0.72567287 0.01640625 0.01242236
0 0.3890625 0.72619047 0.0171875 0.02380952
0 0.3671875 0.71118012 0.0109375 0.01449275
0 0.64414062 0.70755693 0.01015625 0.01552795
0 0.31054687 0.70703933 0.01171875 0.01656314
0 0.6234375 0.69306418 0.0140625 0.01966873
0 0.31953125 0.68685300 0.0109375 0.02380952
0 0.42929687 0.67236024 0.01015625 0.01759834
0 0.29375 0.65217391 0.0109375 0.01449275
0 0.56445312 0.63561076 0.01484375 0.02277432
0 0.29609375 0.59782608 0.015625 0.01345755
0 0.38632812 0.59782608 0.01953125 0.01552795
0 0.52695312 0.58850931 0.01015625 0.01345755
0 0.47773437 0.58799171 0.01640625 0.01863354
0 0.56796875 0.58022774 0.0171875 0.01759834
0 0.51015625 0.57815734 0.0109375 0.02173913
0 0.4640625 0.55020703 0.009375 0.01552795
0 0.49375 0.55124223 0.0125 0.02173913
0 0.58632812 0.51811594 0.01640625 0.01966873
0 0.45898437 0.51759834 0.01015625 0.01863354
0 0.54492187 0.50621118 0.01484375 0.01449275
0 0.40703125 0.49792960 0.0078125 0.02070393
0 0.3921875 0.48602484 0.0171875 0.02380952
0 0.60390625 0.48188405 0.0171875 0.02380952
0 0.51445312 0.47101449 0.01171875 0.01242236
0 0.42734375 0.46169772 0.009375 0.01242236
0 0.31875 0.44565217 0.0109375 0.01552795
0 0.63359375 0.44565217 0.0171875 0.02380952
0 0.56796875 0.44565217 0.0203125 0.04037267
0 0.46210937 0.38923395 0.00703125 0.00828157
0 0.49375 0.39492753 0.021875 0.02587991
0 0.53867187 0.37318840 0.01171875 0.01345755
0 0.3828125 0.37215320 0.0125 0.01552795
0 0.3859375 0.35662525 0.009375 0.01345755
0 0.35429687 0.35869565 0.02265625 0.01966873
0 0.53945312 0.35351966 0.01015625 0.01138716
0 0.58046875 0.34420289 0.0171875 0.02380952
0 0.58671875 0.31832298 0.0109375 0.01759834
0 0.48515625 0.31211180 0.0125 0.01552795
0 0.4171875 0.29658385 0.028125 0.02795031
0 0.48085937 0.28674948 0.01171875 0.01242236
0 0.4390625 0.28933747 0.0171875 0.02380952
0 0.56289062 0.29968944 0.02578125 0.05072463
0 0.36796875 0.28209109 0.0109375 0.01759834
0 0.42070312 0.26086956 0.02265625 0.02070393
0 0.49101562 0.24896480 0.00859375 0.01138716
0 0.53085937 0.23498964 0.01328125 0.01656314
0 0.64726562 0.22463768 0.01484375 0.01656314
0 0.50703125 0.22204968 0.0125 0.02173913
0 0.38828125 0.20600414 0.0078125 0.01863354
0 0.40273437 0.18995859 0.01015625 0.01552795
0 0.3453125 0.19202898 0.0171875 0.02380952
0 0.54335937 0.16770186 0.01328125 0.02484472
0 0.43398437 0.15476190 0.01171875 0.01345755
0 0.36835937 0.14544513 0.01796875 0.01138716
0 0.41835937 0.12836438 0.00703125 0.01242236
0 0.35546875 0.09937888 0.0109375 0.01242236
0 0.3796875 0.09057971 0.009375 0.01345755
0 0.53632812 0.07867494 0.01171875 0.01863354
0 0.47148437 0.06677018 0.01328125 0.02173913
0 0.48164062 0.04347826 0.01328125 0.01242236
0 0.40429687 0.01190476 0.00859375 0.02173913