0 0.37578125 0.97670807 0.01875 0.02587991
0 0.57109375 0.96532091 0.0078125 0.01138716
0 0.44492187 0.95186335 0.01015625 0.02173913
0 0.40078125 0.93892339 0.025 0.01242236
0 0.30585937 0.92236024 0.01171875 0.01035196
0 0.39296875 0.90113871 0.0140625 0.01966873
0 0.44960937 0.90165631 0.02265625 0.03933747
0 0.40390625 0.87939958 0.021875 0.00931677
0 0.61210937 0.87939958 0.01015625 0.01759834
0 0.42539062 0.88457556 0.00859375 0.02795031
0 0.5375 0.88095238 0.0171875 0.04968944
0 0.29960937 0.85766045 0.02109375 0.01759834
0 0.6328125 0.85559006 0.0171875 0.02380952
0 0.54570312 0.84679089 0.00703125 0.00828157
0 0.36601562 0.84782608 0.00859375 0.01242236
0 0.340625 0.84730848 0.009375 0.01345755
0 0.52109375 0.84782608 0.009375 0.03105590
0 0.50859375 0.82971014 0.0125 0.01138716
0 0.59960937 0.82142857 0.00703125 0.01552795
0 0.62890625 0.81677018 0.0140625 0.01656314
0 0.31367187 0.81469979 0.01015625 0.01242236
0 0.39453125 0.80641821 0.0140625 0.01656314
0 0.60429687 0.80331262 0.01328125 0.01863354
0 0.39570312 0.77432712 0.00703125 0.01656314
0 0.54101562 0.77070393 0.01484375 0.01966873
0 0.49179687 0.76449275 0.01171875 0.01345755
0 0.42460937 0.74585921 0.01171875 0.01552795
0 0.61914062 0.73498964 0.00859375 0.01242236
0 0.46445312 0.72412008 0.02109375 0.01966873
0 0.43125 0.71014492 0.0109375 0.01035196
0 0.5875 0.68840579 0.009375 0.01449275
0 0.46992187 0.68788819 0.01328125 0.01345755
0 0.56796875 0.67494824 0.009375 0.01242236
0 0.40898437 0.67443064 0.00703125 0.01552795
0 0.61757812 0.66045548 0.01328125 0.01656314
0 0.465625 0.65890269 0.0109375 0.01552795
0 0.35117187 0.65631469 0.00859375 0.01242236
0 0.60273437 0.64440993 0.01171875 0.01759834
0 0.45859375 0.63405797 0.009375 0.01138716
0 0.590625 0.61697722 0.0109375 0.01449275
0 0.50234375 0.57246376 0.0109375 0.01656314
0 0.61640625 0.57763975 0.0171875 0.02898550
0 0.43476562 0.55745341 0.01484375 0.01345755
0 0.50117187 0.55279503 0.01171875 0.01656314
0 0.68476562 0.53312629 0.01484375 0.01449275
0 0.40390625 0.51552795 0.0109375 0.01035196
0 0.44335937 0.51190476 0.01484375 0.02380952
0 0.6328125 0.50879917 0.015625 0.01966873
0 0.67539062 0.50155279 0.01640625 0.01966873
0 0.46796875 0.48343685 0.0109375 0.01035196
0 0.4203125 0.48447204 0.009375 0.01449275
0 0.54023437 0.47360248 0.01484375 0.01138716
0 0.55820312 0.45393374 0.02734375 0.02380952
0 0.65859375 0.44358178 0.0140625 0.01552795
0 0.34179687 0.43322981 0.00859375 0.01138716
0 0.45898437 0.41511387 0.01015625 0.01449275
0 0.59140625 0.41149068 0.0140625 0.02173913
0 0.50234375 0.40942028 0.009375 0.01966873
0 0.4875 0.40062111 0.0125 0.01449275
0 0.62304687 0.38716356 0.01328125 0.01449275
0 0.54179687 0.37784679 0.01015625 0.01449275
0 0.453125 0.37577639 0.009375 0.01035196
0 0.43203125 0.36697722 0.015625 0.02173913
0 0.5125 0.36749482 0.01875 0.02691511
0 0.40820312 0.35766045 0.01171875 0.01345755
0 0.4765625 0.35817805 0.0140625 0.01656314
0 0.56015625 0.35041407 0.015625 0.01759834
0 0.5703125 0.31884057 0.009375 0.01449275
0 0.41835937 0.31728778 0.01640625 0.02173913
0 0.39257812 0.31262939 0.02890625 0.03105590
0 0.34609375 0.29658385 0.009375 0.01138716
0 0.61601562 0.30124223 0.00703125 0.02484472
0 0.48242187 0.29554865 0.01640625 0.01552795
0 0.46679687 0.26604554 0.01640625 0.01242236
0 0.34960937 0.26759834 0.01328125 0.02795031
0 0.6 0.25672877 0.0125 0.01656314
0 0.63125 0.23809523 0.0109375 0.01863354
0 0.60664062 0.22722567 0.00859375 0.01345755
0 0.42695312 0.20393374 0.01484375 0.02277432
0 0.36210937 0.19202898 0.01015625 0.01759834
0 0.33554687 0.16563146 0.01328125 0.01449275
0 0.48085937 0.16459627 0.01484375 0.01863354
0 0.52226562 0.15320910 0.00859375 0.01035196
0 0.38359375 0.15269151 0.0171875 0.02380952
0 0.50625 0.12060041 0.0109375 0.01759834
0 0.58164062 0.08126293 0.01484375 0.01345755
0 0.45390625 0.07401656 0.0140625 0.01966873
0 0.378125 0.06728778 0.0109375 0.01656314
0 0.403125 0.06469979 0.0171875 0.02380952
0 0.58515625 0.04710144 0.0171875 0.02380952
0 0.5390625 0.04140786 0.015625 0.01863354
0 0.340625 0.00517598 0.0140625 0.01035196