0 0.5765625 0.97360248 0.015625 0.02380952
0 0.66210937 0.96480331 0.01796875 0.01863354
0 0.31289062 0.94979296 0.01796875 0.02173913
0 0.54804687 0.82815734 0.01484375 0.00828157
0 0.31132812 0.82039337 0.01015625 0.01552795
0 0.55976562 0.76759834 0.01640625 0.01345755
0 0.49453125 0.76552795 0.0140625 0.01552795
0 0.65039062 0.69927536 0.01328125 0.01552795
0 0.58046875 0.68581780 0.021875 0.02795031
0 0.35234375 0.65062111 0.00625 0.01552795
0 0.65898437 0.64803312 0.01953125 0.01449275
0 0.50546875 0.58074534 0.00625 0.03312629
0 0.47070312 0.51552795 0.01953125 0.02277432
0 0.46289062 0.49378881 0.01484375 0.01863354
0 0.54648437 0.45910973 0.01796875 0.03416149
0 0.42460937 0.40062111 0.01171875 0.01656314
0 0.55429687 0.39699792 0.01796875 0.02380952
0 0.34804687 0.34420289 0.01484375 0.01345755
0 0.64023437 0.30641821 0.01328125 0.02484472
0 0.45 0.28674948 0.028125 0.02691511
0 0.346875 0.27743271 0.015625 0.01656314
0 0.34257812 0.24896480 0.01484375 0.01552795
0 0.59179687 0.19358178 0.01171875 0.01035196
0 0.48789062 0.19720496 0.01640625 0.02795031
0 0.49960937 0.11542443 0.01640625 0.02380952
0 0.36054687 0.09575569 0.01796875 0.03209109