0 0.42539062 0.89699792 0.02265625 0.02380952
0 0.31210937 0.78778467 0.01328125 0.01656314
0 0.36523437 0.74171842 0.01171875 0.01552795
0 0.59375 0.71428571 0.0171875 0.01656314
0 0.31601562 0.62008281 0.01640625 0.00828157
0 0.546875 0.59834368 0.009375 0.01242236
0 0.66132812 0.58902691 0.00546875 0.01449275
0 0.59921875 0.36904761 0.015625 0.01966873
0 0.64414062 0.32712215 0.01484375 0.02070393
0 0.59492187 0.28778467 0.01015625 0.01449275
0 0.64882812 0.26138716 0.01171875 0.01966873
0 0.6359375 0.21790890 0.01875 0.02795031
0 0.53671875 0.11697722 0.0171875 0.02691511