0 0.45546875 0.95910973 0.0109375 0.03416149
0 0.66796875 0.92805383 0.0171875 0.02380952
0 0.39492187 0.91821946 0.00859375 0.01035196
0 0.50117187 0.91873706 0.01171875 0.01345755
0 0.48515625 0.91356107 0.0171875 0.02380952
0 0.66445312 0.87836438 0.01171875 0.01345755
0 0.32460937 0.87939958 0.01328125 0.01552795
0 0.43984375 0.87111801 0.0171875 0.01552795
0 0.603125 0.87008281 0.0109375 0.01759834
0 0.36640625 0.86076604 0.0109375 0.01759834
0 0.66835937 0.85300207 0.01484375 0.01656314
0 0.41484375 0.84834368 0.021875 0.02587991
0 0.6734375 0.83436853 0.0078125 0.01449275
0 0.47070312 0.82453416 0.01015625 0.01552795
0 0.678125 0.81935817 0.009375 0.01138716
0 0.36210937 0.81262939 0.01171875 0.01656314
0 0.5859375 0.80693581 0.0171875 0.02380952
0 0.4515625 0.79296066 0.0109375 0.01242236
0 0.4171875 0.79658385 0.0171875 0.02380952
0 0.31953125 0.78933747 0.0171875 0.02380952
0 0.41992187 0.76966873 0.01484375 0.01759834
0 0.40234375 0.76863354 0.0140625 0.01759834
0 0.3265625 0.76138716 0.009375 0.02795031
0 0.59726562 0.74275362 0.01171875 0.01552795
0 0.66953125 0.71169772 0.0171875 0.02380952
0 0.44101562 0.68374741 0.01328125 0.01759834
0 0.5484375 0.67132505 0.0125 0.01138716
0 0.5875 0.68219461 0.0265625 0.03933747
0 0.39726562 0.66563146 0.02265625 0.01656314
0 0.50039062 0.66097308 0.01484375 0.02173913
0 0.68554687 0.64751552 0.01328125 0.02380952
0 0.3875 0.59627329 0.0109375 0.01656314
0 0.39921875 0.57608695 0.0109375 0.01345755
0 0.47304687 0.57246376 0.01015625 0.01242236
0 0.33398437 0.56832298 0.00859375 0.01242236
0 0.41054687 0.57039337 0.01015625 0.03312629
0 0.55742187 0.55072463 0.01015625 0.01242236
0 0.62890625 0.54606625 0.0140625 0.01966873
0 0.37460937 0.53830227 0.01640625 0.01242236
0 0.35625 0.52587991 0.009375 0.01242236
0 0.46953125 0.51966873 0.0109375 0.01656314
0 0.50703125 0.51242236 0.0109375 0.01656314
0 0.4421875 0.49430641 0.0171875 0.02380952
0 0.325 0.46739130 0.0109375 0.01345755
0 0.48320312 0.46273291 0.01328125 0.01863354
0 0.54921875 0.45186335 0.0125 0.01552795
0 0.3375 0.44151138 0.009375 0.01138716
0 0.30742187 0.43633540 0.00859375 0.01138716
0 0.45859375 0.43944099 0.0171875 0.01966873
0 0.67695312 0.43633540 0.01484375 0.01966873
0 0.35976562 0.41977225 0.01328125 0.01966873
0 0.66992187 0.41252587 0.01171875 0.01552795
0 0.59882812 0.40476190 0.01328125 0.01863354
0 0.54570312 0.40786749 0.02109375 0.02691511
0 0.58359375 0.38871635 0.0125 0.01759834
0 0.4109375 0.39285714 0.0171875 0.02587991
0 0.67421875 0.37370600 0.0140625 0.01863354
0 0.44375 0.37215320 0.0171875 0.02380952
0 0.51992187 0.35093167 0.00859375 0.01449275
0 0.4078125 0.34575569 0.015625 0.01863354
0 0.58359375 0.33592132 0.0125 0.01759834
0 0.3859375 0.32142857 0.0171875 0.00931677
0 0.60351562 0.31107660 0.01171875 0.02587991
0 0.571875 0.31055900 0.0203125 0.03933747
0 0.61875 0.29917184 0.015625 0.02691511
0 0.41484375 0.29192546 0.009375 0.01242236
0 0.64921875 0.29089026 0.0109375 0.01863354
0 0.37304687 0.28623188 0.01015625 0.01552795
0 0.428125 0.27898550 0.0171875 0.02380952
0 0.41484375 0.22877846 0.0171875 0.01656314
0 0.41210937 0.20031055 0.01328125 0.01759834
0 0.53515625 0.19927536 0.0125 0.01759834
0 0.39492187 0.19047619 0.01328125 0.01449275
0 0.35234375 0.16407867 0.0125 0.01552795
0 0.45742187 0.16200828 0.01171875 0.01345755
0 0.4125 0.15424430 0.0125 0.01863354
0 0.64765625 0.14855072 0.0140625 0.01966873
0 0.58671875 0.13405797 0.009375 0.01345755
0 0.41875 0.13043478 0.021875 0.01863354
0 0.44570312 0.12111801 0.01171875 0.01242236
0 0.60859375 0.08592132 0.0140625 0.01242236
0 0.4875 0.06573498 0.0078125 0.01138716
0 0.63710937 0.05900621 0.01171875 0.01656314
0 0.36835937 0.03623188 0.01484375 0.01035196
0 0.575 0.02950310 0.0171875 0.02380952
0 0.4671875 0.00621118 0.0125 0.01242236
0 0.4046875 0.01190476 0.0078125 0.02380952