0 0.56445312 0.95703933 0.01328125 0.02173913
0 0.41835937 0.89906832 0.01640625 0.01966873
0 0.5390625 0.88405797 0.0203125 0.02070393
0 0.59257812 0.75414078 0.00859375 0.01966873
0 0.60273437 0.50207039 0.01484375 0.02070393
0 0.43164062 0.44668737 0.01484375 0.01552795
0 0.30664062 0.44254658 0.01796875 0.02587991
0 0.52773437 0.29192546 0.01796875 0.02898550
0 0.40585937 0.16821946 0.00859375 0.00931677
0 0.52382812 0.06832298 0.01953125 0.02691511
0 0.4234375 0.05434782 0.0203125 0.01759834