0 0.67304687 0.87318840 0.01796875 0.01759834
0 0.35820312 0.86128364 0.00703125 0.01242236
0 0.421875 0.85455486 0.0234375 0.03209109
0 0.31132812 0.84937888 0.02421875 0.02795031
0 0.54609375 0.82815734 0.015625 0.02070393
0 0.49609375 0.79347826 0.009375 0.01138716
0 0.31914062 0.75207039 0.01484375 0.02587991
0 0.57695312 0.73240165 0.00703125 0.01552795
0 0.6671875 0.70703933 0.01875 0.02484472
0 0.52148437 0.71118012 0.02578125 0.04968944
0 0.6546875 0.60869565 0.021875 0.03726708
0 0.3546875 0.52846790 0.0109375 0.01345755
0 0.61484375 0.35973084 0.009375 0.00931677
0 0.6203125 0.17391304 0.01875 0.01035196