0 0.62695312 0.97567287 0.01171875 0.01966873
0 0.68203125 0.95962732 0.021875 0.03105590
0 0.64648437 0.91666666 0.01484375 0.01966873
0 0.41796875 0.88768115 0.0171875 0.02173913
0 0.65742187 0.87888198 0.01328125 0.01656314
0 0.40664062 0.86490683 0.01640625 0.02380952
0 0.55 0.83902691 0.0390625 0.04658385
0 0.34726562 0.79503105 0.02421875 0.02277432
0 0.2953125 0.76449275 0.0140625 0.01759834
0 0.46992187 0.67391304 0.01328125 0.02484472
0 0.64257812 0.60766045 0.01484375 0.02277432
0 0.57851562 0.60300207 0.02109375 0.02587991
0 0.31132812 0.57505175 0.01484375 0.02587991
0 0.36601562 0.53416149 0.01171875 0.01656314
0 0.5921875 0.52846790 0.009375 0.01966873
0 0.446875 0.51449275 0.01875 0.02898550
0 0.46054687 0.48188405 0.01328125 0.02380952
0 0.65976562 0.47204968 0.02109375 0.02277432
0 0.58671875 0.42598343 0.0203125 0.02380952
0 0.37890625 0.39440993 0.0125 0.02070393
0 0.484375 0.31521739 0.015625 0.02173913
0 0.57070312 0.22929606 0.01796875 0.02587991
0 0.55976562 0.10559006 0.00703125 0.01863354
0 0.43242187 0.10610766 0.01484375 0.02173913
0 0.42109375 0.07867494 0.0109375 0.01656314
0 0.47851562 0.07194616 0.01171875 0.01759834
0 0.63945312 0.06314699 0.01171875 0.01656314
0 0.51796875 0.03260869 0.015625 0.02795031