0 0.53515625 0.95600414 0.0171875 0.02380952
0 0.65117187 0.95082815 0.01640625 0.01966873
0 0.4453125 0.93115942 0.0171875 0.02380952
0 0.5609375 0.92753623 0.0078125 0.02070393
0 0.47265625 0.92598343 0.0203125 0.01966873
0 0.54335937 0.90476190 0.01328125 0.01656314
0 0.48398437 0.89285714 0.01015625 0.01552795
0 0.47070312 0.87939958 0.01171875 0.01552795
0 0.45664062 0.87784679 0.01484375 0.01656314
0 0.4140625 0.85041407 0.0109375 0.01552795
0 0.47070312 0.84213250 0.01015625 0.01345755
0 0.3484375 0.83385093 0.0171875 0.02173913
0 0.63359375 0.82608695 0.0109375 0.01242236
0 0.45625 0.82608695 0.0125 0.02277432
0 0.48359375 0.82971014 0.009375 0.03209109
0 0.60351562 0.78933747 0.01484375 0.01552795
0 0.44648437 0.78105590 0.01328125 0.01759834
0 0.46289062 0.77277432 0.00703125 0.02587991
0 0.6265625 0.76966873 0.0171875 0.02587991
0 0.684375 0.76138716 0.0140625 0.02380952
0 0.4140625 0.76138716 0.0125 0.03209109
0 0.37109375 0.74275362 0.0109375 0.01552795
0 0.3171875 0.73188405 0.0109375 0.02484472
0 0.34140625 0.72360248 0.0109375 0.01656314
0 0.61601562 0.69824016 0.00859375 0.01345755
0 0.56679687 0.66977225 0.01015625 0.01242236
0 0.29648437 0.66614906 0.01640625 0.01345755
0 0.39335937 0.66304347 0.01484375 0.01552795
0 0.6125 0.65372670 0.0109375 0.01345755
0 0.64570312 0.64648033 0.00859375 0.01345755
0 0.42226562 0.64958592 0.01484375 0.01966873
0 0.5609375 0.64855072 0.0109375 0.01966873
0 0.40585937 0.64389233 0.01328125 0.01449275
0 0.51484375 0.64233954 0.0125 0.01552795
0 0.31914062 0.63716356 0.01328125 0.01552795
0 0.38828125 0.63354037 0.015625 0.01035196
0 0.42070312 0.63302277 0.01015625 0.01138716
0 0.30742187 0.61231884 0.01171875 0.01552795
0 0.50429687 0.58954451 0.00859375 0.01138716
0 0.2921875 0.57039337 0.0078125 0.01656314
0 0.490625 0.54399585 0.0171875 0.02173913
0 0.56757812 0.53830227 0.01171875 0.01242236
0 0.54570312 0.53830227 0.01015625 0.01449275
0 0.303125 0.52691511 0.0109375 0.01449275
0 0.45898437 0.51656314 0.01328125 0.01242236
0 0.31953125 0.51708074 0.0171875 0.02380952
0 0.39335937 0.51242236 0.02109375 0.02484472
0 0.6734375 0.50207039 0.0140625 0.01242236
0 0.50507812 0.49585921 0.01015625 0.01449275
0 0.47265625 0.47670807 0.0171875 0.02380952
0 0.55234375 0.45703933 0.0125 0.01552795
0 0.30507812 0.45755693 0.01171875 0.01656314
0 0.61015625 0.45445134 0.009375 0.01242236
0 0.29453125 0.44720496 0.0125 0.01656314
0 0.55625 0.41770186 0.0140625 0.01759834
0 0.60546875 0.40786749 0.0109375 0.01656314
0 0.53320312 0.37991718 0.00859375 0.01863354
0 0.4890625 0.37784679 0.0109375 0.01449275
0 0.40703125 0.36749482 0.0109375 0.01449275
0 0.62773437 0.35610766 0.02109375 0.02070393
0 0.51054687 0.31159420 0.00859375 0.01035196
0 0.61367187 0.30848861 0.01171875 0.01656314
0 0.45 0.30383022 0.009375 0.01345755
0 0.58046875 0.29347826 0.0171875 0.02380952
0 0.65039062 0.25362318 0.00859375 0.01035196
0 0.38359375 0.24327122 0.0109375 0.01449275
0 0.54101562 0.24120082 0.01171875 0.01242236
0 0.49804687 0.23188405 0.00859375 0.01035196
0 0.63671875 0.21635610 0.0125 0.01656314
0 0.39453125 0.21169772 0.01875 0.00931677
0 0.4546875 0.22049689 0.0078125 0.03105590
0 0.53554687 0.19668737 0.01015625 0.01656314
0 0.46328125 0.18892339 0.0171875 0.02380952
0 0.36523437 0.16407867 0.00859375 0.01966873
0 0.61367187 0.15320910 0.01328125 0.01449275
0 0.6 0.15320910 0.0078125 0.01656314
0 0.47890625 0.15372670 0.0125 0.01966873
0 0.5359375 0.13819875 0.0171875 0.01552795
0 0.4390625 0.14751552 0.0234375 0.06314699
0 0.64804687 0.10196687 0.01328125 0.01759834
0 0.50742187 0.08747412 0.01640625 0.01759834
0 0.55273437 0.07349896 0.00859375 0.02070393
0 0.63984375 0.06004140 0.0265625 0.03519668
0 0.60585937 0.04813664 0.01640625 0.01759834
0 0.68554687 0.04140786 0.01171875 0.01242236
0 0.29414062 0.03674948 0.00859375 0.01552795
0 0.42304687 0.01552795 0.01953125 0.01035196
0 0.50039062 0.00517598 0.01484375 0.01035196
0 0.46367187 0.00517598 0.01015625 0.01035196