0 0.47773437 0.96946169 0.02265625 0.01345755
0 0.446875 0.94875776 0.009375 0.01345755
0 0.58632812 0.91718426 0.00859375 0.01863354
0 0.52734375 0.91304347 0.0234375 0.01242236
0 0.33007812 0.90579710 0.01796875 0.03312629
0 0.51132812 0.89026915 0.01484375 0.01656314
0 0.4375 0.89751552 0.01875 0.04347826
0 0.48007812 0.88198757 0.01015625 0.01449275
0 0.46132812 0.88146997 0.00859375 0.01966873
0 0.67382812 0.87629399 0.01015625 0.01552795
0 0.51328125 0.86542443 0.0109375 0.02898550
0 0.58007812 0.84627329 0.01171875 0.01759834
0 0.41171875 0.82763975 0.0109375 0.01552795
0 0.490625 0.82039337 0.0171875 0.02380952
0 0.53515625 0.81935817 0.0171875 0.02380952
0 0.45976562 0.80279503 0.01953125 0.01345755
0 0.58515625 0.78726708 0.0140625 0.01552795
0 0.41054687 0.77743271 0.01328125 0.01242236
0 0.61601562 0.76966873 0.00859375 0.01552795
0 0.50625 0.76552795 0.0109375 0.01138716
0 0.57070312 0.75879917 0.01953125 0.02484472
0 0.39960937 0.75517598 0.01171875 0.01759834
0 0.59765625 0.74068322 0.0171875 0.02380952
0 0.35820312 0.73706004 0.02734375 0.02484472
0 0.55703125 0.68271221 0.009375 0.01552795
0 0.41640625 0.66666666 0.0203125 0.02691511
0 0.60195312 0.65683229 0.01171875 0.01552795
0 0.37070312 0.64544513 0.01171875 0.01552795
0 0.64375 0.61904761 0.0140625 0.02277432
0 0.621875 0.60196687 0.009375 0.01138716
0 0.51757812 0.58385093 0.01328125 0.01449275
0 0.5796875 0.58281573 0.0109375 0.01449275
0 0.325 0.57142857 0.0125 0.01656314
0 0.3953125 0.56107660 0.0125 0.01656314
0 0.57109375 0.54761904 0.0078125 0.01035196
0 0.33398437 0.54503105 0.01015625 0.01138716
0 0.64609375 0.54554865 0.009375 0.01656314
0 0.42890625 0.54813664 0.015625 0.02173913
0 0.41171875 0.53830227 0.01875 0.01242236
0 0.68476562 0.53623188 0.01171875 0.01656314
0 0.31054687 0.51604554 0.01171875 0.01138716
0 0.30585937 0.50310559 0.01484375 0.01035196
0 0.50273437 0.50621118 0.01328125 0.01863354
0 0.58710937 0.50155279 0.00859375 0.01138716
0 0.65234375 0.47929606 0.0140625 0.01035196
0 0.46171875 0.48033126 0.0109375 0.02277432
0 0.54414062 0.48395445 0.02421875 0.03416149
0 0.3625 0.46739130 0.0203125 0.01966873
0 0.68007812 0.46273291 0.01015625 0.01242236
0 0.29804687 0.46583850 0.01171875 0.02484472
0 0.66601562 0.45393374 0.01640625 0.01759834
0 0.634375 0.44668737 0.0078125 0.02173913
0 0.40546875 0.43426501 0.0109375 0.01552795
0 0.68632812 0.41718426 0.01171875 0.01656314
0 0.63242187 0.41407867 0.01015625 0.01449275
0 0.67460937 0.39130434 0.02109375 0.03105590
0 0.41289062 0.38043478 0.01796875 0.01552795
0 0.63125 0.38043478 0.0171875 0.02380952
0 0.60351562 0.37111801 0.01484375 0.01138716
0 0.64921875 0.35973084 0.0125 0.01552795
0 0.61914062 0.35093167 0.01328125 0.01449275
0 0.40390625 0.35559006 0.0171875 0.02380952
0 0.47929687 0.34627329 0.01015625 0.01138716
0 0.58125 0.32763975 0.009375 0.01138716
0 0.540625 0.31055900 0.0109375 0.01449275
0 0.44960937 0.30590062 0.01484375 0.01759834
0 0.47070312 0.26863354 0.02109375 0.02587991
0 0.34570312 0.24534161 0.00703125 0.01035196
0 0.515625 0.23913043 0.0140625 0.01242236
0 0.446875 0.23033126 0.009375 0.01345755
0 0.47734375 0.22722567 0.0125 0.01552795
0 0.36953125 0.21790890 0.0171875 0.02380952
0 0.48789062 0.20859213 0.01484375 0.01759834
0 0.57929687 0.20238095 0.01796875 0.01966873
0 0.47382812 0.18995859 0.01171875 0.01759834
0 0.42304687 0.17546583 0.01171875 0.01759834
0 0.58359375 0.16511387 0.0078125 0.01345755
0 0.43554687 0.15062111 0.01796875 0.02380952
0 0.56601562 0.14544513 0.01171875 0.01759834
0 0.53671875 0.13095238 0.00625 0.00931677
0 0.403125 0.10766045 0.009375 0.02070393
0 0.425 0.10766045 0.0078125 0.02484472
0 0.60039062 0.08022774 0.01171875 0.01552795
0 0.60117187 0.05900621 0.01015625 0.01449275
0 0.56992187 0.03933747 0.01171875 0.01035196
0 0.32109375 0.03519668 0.0171875 0.01863354
0 0.41835937 0.02639751 0.01640625 0.01552795
0 0.61132812 0.01242236 0.01640625 0.01449275
0 0.40546875 0.01552795 0.0125 0.02898550
0 0.68632812 0.00776397 0.01484375 0.01552795