0 0.296875 0.94202898 0.015625 0.02691511
0 0.5390625 0.91097308 0.0125 0.02070393
0 0.60976562 0.89492753 0.01640625 0.01759834
0 0.50507812 0.87370600 0.00859375 0.01656314
0 0.67226562 0.84730848 0.02109375 0.03002070
0 0.60546875 0.81262939 0.015625 0.01449275
0 0.5890625 0.77743271 0.0125 0.01449275
0 0.4109375 0.75828157 0.015625 0.01759834
0 0.32226562 0.73447204 0.02421875 0.03416149
0 0.48632812 0.71739130 0.01796875 0.02277432
0 0.32382812 0.53209109 0.01796875 0.02898550
0 0.41914062 0.43737060 0.01640625 0.02173913
0 0.54492187 0.43737060 0.01796875 0.03002070
0 0.55117187 0.33281573 0.01328125 0.01759834
0 0.61875 0.29296066 0.0140625 0.01656314
0 0.62695312 0.24482401 0.01328125 0.01759834
0 0.42109375 0.15010351 0.015625 0.02484472
0 0.40078125 0.11904761 0.015625 0.02070393
0 0.49648437 0.11076604 0.02734375 0.02070393
0 0.50351562 0.08695652 0.01640625 0.02484472