0 0.66054687 0.98550724 0.00703125 0.01035196
0 0.28671875 0.94254658 0.015625 0.02380952
0 0.48242187 0.92546583 0.00859375 0.01242236
0 0.54257812 0.89596273 0.00859375 0.01345755
0 0.51640625 0.88457556 0.0109375 0.01345755
0 0.471875 0.86904761 0.0109375 0.00931677
0 0.46132812 0.85817805 0.01015625 0.01449275
0 0.31523437 0.85144927 0.00703125 0.01345755
0 0.67421875 0.83488612 0.0109375 0.01345755
0 0.39257812 0.83333333 0.01171875 0.01242236
0 0.5078125 0.82608695 0.0078125 0.01242236
0 0.38007812 0.82660455 0.01171875 0.01552795
0 0.49609375 0.81832298 0.0140625 0.01138716
0 0.63671875 0.81418219 0.0171875 0.02380952
0 0.55742187 0.80538302 0.01328125 0.01449275
0 0.5796875 0.80434782 0.0109375 0.01449275
0 0.60390625 0.80383022 0.0171875 0.02380952
0 0.62578125 0.79658385 0.0109375 0.01552795
0 0.3671875 0.78105590 0.0171875 0.02380952
0 0.39296875 0.74275362 0.015625 0.01966873
0 0.41523437 0.73861283 0.00703125 0.01345755
0 0.590625 0.73447204 0.0171875 0.02380952
0 0.67148437 0.71687370 0.01328125 0.01552795
0 0.65 0.70859213 0.0125 0.01759834
0 0.30039062 0.69979296 0.02421875 0.01035196
0 0.30625 0.68271221 0.0140625 0.01759834
0 0.35351562 0.67598343 0.01015625 0.02898550
0 0.60507812 0.66511387 0.01328125 0.01552795
0 0.58945312 0.66356107 0.01328125 0.01863354
0 0.49765625 0.65527950 0.0078125 0.01656314
0 0.42539062 0.64958592 0.01328125 0.01552795
0 0.40078125 0.61542443 0.0125 0.01552795
0 0.55703125 0.59937888 0.009375 0.02277432
0 0.61328125 0.59368530 0.0140625 0.01759834
0 0.31679687 0.59161490 0.00859375 0.01345755
0 0.29570312 0.58540372 0.01171875 0.01552795
0 0.34296875 0.58281573 0.0140625 0.01449275
0 0.47109375 0.58074534 0.009375 0.01449275
0 0.59023437 0.55331262 0.01015625 0.01345755
0 0.39375 0.55590062 0.0140625 0.01863354
0 0.4125 0.54554865 0.0109375 0.01863354
0 0.67929687 0.54761904 0.01796875 0.03726708
0 0.63632812 0.53467908 0.01484375 0.02173913
0 0.43398437 0.52432712 0.01015625 0.01138716
0 0.45742187 0.49948240 0.01328125 0.01552795
0 0.31210937 0.48913043 0.01328125 0.01552795
0 0.53164062 0.48395445 0.01171875 0.01345755
0 0.49570312 0.47256728 0.01171875 0.01552795
0 0.5828125 0.46532091 0.0109375 0.01552795
0 0.60273437 0.44979296 0.01328125 0.01552795
0 0.46953125 0.44668737 0.0171875 0.01138716
0 0.58671875 0.44202898 0.0140625 0.01656314
0 0.6828125 0.43685300 0.0109375 0.01449275
0 0.65351562 0.43322981 0.00859375 0.01345755
0 0.54257812 0.43271221 0.01328125 0.01656314
0 0.38125 0.42650103 0.0171875 0.01449275
0 0.55585937 0.42287784 0.01171875 0.01345755
0 0.49375 0.42236024 0.0078125 0.01449275
0 0.46054687 0.38250517 0.01171875 0.01138716
0 0.43554687 0.38354037 0.01484375 0.02795031
0 0.6265625 0.37163561 0.0109375 0.02070393
0 0.60820312 0.36490683 0.01953125 0.02173913
0 0.6390625 0.34989648 0.0140625 0.03312629
0 0.37226562 0.34006211 0.01171875 0.01345755
0 0.5625 0.33385093 0.0109375 0.01345755
0 0.38984375 0.32763975 0.015625 0.01966873
0 0.60429687 0.30331262 0.01015625 0.01449275
0 0.35859375 0.30279503 0.0171875 0.02380952
0 0.46445312 0.28726708 0.01015625 0.01345755
0 0.60703125 0.27587991 0.0078125 0.00931677
0 0.5359375 0.27225672 0.009375 0.01449275
0 0.45546875 0.26501035 0.015625 0.01035196
0 0.33984375 0.24585921 0.0109375 0.01345755
0 0.39257812 0.23913043 0.01171875 0.01656314
0 0.6265625 0.22153209 0.0109375 0.02070393
0 0.46875 0.20807453 0.0140625 0.01656314
0 0.33828125 0.17805383 0.0125 0.02070393
0 0.559375 0.15786749 0.0109375 0.01345755
0 0.440625 0.14233954 0.009375 0.01966873
0 0.4796875 0.10817805 0.0171875 0.02380952
0 0.55429687 0.10196687 0.01640625 0.02173913
0 0.60117187 0.08540372 0.01796875 0.02380952
0 0.565625 0.08281573 0.0125 0.01863354
0 0.371875 0.08074534 0.0140625 0.01449275
0 0.503125 0.07505175 0.0078125 0.02173913
0 0.39140625 0.07246376 0.0171875 0.02070393
0 0.49726562 0.04037267 0.00859375 0.01035196
0 0.46484375 0.03053830 0.025 0.01759834
0 0.690625 0.02950310 0.0171875 0.02380952
0 0.32421875 0.02950310 0.0171875 0.02380952
0 0.38515625 0.01863354 0.0125 0.01035196
0 0.50195312 0.01966873 0.01953125 0.01449275