0 0.5015625 0.98033126 0.0078125 0.01242236
0 0.44765625 0.97308488 0.009375 0.01035196
0 0.4046875 0.93633540 0.0109375 0.01345755
0 0.3140625 0.93426501 0.0140625 0.01345755
0 0.490625 0.89130434 0.0109375 0.00828157
0 0.45898437 0.89026915 0.01015625 0.01242236
0 0.30585937 0.88095238 0.01484375 0.01656314
0 0.33515625 0.87318840 0.0109375 0.01345755
0 0.43515625 0.86749482 0.009375 0.01863354
0 0.6515625 0.84575569 0.0125 0.01449275
0 0.3921875 0.84420289 0.0171875 0.02380952
0 0.4140625 0.83488612 0.0109375 0.01138716
0 0.29726562 0.83436853 0.01796875 0.01449275
0 0.5015625 0.83229813 0.0078125 0.01242236
0 0.51914062 0.81418219 0.01171875 0.01759834
0 0.66992187 0.77329192 0.01640625 0.01449275
0 0.37695312 0.77277432 0.01796875 0.01552795
0 0.3390625 0.77277432 0.0125 0.02173913
0 0.49609375 0.76397515 0.009375 0.01242236
0 0.42421875 0.75828157 0.0109375 0.01345755
0 0.65742187 0.74844720 0.01171875 0.01449275
0 0.35859375 0.75155279 0.0171875 0.02277432
0 0.33359375 0.75 0.0140625 0.02173913
0 0.57265625 0.74689440 0.0171875 0.02380952
0 0.34453125 0.73861283 0.009375 0.01138716
0 0.63671875 0.73550724 0.0125 0.01552795
0 0.41484375 0.73654244 0.0171875 0.02380952
0 0.6625 0.72049689 0.0109375 0.01863354
0 0.4765625 0.71739130 0.0125 0.01449275
0 0.55859375 0.69202898 0.0109375 0.01138716
0 0.63867187 0.68426501 0.01171875 0.01242236
0 0.42226562 0.68374741 0.01171875 0.01552795
0 0.45664062 0.68219461 0.01328125 0.01449275
0 0.6171875 0.68271221 0.0171875 0.02173913
0 0.64921875 0.67132505 0.0109375 0.01345755
0 0.34101562 0.66873706 0.01328125 0.01656314
0 0.55820312 0.65993788 0.00859375 0.01138716
0 0.30625 0.64337474 0.0171875 0.02380952
0 0.56640625 0.63819875 0.0125 0.01552795
0 0.375 0.63146997 0.0109375 0.01863354
0 0.31484375 0.56625258 0.0140625 0.02277432
0 0.303125 0.55486542 0.0125 0.01863354
0 0.43320312 0.52484472 0.01328125 0.01242236
0 0.5953125 0.52484472 0.0078125 0.01449275
0 0.56679687 0.51811594 0.01328125 0.00931677
0 0.5796875 0.50465838 0.0109375 0.01552795
0 0.29335937 0.5 0.01015625 0.01035196
0 0.51679687 0.48913043 0.01171875 0.01345755
0 0.36914062 0.48706004 0.01171875 0.01552795
0 0.4515625 0.47877846 0.0109375 0.01345755
0 0.6375 0.47360248 0.0296875 0.02380952
0 0.48867187 0.44927536 0.01015625 0.01449275
0 0.55585937 0.39855072 0.01484375 0.01035196
0 0.53359375 0.38664596 0.009375 0.01345755
0 0.6703125 0.38250517 0.021875 0.01345755
0 0.6390625 0.38768115 0.0171875 0.02380952
0 0.54921875 0.36904761 0.0125 0.03002070
0 0.48320312 0.35973084 0.01796875 0.02795031
0 0.48632812 0.33126293 0.01015625 0.01035196
0 0.62460937 0.32505175 0.01015625 0.01449275
0 0.4109375 0.32505175 0.028125 0.01656314
0 0.396875 0.31677018 0.0203125 0.01449275
0 0.509375 0.31832298 0.0140625 0.03002070
0 0.55117187 0.30590062 0.01015625 0.01552795
0 0.59765625 0.30020703 0.0109375 0.01656314
0 0.42695312 0.29761904 0.01171875 0.01759834
0 0.39609375 0.29244306 0.0109375 0.01345755
0 0.353125 0.29451345 0.0171875 0.02380952
0 0.61601562 0.28260869 0.00703125 0.03105590
0 0.5453125 0.26656314 0.0109375 0.01138716
0 0.64648437 0.27173913 0.01171875 0.02795031
0 0.4890625 0.26656314 0.0171875 0.02380952
0 0.609375 0.25724637 0.0234375 0.01966873
0 0.52695312 0.22826086 0.01171875 0.01138716
0 0.359375 0.22877846 0.0125 0.01656314
0 0.51015625 0.21532091 0.0109375 0.01242236
0 0.38398437 0.20341614 0.01328125 0.01138716
0 0.40859375 0.19513457 0.0125 0.03002070
0 0.57148437 0.18737060 0.01015625 0.01656314
0 0.515625 0.16925465 0.0125 0.01345755
0 0.46054687 0.16459627 0.01171875 0.01449275
0 0.43789062 0.15890269 0.00703125 0.00931677
0 0.39453125 0.16407867 0.0171875 0.02380952
0 0.40859375 0.13716356 0.01875 0.01759834
0 0.3875 0.12784679 0.0171875 0.02380952
0 0.440625 0.12525879 0.0125 0.02691511
0 0.6109375 0.11387163 0.0171875 0.01035196
0 0.53125 0.09679089 0.0125 0.01759834
0 0.62929687 0.08178053 0.02421875 0.02277432
0 0.40625 0.07660455 0.0171875 0.02277432
0 0.33398437 0.06262939 0.01171875 0.01345755
0 0.42109375 0.04658385 0.025 0.02898550
0 0.61992187 0.01086956 0.01015625 0.00931677