0 0.3578125 0.95186335 0.0078125 0.01345755
0 0.45703125 0.92184265 0.0203125 0.00724637
0 0.56328125 0.89130434 0.0140625 0.01656314
0 0.42148437 0.82505175 0.02265625 0.03105590
0 0.53007812 0.81521739 0.01796875 0.02380952
0 0.35742187 0.64958592 0.01328125 0.01966873
0 0.6828125 0.63095238 0.0109375 0.01138716
0 0.38867187 0.57246376 0.01171875 0.01656314
0 0.66953125 0.53467908 0.025 0.04037267
0 0.39765625 0.50414078 0.0125 0.01656314
0 0.31757812 0.5 0.01953125 0.01863354
0 0.47890625 0.49585921 0.0234375 0.02484472
0 0.53320312 0.49327122 0.01796875 0.02380952
0 0.47890625 0.46997929 0.0234375 0.02484472
0 0.5875 0.45548654 0.025 0.02484472
0 0.39765625 0.43271221 0.021875 0.02484472
0 0.6859375 0.39803312 0.0125 0.02380952
0 0.4203125 0.31469979 0.0171875 0.01656314
0 0.33164062 0.30952380 0.01171875 0.01863354
0 0.64960937 0.29347826 0.01015625 0.02173913
0 0.41210937 0.29037267 0.01640625 0.02380952
0 0.60820312 0.23809523 0.01328125 0.01656314
0 0.4953125 0.20445134 0.009375 0.01552795
0 0.44257812 0.20755693 0.02109375 0.03209109
0 0.478125 0.19772256 0.015625 0.01863354
0 0.46914062 0.09316770 0.00703125 0.01656314
0 0.33476562 0.05952380 0.01328125 0.02587991