0 0.43984375 0.89130434 0.01875 0.02484472
0 0.67109375 0.86801242 0.0203125 0.03623188
0 0.3171875 0.75258799 0.0203125 0.03726708
0 0.39140625 0.73964803 0.01875 0.02173913
0 0.40976562 0.74171842 0.01640625 0.04037267
0 0.56367187 0.71066252 0.01640625 0.02795031
0 0.36601562 0.53571428 0.02734375 0.01759834
0 0.46367187 0.52380952 0.02890625 0.02691511
0 0.59570312 0.52070393 0.02421875 0.07039337
0 0.46445312 0.48136645 0.01484375 0.02277432
0 0.51210937 0.48240165 0.05859375 0.04347826
0 0.584375 0.43167701 0.0421875 0.04140786
0 0.45742187 0.42443064 0.01640625 0.03105590
0 0.61757812 0.32815734 0.01640625 0.02484472
0 0.39492187 0.32349896 0.01640625 0.01552795
0 0.48476562 0.31728778 0.03046875 0.02173913
0 0.59453125 0.29606625 0.021875 0.04554865
0 0.45039062 0.24120082 0.01484375 0.02484472