0 0.34335937 0.96739130 0.02890625 0.02173913
0 0.50117187 0.95393374 0.00703125 0.00931677
0 0.42265625 0.93271221 0.0125 0.02691511
0 0.64453125 0.90372670 0.0078125 0.00828157
0 0.32148437 0.90424430 0.01015625 0.01552795
0 0.48789062 0.89751552 0.01015625 0.01242236
0 0.51054687 0.88819875 0.01015625 0.01449275
0 0.6 0.88405797 0.0109375 0.01449275
0 0.65859375 0.88146997 0.0171875 0.02380952
0 0.39960937 0.87422360 0.01328125 0.01966873
0 0.434375 0.85403726 0.009375 0.01242236
0 0.55820312 0.84523809 0.01796875 0.03416149
0 0.67265625 0.83488612 0.015625 0.01759834
0 0.48085937 0.80745341 0.01328125 0.01242236
0 0.60703125 0.80538302 0.0109375 0.01449275
0 0.390625 0.79761904 0.0171875 0.02380952
0 0.45195312 0.79140786 0.01015625 0.01552795
0 0.57421875 0.76293995 0.0140625 0.02691511
0 0.5140625 0.71946169 0.009375 0.01656314
0 0.37851562 0.72153209 0.01015625 0.02691511
0 0.66523437 0.70289855 0.01171875 0.01656314
0 0.31875 0.70238095 0.0171875 0.02380952
0 0.3484375 0.69668737 0.0078125 0.02277432
0 0.39726562 0.68995859 0.01328125 0.02380952
0 0.46210937 0.68530020 0.01328125 0.01656314
0 0.64648437 0.68012422 0.01953125 0.02898550
0 0.57265625 0.67339544 0.0125 0.02380952
0 0.58789062 0.66511387 0.01015625 0.01552795
0 0.43515625 0.65476190 0.009375 0.00931677
0 0.62578125 0.63457556 0.0125 0.01656314
0 0.421875 0.63405797 0.0140625 0.01759834
0 0.29257812 0.62836438 0.00859375 0.01242236
0 0.43789062 0.62732919 0.01328125 0.01242236
0 0.45625 0.62784679 0.0171875 0.02380952
0 0.3765625 0.61231884 0.0109375 0.01552795
0 0.46796875 0.60144927 0.0125 0.01656314
0 0.59375 0.59472049 0.0140625 0.01966873
0 0.51679687 0.58695652 0.01171875 0.01242236
0 0.52265625 0.56677018 0.0109375 0.01345755
0 0.41601562 0.56004140 0.01015625 0.02070393
0 0.54570312 0.55175983 0.01171875 0.01449275
0 0.59414062 0.54037267 0.00859375 0.01242236
0 0.43515625 0.51708074 0.0109375 0.01345755
0 0.4 0.51604554 0.009375 0.01552795
0 0.31640625 0.51811594 0.0171875 0.02380952
0 0.63085937 0.51293995 0.01796875 0.02173913
0 0.3765625 0.48964803 0.0109375 0.01449275
0 0.63359375 0.42598343 0.015625 0.01552795
0 0.3859375 0.42391304 0.0171875 0.02380952
0 0.32109375 0.39751552 0.0234375 0.01242236
0 0.65898437 0.39233954 0.01484375 0.02070393
0 0.35507812 0.38302277 0.01328125 0.01863354
0 0.50351562 0.38146997 0.01484375 0.01759834
0 0.63203125 0.36438923 0.0078125 0.01656314
0 0.59765625 0.36490683 0.0171875 0.02380952
0 0.4890625 0.34834368 0.0109375 0.01138716
0 0.61992187 0.34161490 0.01171875 0.01242236
0 0.5171875 0.33747412 0.0140625 0.01242236
0 0.5453125 0.33385093 0.021875 0.02795031
0 0.36171875 0.31107660 0.01875 0.01345755
0 0.47890625 0.29192546 0.0109375 0.01242236
0 0.50976562 0.28519668 0.01171875 0.02173913
0 0.434375 0.28519668 0.0171875 0.02380952
0 0.49570312 0.26345755 0.01171875 0.01138716
0 0.34453125 0.26966873 0.015625 0.02380952
0 0.5359375 0.24585921 0.009375 0.01138716
0 0.48046875 0.24275362 0.0140625 0.01759834
0 0.56054687 0.23136645 0.01171875 0.01552795
0 0.3390625 0.20289855 0.0234375 0.02277432
0 0.50351562 0.19979296 0.01953125 0.02277432
0 0.41875 0.18530020 0.0125 0.01242236
0 0.3828125 0.18995859 0.0171875 0.02380952
0 0.62304687 0.18426501 0.01171875 0.01449275
0 0.55234375 0.18064182 0.0171875 0.02380952
0 0.64609375 0.16407867 0.0171875 0.01759834
0 0.6265625 0.14906832 0.0203125 0.01035196
0 0.36914062 0.14440993 0.01015625 0.00931677
0 0.34882812 0.15010351 0.02734375 0.02277432
0 0.5765625 0.13405797 0.009375 0.01345755
0 0.4546875 0.11853002 0.0171875 0.02380952
0 0.35664062 0.10817805 0.01015625 0.01138716
0 0.63359375 0.08385093 0.0109375 0.01863354
0 0.41601562 0.08540372 0.01640625 0.02380952
0 0.46054687 0.08695652 0.01171875 0.02898550
0 0.5703125 0.06728778 0.0125 0.01449275
0 0.5140625 0.05797101 0.0109375 0.02484472
0 0.3890625 0.03260869 0.0125 0.01138716
0 0.3171875 0.03364389 0.0125 0.02173913
0 0.653125 0.02846790 0.0171875 0.02380952
0 0.69375 0.02587991 0.0078125 0.02070393