0 0.38867187 0.99482401 0.00703125 0.01035196
0 0.40546875 0.99275362 0.0140625 0.01449275
0 0.38398437 0.96428571 0.01015625 0.01345755
0 0.51679687 0.95341614 0.01171875 0.01035196
0 0.3390625 0.95289855 0.0171875 0.02380952
0 0.64609375 0.92753623 0.0125 0.01242236
0 0.68632812 0.91718426 0.01328125 0.01449275
0 0.6484375 0.90476190 0.0171875 0.02070393
0 0.30273437 0.90062111 0.01328125 0.01242236
0 0.37304687 0.88405797 0.02265625 0.01035196
0 0.67382812 0.88354037 0.00859375 0.01138716
0 0.34296875 0.88716356 0.0109375 0.01863354
0 0.51289062 0.88509316 0.01171875 0.01656314
0 0.44179687 0.88975155 0.01484375 0.02587991
0 0.4453125 0.86853002 0.0171875 0.01449275
0 0.340625 0.86645962 0.0140625 0.01863354
0 0.59140625 0.81469979 0.0078125 0.01035196
0 0.53984375 0.80124223 0.0125 0.01656314
0 0.38007812 0.79244306 0.01328125 0.03002070
0 0.3 0.78364389 0.015625 0.01242236
0 0.33945312 0.78364389 0.01484375 0.02070393
0 0.48945312 0.78053830 0.01484375 0.03519668
0 0.40117187 0.76138716 0.01171875 0.01552795
0 0.61015625 0.75310559 0.009375 0.01345755
0 0.43828125 0.75207039 0.0171875 0.02380952
0 0.40664062 0.74327122 0.00859375 0.01449275
0 0.6375 0.73395445 0.009375 0.01242236
0 0.30429687 0.72101449 0.01171875 0.01552795
0 0.37539062 0.71325051 0.01171875 0.01656314
0 0.57304687 0.70238095 0.00859375 0.01345755
0 0.60351562 0.69151138 0.00859375 0.01242236
0 0.48242187 0.68581780 0.01328125 0.01552795
0 0.34765625 0.68685300 0.0078125 0.02173913
0 0.51796875 0.67960662 0.0140625 0.01759834
0 0.4625 0.65217391 0.0078125 0.02277432
0 0.43007812 0.64337474 0.01015625 0.01138716
0 0.57109375 0.64492753 0.0078125 0.01656314
0 0.55585937 0.64285714 0.01328125 0.01656314
0 0.29453125 0.63975155 0.0125 0.02070393
0 0.32695312 0.63198757 0.01640625 0.01138716
0 0.55898437 0.61335403 0.00859375 0.01345755
0 0.37382812 0.61283643 0.01015625 0.02070393
0 0.34765625 0.60351966 0.0125 0.01242236
0 0.39414062 0.59057971 0.00859375 0.01552795
0 0.30078125 0.58022774 0.009375 0.01759834
0 0.65976562 0.57401656 0.01015625 0.01345755
0 0.36523437 0.56418219 0.01171875 0.01449275
0 0.49492187 0.56780538 0.01953125 0.03209109
0 0.57617187 0.55383022 0.00859375 0.01656314
0 0.45234375 0.55434782 0.0171875 0.02380952
0 0.56367187 0.54296066 0.01171875 0.01345755
0 0.66367187 0.54244306 0.01171875 0.01656314
0 0.37773437 0.53053830 0.01171875 0.01345755
0 0.52851562 0.51604554 0.01484375 0.01759834
0 0.34882812 0.51449275 0.01171875 0.01656314
0 0.45898437 0.50569358 0.01328125 0.01552795
0 0.43828125 0.50983436 0.0171875 0.02380952
0 0.34375 0.49378881 0.0125 0.01656314
0 0.4671875 0.48861283 0.015625 0.01656314
0 0.66835937 0.48757763 0.01328125 0.01656314
0 0.51367187 0.47670807 0.01015625 0.01759834
0 0.55859375 0.46635610 0.0203125 0.01966873
0 0.421875 0.44151138 0.0109375 0.03002070
0 0.46523437 0.42598343 0.01171875 0.01759834
0 0.34335937 0.41873706 0.01015625 0.01138716
0 0.39609375 0.41407867 0.0109375 0.01656314
0 0.3625 0.41873706 0.0265625 0.03416149
0 0.540625 0.37836438 0.0078125 0.01138716
0 0.35234375 0.36180124 0.0171875 0.02380952
0 0.56953125 0.34472049 0.0125 0.01656314
0 0.64960937 0.32660455 0.01015625 0.01552795
0 0.59414062 0.31418219 0.01015625 0.01345755
0 0.48671875 0.29813664 0.009375 0.01656314
0 0.56523437 0.29658385 0.01015625 0.01552795
0 0.36445312 0.29503105 0.01796875 0.02484472
0 0.5453125 0.28623188 0.0171875 0.02380952
0 0.528125 0.28053830 0.0125 0.01242236
0 0.63164062 0.24120082 0.02421875 0.01863354
0 0.35546875 0.22722567 0.0140625 0.01759834
0 0.4125 0.22619047 0.0171875 0.02380952
0 0.503125 0.21014492 0.0109375 0.01242236
0 0.47695312 0.21325051 0.01328125 0.02070393
0 0.56757812 0.18788819 0.01015625 0.01345755
0 0.64257812 0.16252587 0.01015625 0.01449275
0 0.44804687 0.15320910 0.01171875 0.01656314
0 0.54648437 0.14182194 0.01328125 0.01449275
0 0.40351562 0.11956521 0.01015625 0.01552795
0 0.52539062 0.09679089 0.01484375 0.01138716
0 0.378125 0.10196687 0.0125 0.03830227
0 0.30820312 0.03364389 0.01640625 0.01138716
0 0.5984375 0.02380952 0.015625 0.01449275
0 0.53320312 0.01449275 0.01328125 0.01035196
0 0.52265625 0.00465838 0.0125 0.00931677