0 0.515625 0.96997929 0.0078125 0.01035196
0 0.490625 0.92339544 0.0125 0.01656314
0 0.39375 0.92080745 0.0203125 0.01552795
0 0.64296875 0.92391304 0.0171875 0.02380952
0 0.32617187 0.90165631 0.01015625 0.01656314
0 0.565625 0.90010351 0.009375 0.01552795
0 0.53984375 0.90631469 0.01875 0.03416149
0 0.409375 0.89440993 0.0125 0.01449275
0 0.49023437 0.89026915 0.00703125 0.01035196
0 0.43359375 0.88871635 0.009375 0.01345755
0 0.5640625 0.88302277 0.0109375 0.01449275
0 0.50976562 0.88146997 0.01796875 0.01345755
0 0.5921875 0.87370600 0.0234375 0.01449275
0 0.63867187 0.87060041 0.00703125 0.01242236
0 0.309375 0.86542443 0.0140625 0.01035196
0 0.4484375 0.85196687 0.0140625 0.01656314
0 0.48125 0.83488612 0.0171875 0.02380952
0 0.62851562 0.82505175 0.00703125 0.01449275
0 0.41328125 0.82815734 0.025 0.02691511
0 0.43671875 0.80797101 0.009375 0.01138716
0 0.39648437 0.78105590 0.01328125 0.01345755
0 0.56328125 0.78002070 0.0171875 0.02380952
0 0.646875 0.78002070 0.015625 0.02587991
0 0.428125 0.77122153 0.0125 0.01242236
0 0.62539062 0.75672877 0.00859375 0.01449275
0 0.4796875 0.74585921 0.01875 0.01759834
0 0.38203125 0.74948240 0.034375 0.02898550
0 0.6578125 0.73550724 0.0078125 0.01138716
0 0.62148437 0.71273291 0.01171875 0.01552795
0 0.440625 0.68012422 0.0125 0.01242236
0 0.35546875 0.66407867 0.0125 0.01138716
0 0.62929687 0.66407867 0.01328125 0.01552795
0 0.33867187 0.65424430 0.00859375 0.01242236
0 0.465625 0.64751552 0.009375 0.01345755
0 0.59140625 0.64906832 0.0171875 0.01863354
0 0.44921875 0.65062111 0.0171875 0.02380952
0 0.29921875 0.63302277 0.015625 0.01966873
0 0.39179687 0.62681159 0.00703125 0.01552795
0 0.34375 0.62732919 0.009375 0.03105590
0 0.37109375 0.62008281 0.0109375 0.01863354
0 0.31640625 0.59989648 0.0109375 0.01345755
0 0.59804687 0.59627329 0.01484375 0.01863354
0 0.67070312 0.57763975 0.01171875 0.01656314
0 0.37578125 0.54761904 0.009375 0.01656314
0 0.4953125 0.54606625 0.0125 0.01552795
0 0.415625 0.54347826 0.009375 0.01449275
0 0.665625 0.53623188 0.0078125 0.02484472
0 0.49179687 0.52639751 0.01015625 0.01345755
0 0.34414062 0.51604554 0.00859375 0.01759834
0 0.38554687 0.51449275 0.01171875 0.01656314
0 0.4765625 0.50155279 0.0078125 0.01345755
0 0.4296875 0.49948240 0.0109375 0.01138716
0 0.31132812 0.49430641 0.00859375 0.02173913
0 0.33867187 0.45600414 0.01328125 0.01759834
0 0.55898437 0.45496894 0.01328125 0.01759834
0 0.41328125 0.44151138 0.015625 0.01345755
0 0.57148437 0.41770186 0.01015625 0.01966873
0 0.51484375 0.41925465 0.0109375 0.02484472
0 0.30820312 0.41459627 0.02265625 0.01552795
0 0.6625 0.41045548 0.0125 0.01552795
0 0.54335937 0.39078674 0.01015625 0.01345755
0 0.375 0.39078674 0.0140625 0.01345755
0 0.53789062 0.37525879 0.01171875 0.01552795
0 0.55078125 0.37215320 0.0078125 0.01552795
0 0.51484375 0.35196687 0.0125 0.01035196
0 0.47578125 0.34937888 0.0171875 0.02380952
0 0.56328125 0.32919254 0.0109375 0.01449275
0 0.37773437 0.32246376 0.01484375 0.01966873
0 0.64648437 0.31107660 0.01328125 0.01759834
0 0.50859375 0.28002070 0.0109375 0.02173913
0 0.584375 0.26449275 0.0109375 0.01345755
0 0.59570312 0.23964803 0.01484375 0.01345755
0 0.37421875 0.23706004 0.015625 0.01863354
0 0.54804687 0.23240165 0.01328125 0.02380952
0 0.42070312 0.21946169 0.01328125 0.02691511
0 0.46914062 0.19772256 0.01328125 0.03105590
0 0.36210937 0.16563146 0.01328125 0.01656314
0 0.55898437 0.14440993 0.01796875 0.01759834
0 0.36953125 0.14440993 0.0171875 0.02173913
0 0.4 0.12577639 0.009375 0.01345755
0 0.5765625 0.10196687 0.015625 0.01759834
0 0.41210937 0.08229813 0.01484375 0.02173913
0 0.64765625 0.07453416 0.0140625 0.01242236
0 0.628125 0.06728778 0.01875 0.01656314
0 0.5953125 0.05641821 0.0171875 0.02380952
0 0.60507812 0.03519668 0.01015625 0.01242236
0 0.41210937 0.03623188 0.01484375 0.02070393
0 0.66445312 0.03571428 0.01484375 0.02380952
0 0.29648437 0.03105590 0.01953125 0.02484472
0 0.6328125 0.01915113 0.01875 0.01138716