0 0.67929687 0.93115942 0.01015625 0.01345755
0 0.40898437 0.89751552 0.01328125 0.02070393
0 0.43320312 0.88871635 0.01484375 0.01966873
0 0.44140625 0.77122153 0.01875 0.01035196
0 0.55390625 0.76242236 0.021875 0.02795031
0 0.52382812 0.74948240 0.01484375 0.01656314
0 0.61210937 0.74585921 0.01640625 0.01138716
0 0.44453125 0.68322981 0.0203125 0.02070393
0 0.32382812 0.67908902 0.01484375 0.01449275
0 0.49726562 0.65527950 0.01484375 0.01656314
0 0.415625 0.63716356 0.028125 0.02173913
0 0.29453125 0.62991718 0.0109375 0.02587991
0 0.50742187 0.55279503 0.01171875 0.01863354
0 0.48085937 0.53002070 0.01640625 0.01863354
0 0.33125 0.49223602 0.0171875 0.01966873
0 0.4109375 0.48447204 0.0203125 0.01656314
0 0.38320312 0.40631469 0.01640625 0.02173913
0 0.66757812 0.37629399 0.01640625 0.01966873
0 0.428125 0.28623188 0.015625 0.02173913
0 0.48515625 0.24534161 0.0125 0.02277432
0 0.56757812 0.21014492 0.01328125 0.01656314
0 0.33476562 0.10921325 0.01640625 0.01966873
0 0.61445312 0.01293995 0.01015625 0.00931677
0 0.5125 0.01345755 0.0109375 0.01656314