0 0.39375 0.87681159 0.0171875 0.02070393
0 0.3234375 0.86490683 0.0109375 0.02173913
0 0.6390625 0.86283643 0.01875 0.02380952
0 0.40976562 0.84886128 0.01640625 0.03105590
0 0.33359375 0.78571428 0.015625 0.04968944
0 0.58789062 0.71997929 0.01640625 0.01966873
0 0.63398437 0.71118012 0.01484375 0.01449275
0 0.64570312 0.64803312 0.01953125 0.02691511
0 0.3296875 0.54658385 0.01875 0.02277432
0 0.40703125 0.51552795 0.0203125 0.02691511
0 0.5109375 0.50672877 0.0140625 0.01966873
0 0.59804687 0.32815734 0.01640625 0.02484472
0 0.50820312 0.28571428 0.01640625 0.01656314
0 0.51484375 0.24171842 0.0109375 0.02380952
0 0.62421875 0.22826086 0.0171875 0.02795031
0 0.52929687 0.22412008 0.01484375 0.02380952
0 0.55507812 0.19151138 0.01640625 0.02277432
0 0.346875 0.11231884 0.0203125 0.02587991
0 0.59921875 0.07971014 0.0140625 0.05175983