0 0.64609375 0.88509316 0.0375 0.04140786
0 0.584375 0.84316770 0.0203125 0.02795031
0 0.59492187 0.81469979 0.01640625 0.01449275
0 0.49921875 0.80124223 0.0234375 0.02070393
0 0.3171875 0.79347826 0.0203125 0.02795031
0 0.49921875 0.76708074 0.0234375 0.02277432
0 0.35820312 0.76397515 0.01796875 0.02070393
0 0.36835937 0.73861283 0.01640625 0.02380952
0 0.62773437 0.69202898 0.01640625 0.01966873
0 0.57890625 0.60300207 0.0203125 0.02795031
0 0.4765625 0.58385093 0.0203125 0.03726708
0 0.56132812 0.52950310 0.02109375 0.02380952
0 0.38789062 0.53416149 0.02890625 0.04761904
0 0.525 0.50517598 0.015625 0.01656314
0 0.33632812 0.50569358 0.01640625 0.01966873
0 0.39609375 0.45755693 0.015625 0.02484472
0 0.48632812 0.37888198 0.01640625 0.02691511
0 0.45664062 0.37474120 0.01328125 0.02277432
0 0.4796875 0.33488612 0.0203125 0.01552795
0 0.39492187 0.32349896 0.01640625 0.01552795
0 0.53359375 0.31004140 0.028125 0.05279503
0 0.42265625 0.27432712 0.0296875 0.02070393
0 0.61445312 0.21946169 0.02890625 0.03726708
0 0.38203125 0.07919254 0.0140625 0.05072463
0 0.63203125 0.06314699 0.0125 0.02070393
0 0.584375 0.06521739 0.0203125 0.02484472