0 0.5765625 0.98498964 0.0078125 0.01552795
0 0.59179687 0.95859213 0.00859375 0.01863354
0 0.6765625 0.95289855 0.0140625 0.01966873
0 0.51796875 0.93064182 0.01875 0.01656314
0 0.30664062 0.92080745 0.01171875 0.01966873
0 0.50234375 0.91459627 0.009375 0.02795031
0 0.3484375 0.91563146 0.0171875 0.03002070
0 0.52265625 0.90320910 0.0078125 0.01966873
0 0.34609375 0.89182194 0.0109375 0.01345755
0 0.43945312 0.89026915 0.01015625 0.01242236
0 0.45546875 0.89026915 0.0109375 0.02277432
0 0.621875 0.88354037 0.0109375 0.01345755
0 0.59921875 0.87939958 0.009375 0.00931677
0 0.52226562 0.86749482 0.01171875 0.01449275
0 0.45859375 0.85921325 0.0140625 0.01656314
0 0.51679687 0.84730848 0.01796875 0.01759834
0 0.59492187 0.84730848 0.01484375 0.01966873
0 0.58007812 0.83643892 0.01171875 0.01449275
0 0.52265625 0.82453416 0.009375 0.01759834
0 0.67382812 0.81728778 0.01328125 0.01138716
0 0.41289062 0.81625258 0.00859375 0.01138716
0 0.3734375 0.81625258 0.0171875 0.02380952
0 0.53710937 0.81314699 0.00859375 0.01966873
0 0.34414062 0.78985507 0.01171875 0.01863354
0 0.64453125 0.78571428 0.0109375 0.01242236
0 0.615625 0.77484472 0.0125 0.01138716
0 0.33867187 0.76759834 0.01171875 0.01345755
0 0.50429687 0.77484472 0.01015625 0.03209109
0 0.32578125 0.73033126 0.0171875 0.02380952
0 0.3265625 0.70238095 0.0078125 0.02587991
0 0.40390625 0.69824016 0.0171875 0.02380952
0 0.55585937 0.68322981 0.02890625 0.02484472
0 0.596875 0.67339544 0.0109375 0.01966873
0 0.3171875 0.66149068 0.015625 0.01449275
0 0.67226562 0.64078674 0.00859375 0.01242236
0 0.5890625 0.64026915 0.0125 0.01345755
0 0.68320312 0.62318840 0.01640625 0.01242236
0 0.3921875 0.61853002 0.0078125 0.01345755
0 0.42734375 0.61231884 0.0171875 0.02380952
0 0.3015625 0.60507246 0.009375 0.01345755
0 0.56328125 0.59834368 0.0125 0.01656314
0 0.66289062 0.58954451 0.00859375 0.01138716
0 0.51171875 0.59886128 0.0171875 0.03002070
0 0.43710937 0.58850931 0.01328125 0.01759834
0 0.4046875 0.58954451 0.0171875 0.02380952
0 0.64804687 0.54917184 0.01015625 0.01138716
0 0.57539062 0.54968944 0.01640625 0.01656314
0 0.65351562 0.52795031 0.01015625 0.02070393
0 0.46640625 0.51759834 0.0109375 0.01035196
0 0.43476562 0.52173913 0.01328125 0.01863354
0 0.32929687 0.51138716 0.01171875 0.01242236
0 0.52421875 0.49792960 0.0140625 0.01863354
0 0.35195312 0.49275362 0.00859375 0.01449275
0 0.43789062 0.48809523 0.01015625 0.01345755
0 0.66875 0.48343685 0.015625 0.01863354
0 0.47421875 0.47463768 0.0171875 0.02380952
0 0.50742187 0.43892339 0.01328125 0.01449275
0 0.57695312 0.43530020 0.01328125 0.01138716
0 0.55859375 0.42391304 0.0109375 0.01138716
0 0.675 0.42339544 0.0109375 0.01656314
0 0.5421875 0.40683229 0.0125 0.01035196
0 0.6671875 0.39906832 0.0125 0.01552795
0 0.51015625 0.38302277 0.0125 0.02898550
0 0.63515625 0.37111801 0.0171875 0.02380952
0 0.49140625 0.35869565 0.0140625 0.01345755
0 0.46523437 0.34057971 0.01171875 0.01863354
0 0.64179687 0.33022774 0.00703125 0.01035196
0 0.3734375 0.32660455 0.0109375 0.01345755
0 0.47890625 0.31469979 0.0125 0.01656314
0 0.41914062 0.29451345 0.01015625 0.01138716
0 0.36054687 0.29244306 0.01328125 0.01552795
0 0.5296875 0.26086956 0.0109375 0.01242236
0 0.34492187 0.24948240 0.00859375 0.02277432
0 0.37890625 0.23343685 0.015625 0.01759834
0 0.5328125 0.22204968 0.0109375 0.01552795
0 0.50039062 0.21946169 0.01328125 0.01035196
0 0.38789062 0.21221532 0.01796875 0.01242236
0 0.60976562 0.21014492 0.00703125 0.01656314
0 0.503125 0.19824016 0.0203125 0.01552795
0 0.36484375 0.19047619 0.0078125 0.02070393
0 0.41484375 0.18012422 0.0203125 0.01656314
0 0.40429687 0.16977225 0.01015625 0.01656314
0 0.56953125 0.14855072 0.0109375 0.01345755
0 0.38789062 0.11904761 0.01171875 0.01242236
0 0.51054687 0.10351966 0.01015625 0.01242236
0 0.34335937 0.09161490 0.01171875 0.01345755
0 0.39375 0.08850931 0.009375 0.02173913
0 0.378125 0.08436853 0.0109375 0.03002070
0 0.59921875 0.07763975 0.009375 0.01863354
0 0.58476562 0.06677018 0.01171875 0.01552795
0 0.39375 0.04710144 0.0125 0.00931677
0 0.4484375 0.03053830 0.0171875 0.02380952
0 0.6375 0.01345755 0.015625 0.01242236