0 0.60390625 0.99378881 0.0140625 0.01242236
0 0.52304687 0.96635610 0.00859375 0.02587991
0 0.62890625 0.93478260 0.0203125 0.01035196
0 0.60585937 0.92857142 0.00859375 0.01863354
0 0.44140625 0.90890269 0.0109375 0.01449275
0 0.55703125 0.89285714 0.0171875 0.02380952
0 0.52890625 0.88043478 0.0171875 0.02380952
0 0.49453125 0.86801242 0.0109375 0.01138716
0 0.4484375 0.85817805 0.0203125 0.01449275
0 0.6421875 0.86076604 0.015625 0.02173913
0 0.3125 0.84834368 0.0171875 0.02380952
0 0.29257812 0.83850931 0.00859375 0.01449275
0 0.39648437 0.83592132 0.01484375 0.02173913
0 0.61367187 0.82298136 0.01328125 0.01035196
0 0.31835937 0.80797101 0.01015625 0.01138716
0 0.40664062 0.79658385 0.01328125 0.01552795
0 0.353125 0.79192546 0.009375 0.01656314
0 0.6359375 0.77639751 0.0140625 0.01656314
0 0.38085937 0.77122153 0.01484375 0.01863354
0 0.54101562 0.77898550 0.01484375 0.03830227
0 0.59765625 0.76397515 0.0125 0.02484472
0 0.47265625 0.75828157 0.0125 0.01552795
0 0.509375 0.75828157 0.01875 0.02380952
0 0.42460937 0.74275362 0.01328125 0.01759834
0 0.51835937 0.73602484 0.01015625 0.01242236
0 0.6 0.73136645 0.0203125 0.00931677
0 0.51914062 0.71997929 0.01328125 0.01552795
0 0.56210937 0.71842650 0.01015625 0.01449275
0 0.54453125 0.71894409 0.00625 0.01759834
0 0.6703125 0.71169772 0.0125 0.01759834
0 0.41367187 0.70859213 0.00859375 0.02380952
0 0.440625 0.67960662 0.0171875 0.02380952
0 0.396875 0.67339544 0.009375 0.01552795
0 0.30859375 0.67494824 0.0140625 0.02070393
0 0.55039062 0.66614906 0.01015625 0.01552795
0 0.51796875 0.66511387 0.0109375 0.01552795
0 0.65703125 0.66459627 0.0234375 0.03105590
0 0.3640625 0.62939958 0.0140625 0.01449275
0 0.6796875 0.61335403 0.0140625 0.01759834
0 0.56601562 0.58281573 0.01171875 0.01656314
0 0.4921875 0.57919254 0.0140625 0.01966873
0 0.32890625 0.57039337 0.009375 0.01449275
0 0.41953125 0.55124223 0.0109375 0.01138716
0 0.45351562 0.53830227 0.01015625 0.01242236
0 0.41484375 0.53416149 0.015625 0.02070393
0 0.634375 0.50103519 0.0171875 0.02691511
0 0.42695312 0.48757763 0.01015625 0.01449275
0 0.603125 0.49120082 0.0171875 0.02380952
0 0.58203125 0.48706004 0.0171875 0.02380952
0 0.3265625 0.47567287 0.0078125 0.01138716
0 0.32734375 0.46014492 0.0109375 0.01138716
0 0.34882812 0.45496894 0.01328125 0.01966873
0 0.41601562 0.44979296 0.00859375 0.01345755
0 0.525 0.42701863 0.015625 0.01759834
0 0.6328125 0.40890269 0.015625 0.01656314
0 0.58515625 0.40476190 0.0203125 0.04347826
0 0.54570312 0.38302277 0.00703125 0.02070393
0 0.62109375 0.37991718 0.009375 0.01863354
0 0.56757812 0.36490683 0.01015625 0.01345755
0 0.39335937 0.35766045 0.03671875 0.02587991
0 0.33007812 0.34834368 0.01015625 0.01345755
0 0.61523437 0.34265010 0.01015625 0.01449275
0 0.4828125 0.33333333 0.0078125 0.01242236
0 0.3890625 0.33178053 0.0125 0.01552795
0 0.47070312 0.33229813 0.01328125 0.02277432
0 0.59921875 0.30641821 0.009375 0.01242236
0 0.33671875 0.28674948 0.0109375 0.01656314
0 0.63632812 0.28053830 0.01953125 0.03519668
0 0.390625 0.27173913 0.0171875 0.02380952
0 0.59648437 0.23240165 0.01015625 0.01552795
0 0.55546875 0.20393374 0.0125 0.01035196
0 0.51445312 0.20134575 0.01171875 0.01345755
0 0.43398437 0.19616977 0.01015625 0.01552795
0 0.471875 0.19099378 0.0125 0.01552795
0 0.609375 0.17650103 0.015625 0.01759834
0 0.36132812 0.17236024 0.01015625 0.01345755
0 0.48242187 0.17391304 0.02890625 0.02070393
0 0.33242187 0.16614906 0.01171875 0.01552795
0 0.33203125 0.12422360 0.0109375 0.01863354
0 0.6203125 0.10714285 0.0109375 0.01345755
0 0.53203125 0.09937888 0.021875 0.03105590
0 0.64726562 0.08126293 0.01484375 0.01345755
0 0.63164062 0.07867494 0.01171875 0.01656314
0 0.60625 0.07142857 0.0109375 0.01449275
0 0.46054687 0.05797101 0.00859375 0.02277432
0 0.68984375 0.04140786 0.009375 0.01035196
0 0.5015625 0.03778467 0.015625 0.00931677