0 0.37148437 0.96066252 0.01484375 0.01035196
0 0.50820312 0.93737060 0.00859375 0.01552795
0 0.5265625 0.93167701 0.015625 0.02691511
0 0.63359375 0.91511387 0.0078125 0.01035196
0 0.32382812 0.90113871 0.00859375 0.01345755
0 0.41171875 0.89906832 0.0171875 0.02380952
0 0.34335937 0.89285714 0.01171875 0.01966873
0 0.59609375 0.88716356 0.0140625 0.01449275
0 0.38632812 0.87370600 0.00703125 0.01242236
0 0.42929687 0.86645962 0.01171875 0.01449275
0 0.64179687 0.86335403 0.01015625 0.01449275
0 0.61328125 0.86801242 0.0171875 0.02380952
0 0.68632812 0.86335403 0.01015625 0.01863354
0 0.66210937 0.82401656 0.01015625 0.01656314
0 0.46171875 0.82401656 0.0125 0.01656314
0 0.425 0.80745341 0.0109375 0.01449275
0 0.353125 0.81262939 0.009375 0.02484472
0 0.35546875 0.77795031 0.0125 0.01552795
0 0.6328125 0.77587991 0.0171875 0.02380952
0 0.59453125 0.76345755 0.0171875 0.02380952
0 0.45429687 0.74948240 0.01171875 0.01656314
0 0.47460937 0.74534161 0.01640625 0.02070393
0 0.62109375 0.74068322 0.0078125 0.02587991
0 0.60898437 0.73291925 0.01015625 0.01242236
0 0.35742187 0.73498964 0.01484375 0.01656314
0 0.4203125 0.72101449 0.015625 0.01759834
0 0.5890625 0.70548654 0.0171875 0.02380952
0 0.41210937 0.69927536 0.01796875 0.01552795
0 0.3140625 0.69927536 0.0171875 0.02380952
0 0.4734375 0.67598343 0.01875 0.03519668
0 0.553125 0.65527950 0.009375 0.01656314
0 0.29726562 0.65165631 0.01015625 0.02795031
0 0.41992187 0.63716356 0.01171875 0.01345755
0 0.4375 0.63975155 0.0125 0.02070393
0 0.6125 0.59834368 0.0234375 0.02484472
0 0.67539062 0.57608695 0.02265625 0.02587991
0 0.45429687 0.55020703 0.01171875 0.01759834
0 0.68125 0.53571428 0.015625 0.01138716
0 0.528125 0.53623188 0.009375 0.01242236
0 0.6359375 0.52846790 0.0171875 0.02380952
0 0.5265625 0.51345755 0.009375 0.01242236
0 0.62773437 0.50310559 0.01171875 0.01656314
0 0.59921875 0.48084886 0.0125 0.01345755
0 0.56640625 0.48084886 0.0125 0.01552795
0 0.34609375 0.47774327 0.009375 0.01345755
0 0.50195312 0.47722567 0.01015625 0.01449275
0 0.3984375 0.47929606 0.0109375 0.02070393
0 0.2953125 0.48343685 0.0140625 0.02898550
0 0.31445312 0.47360248 0.01015625 0.01138716
0 0.53515625 0.45031055 0.0109375 0.02070393
0 0.68789062 0.44202898 0.00703125 0.01449275
0 0.58945312 0.44409937 0.00859375 0.02277432
0 0.66484375 0.42908902 0.0109375 0.01345755
0 0.54648437 0.42598343 0.01796875 0.02173913
0 0.33125 0.42184265 0.0109375 0.01345755
0 0.34453125 0.42028985 0.0109375 0.01449275
0 0.59023437 0.42028985 0.00859375 0.01656314
0 0.42734375 0.40527950 0.0171875 0.02380952
0 0.34570312 0.39544513 0.01953125 0.01242236
0 0.40234375 0.38664596 0.0078125 0.01345755
0 0.5078125 0.37629399 0.0265625 0.01345755
0 0.60546875 0.37836438 0.0171875 0.02380952
0 0.45859375 0.37784679 0.015625 0.02691511
0 0.59023437 0.36697722 0.01015625 0.01138716
0 0.53671875 0.36956521 0.015625 0.01863354
0 0.41445312 0.35196687 0.00703125 0.01035196
0 0.49453125 0.34730848 0.009375 0.01345755
0 0.3484375 0.34679089 0.0234375 0.01656314
0 0.44648437 0.32867494 0.01015625 0.01552795
0 0.33320312 0.28364389 0.01015625 0.01035196
0 0.46015625 0.28209109 0.0171875 0.02380952
0 0.64375 0.27898550 0.0125 0.02587991
0 0.62929687 0.26501035 0.00859375 0.01863354
0 0.58398437 0.26242236 0.02109375 0.01552795
0 0.34179687 0.24585921 0.01015625 0.01552795
0 0.56054687 0.23602484 0.00859375 0.01449275
0 0.38828125 0.20186335 0.0125 0.01656314
0 0.40976562 0.18995859 0.00859375 0.01759834
0 0.56992187 0.17236024 0.01640625 0.01759834
0 0.44492187 0.15942028 0.01328125 0.02070393
0 0.38046875 0.15942028 0.0140625 0.02070393
0 0.578125 0.14699792 0.0125 0.01656314
0 0.64765625 0.12422360 0.0125 0.01656314
0 0.37460937 0.11853002 0.01171875 0.01138716
0 0.359375 0.10455486 0.0140625 0.01656314
0 0.62421875 0.07505175 0.0078125 0.01345755
0 0.46914062 0.07660455 0.01328125 0.01656314
0 0.64765625 0.07505175 0.0140625 0.01552795
0 0.56210937 0.06521739 0.01640625 0.02277432
0 0.43710937 0.03157349 0.01953125 0.01345755
0 0.6390625 0.01397515 0.0171875 0.02380952
0 0.5671875 0.00879917 0.0140625 0.01759834