0 0.68828125 0.97929606 0.0171875 0.02277432
0 0.29140625 0.96997929 0.009375 0.01656314
0 0.35859375 0.88871635 0.0171875 0.03209109
0 0.51484375 0.86594202 0.0125 0.01138716
0 0.39648437 0.86542443 0.02109375 0.01449275
0 0.36914062 0.85507246 0.00859375 0.01242236
0 0.29765625 0.85144927 0.0125 0.01345755
0 0.57773437 0.84213250 0.01015625 0.01345755
0 0.596875 0.83178053 0.01875 0.01966873
0 0.32929687 0.82919254 0.01015625 0.01449275
0 0.51484375 0.81728778 0.0171875 0.02380952
0 0.62109375 0.80952380 0.009375 0.02277432
0 0.4703125 0.79606625 0.009375 0.01449275
0 0.3203125 0.79089026 0.0125 0.02484472
0 0.57929687 0.77277432 0.01171875 0.01552795
0 0.56132812 0.75828157 0.01015625 0.01138716
0 0.36679687 0.74275362 0.03515625 0.01138716
0 0.434375 0.74482401 0.0109375 0.01759834
0 0.30273437 0.74378881 0.02421875 0.02795031
0 0.61601562 0.72929606 0.01171875 0.01345755
0 0.378125 0.68995859 0.0171875 0.02380952
0 0.41679687 0.67132505 0.01328125 0.01759834
0 0.64726562 0.67080745 0.02265625 0.02070393
0 0.32578125 0.66149068 0.0171875 0.01449275
0 0.52773437 0.65890269 0.01328125 0.01759834
0 0.36484375 0.65320910 0.0109375 0.02277432
0 0.65898437 0.64855072 0.01640625 0.01759834
0 0.55273437 0.64182194 0.01015625 0.01242236
0 0.67773437 0.63457556 0.01171875 0.01656314
0 0.58203125 0.63716356 0.0171875 0.02380952
0 0.41679687 0.62888198 0.01796875 0.01552795
0 0.49960937 0.62422360 0.01171875 0.01863354
0 0.3515625 0.61645962 0.0109375 0.01759834
0 0.3296875 0.60144927 0.0140625 0.01656314
0 0.66289062 0.59523809 0.01015625 0.01449275
0 0.36992187 0.59161490 0.00859375 0.01138716
0 0.63945312 0.59679089 0.02265625 0.02380952
0 0.4328125 0.58954451 0.0109375 0.01759834
0 0.64375 0.57349896 0.0109375 0.01242236
0 0.3265625 0.53933747 0.0109375 0.01242236
0 0.65390625 0.54089026 0.0109375 0.01966873
0 0.53046875 0.53674948 0.0171875 0.02380952
0 0.48476562 0.52122153 0.01484375 0.01759834
0 0.51523437 0.51552795 0.01484375 0.01656314
0 0.52929687 0.50310559 0.01171875 0.01656314
0 0.65625 0.47877846 0.0140625 0.02795031
0 0.453125 0.46273291 0.0109375 0.01035196
0 0.55976562 0.47826086 0.02109375 0.04347826
0 0.54414062 0.44875776 0.02734375 0.01759834
0 0.48125 0.44461697 0.0109375 0.01345755
0 0.43476562 0.44254658 0.01171875 0.01345755
0 0.58515625 0.43426501 0.0078125 0.01345755
0 0.52382812 0.43219461 0.01171875 0.01552795
0 0.60585937 0.41614906 0.01171875 0.01449275
0 0.434375 0.40942028 0.0171875 0.02587991
0 0.45195312 0.38716356 0.01328125 0.01242236
0 0.43828125 0.38043478 0.0078125 0.01138716
0 0.63632812 0.37732919 0.01171875 0.01552795
0 0.41796875 0.33540372 0.0078125 0.01035196
0 0.49804687 0.33333333 0.01328125 0.02691511
0 0.44882812 0.31780538 0.01171875 0.01449275
0 0.50742187 0.31004140 0.00859375 0.01345755
0 0.39804687 0.28985507 0.01171875 0.01242236
0 0.54179687 0.27950310 0.00703125 0.01449275
0 0.60351562 0.27587991 0.01015625 0.01345755
0 0.6390625 0.27225672 0.0140625 0.02070393
0 0.52382812 0.21583850 0.01796875 0.03002070
0 0.5609375 0.20703933 0.0078125 0.01656314
0 0.484375 0.20652173 0.0109375 0.02173913
0 0.55 0.19151138 0.009375 0.01656314
0 0.56914062 0.18685300 0.01015625 0.01345755
0 0.39960937 0.18737060 0.00859375 0.01656314
0 0.33554687 0.17287784 0.01171875 0.01449275
0 0.56289062 0.15269151 0.01015625 0.00931677
0 0.57695312 0.14492753 0.01171875 0.02070393
0 0.38554687 0.13819875 0.00859375 0.01552795
0 0.41953125 0.13146997 0.0109375 0.01242236
0 0.47617187 0.09730848 0.00703125 0.01035196
0 0.39179687 0.09161490 0.00703125 0.02587991
0 0.59921875 0.08229813 0.015625 0.01345755
0 0.56132812 0.07971014 0.01015625 0.01242236
0 0.3546875 0.08954451 0.0265625 0.03416149
0 0.6328125 0.07712215 0.0109375 0.01345755
0 0.58476562 0.07712215 0.01015625 0.01345755
0 0.50117187 0.07971014 0.00859375 0.02898550
0 0.38242187 0.05797101 0.00859375 0.01035196
0 0.40625 0.05590062 0.009375 0.01449275