0 0.39375 0.87681159 0.0171875 0.02070393
0 0.53671875 0.84472049 0.0171875 0.02484472
0 0.4578125 0.81521739 0.015625 0.02380952
0 0.3171875 0.78881987 0.0203125 0.03726708
0 0.56132812 0.75724637 0.03359375 0.05279503
0 0.44179687 0.74223602 0.01640625 0.03933747
0 0.40976562 0.74171842 0.01640625 0.04037267
0 0.62773437 0.69202898 0.01640625 0.01966873
0 0.64765625 0.68064182 0.0125 0.02173913
0 0.5890625 0.66718426 0.01875 0.01966873
0 0.55859375 0.63871635 0.0265625 0.04968944
0 0.65351562 0.56366459 0.03046875 0.02173913
0 0.51171875 0.56262939 0.01875 0.02173913
0 0.5109375 0.50672877 0.0140625 0.01966873
0 0.36210937 0.45910973 0.01640625 0.02173913
0 0.38164062 0.45755693 0.01640625 0.02484472
0 0.63632812 0.35662525 0.02421875 0.03002070
0 0.56679687 0.34006211 0.02265625 0.01966873
0 0.47617187 0.32763975 0.01328125 0.01552795
0 0.39492187 0.32349896 0.01640625 0.01552795
0 0.609375 0.31211180 0.01875 0.01552795
0 0.63945312 0.27587991 0.01796875 0.02380952
0 0.36640625 0.14182194 0.0203125 0.02691511
0 0.58164062 0.12370600 0.02890625 0.04037267
0 0.34609375 0.07039337 0.0203125 0.02691511