0 0.571875 0.97981366 0.0171875 0.02380952
0 0.69257812 0.94202898 0.01953125 0.02070393
0 0.56914062 0.93685300 0.02265625 0.01242236
0 0.5796875 0.91304347 0.0171875 0.01449275
0 0.47734375 0.90527950 0.0171875 0.02173913
0 0.39335937 0.90631469 0.01796875 0.02380952
0 0.54375 0.90217391 0.0171875 0.02380952
0 0.56679687 0.88923395 0.01171875 0.01242236
0 0.53359375 0.88457556 0.009375 0.01345755
0 0.65273437 0.87215320 0.01171875 0.01345755
0 0.48710937 0.85921325 0.01015625 0.01449275
0 0.43867187 0.85714285 0.01171875 0.01656314
0 0.57734375 0.85610766 0.0109375 0.01656314
0 0.2921875 0.84472049 0.0078125 0.01242236
0 0.45585937 0.83850931 0.01484375 0.01863354
0 0.29765625 0.81262939 0.009375 0.01242236
0 0.58867187 0.81004140 0.01015625 0.01345755
0 0.31875 0.80227743 0.0140625 0.01449275
0 0.42421875 0.80175983 0.0078125 0.01552795
0 0.33945312 0.78312629 0.00859375 0.01138716
0 0.47421875 0.78467908 0.0125 0.02277432
0 0.37929687 0.78002070 0.01015625 0.01552795
0 0.58242187 0.75103519 0.02421875 0.02173913
0 0.45195312 0.74482401 0.01328125 0.01759834
0 0.65585937 0.74275362 0.01484375 0.01552795
0 0.32539062 0.74327122 0.01171875 0.02277432
0 0.43398437 0.73343685 0.01015625 0.01552795
0 0.44414062 0.70962732 0.00703125 0.01345755
0 0.62109375 0.70859213 0.0109375 0.01345755
0 0.396875 0.69616977 0.0171875 0.02380952
0 0.6265625 0.68892339 0.009375 0.01138716
0 0.35898437 0.69151138 0.01953125 0.03312629
0 0.34101562 0.67287784 0.01015625 0.02070393
0 0.61289062 0.65010351 0.00859375 0.01242236
0 0.45976562 0.63250517 0.01171875 0.01656314
0 0.31445312 0.62318840 0.01328125 0.01035196
0 0.6 0.62474120 0.0125 0.02173913
0 0.6703125 0.60973084 0.0125 0.01449275
0 0.35546875 0.60093167 0.0171875 0.02380952
0 0.64882812 0.57401656 0.01171875 0.01345755
0 0.58710937 0.54813664 0.01015625 0.01552795
0 0.396875 0.54296066 0.0109375 0.01345755
0 0.4484375 0.54244306 0.0140625 0.02691511
0 0.47382812 0.53674948 0.01640625 0.02380952
0 0.4 0.52587991 0.009375 0.01242236
0 0.38046875 0.50776397 0.0125 0.01552795
0 0.64921875 0.49430641 0.0171875 0.02380952
0 0.30507812 0.47567287 0.00859375 0.02795031
0 0.31875 0.44358178 0.0140625 0.01345755
0 0.5984375 0.44151138 0.0109375 0.01345755
0 0.51679687 0.44358178 0.01328125 0.02173913
0 0.35078125 0.44358178 0.0171875 0.02380952
0 0.40859375 0.43840579 0.009375 0.02173913
0 0.478125 0.43840579 0.0171875 0.02380952
0 0.32382812 0.41614906 0.01171875 0.02484472
0 0.64453125 0.40269151 0.0078125 0.01449275
0 0.30625 0.39803312 0.015625 0.01345755
0 0.42421875 0.38975155 0.0171875 0.02380952
0 0.32109375 0.38250517 0.0109375 0.01345755
0 0.6203125 0.37318840 0.0171875 0.02380952
0 0.378125 0.35662525 0.0171875 0.02380952
0 0.37578125 0.33178053 0.0109375 0.01138716
0 0.4796875 0.33643892 0.0140625 0.02277432
0 0.41914062 0.33281573 0.01171875 0.01552795
0 0.39414062 0.33229813 0.01328125 0.01863354
0 0.51679687 0.32608695 0.01171875 0.01242236
0 0.48671875 0.30590062 0.0171875 0.02380952
0 0.51757812 0.29606625 0.01640625 0.01863354
0 0.41757812 0.27380952 0.01171875 0.01552795
0 0.46875 0.27070393 0.0125 0.01759834
0 0.4328125 0.26604554 0.0109375 0.01449275
0 0.49921875 0.26501035 0.0125 0.01449275
0 0.55234375 0.25258799 0.0109375 0.01449275
0 0.37617187 0.22774327 0.01640625 0.02070393
0 0.40742187 0.21739130 0.01171875 0.01449275
0 0.51914062 0.20496894 0.02421875 0.01242236
0 0.553125 0.20289855 0.0125 0.01449275
0 0.52890625 0.18219461 0.0140625 0.02898550
0 0.49609375 0.17960662 0.0171875 0.02380952
0 0.46445312 0.15372670 0.01171875 0.01552795
0 0.41289062 0.15320910 0.01484375 0.01656314
0 0.38984375 0.14699792 0.0265625 0.02277432
0 0.5765625 0.14026915 0.0109375 0.01759834
0 0.62265625 0.14233954 0.0171875 0.02380952
0 0.34726562 0.12008281 0.01015625 0.01242236
0 0.39492187 0.11076604 0.01015625 0.01242236
0 0.37578125 0.10973084 0.0140625 0.01656314
0 0.35234375 0.08592132 0.0140625 0.02898550
0 0.4 0.06262939 0.0125 0.01138716
0 0.34179687 0.06521739 0.01015625 0.01656314
0 0.58554687 0.06159420 0.01015625 0.01345755
0 0.38242187 0.06262939 0.01015625 0.01966873
0 0.503125 0.02329192 0.0171875 0.02380952