0 0.5953125 0.98343685 0.0109375 0.02277432
0 0.53515625 0.97981366 0.0171875 0.02380952
0 0.340625 0.96997929 0.0078125 0.01449275
0 0.4296875 0.97049689 0.009375 0.02380952
0 0.48554687 0.96790890 0.00703125 0.02484472
0 0.28828125 0.93840579 0.0109375 0.01345755
0 0.39726562 0.92080745 0.01015625 0.01138716
0 0.40195312 0.90476190 0.01484375 0.02277432
0 0.43828125 0.89182194 0.0171875 0.02380952
0 0.50664062 0.86853002 0.01328125 0.01449275
0 0.58125 0.86645962 0.0125 0.01242236
0 0.359375 0.86180124 0.009375 0.01345755
0 0.65585937 0.84575569 0.02421875 0.01863354
0 0.48984375 0.82867494 0.0234375 0.02587991
0 0.31484375 0.82091097 0.009375 0.01863354
0 0.5609375 0.82091097 0.0109375 0.02277432
0 0.43515625 0.80227743 0.0109375 0.01656314
0 0.60078125 0.78726708 0.0140625 0.01552795
0 0.57578125 0.78830227 0.01875 0.01759834
0 0.61757812 0.78674948 0.00859375 0.02898550
0 0.51953125 0.77329192 0.0109375 0.01242236
0 0.67617187 0.77070393 0.01328125 0.01345755
0 0.36835937 0.75672877 0.00859375 0.01449275
0 0.59921875 0.74637681 0.0109375 0.01449275
0 0.4828125 0.74689440 0.0125 0.01759834
0 0.55742187 0.73395445 0.01171875 0.01656314
0 0.6640625 0.71790890 0.0171875 0.02380952
0 0.62773437 0.69306418 0.00859375 0.01552795
0 0.41679687 0.69306418 0.01328125 0.01552795
0 0.64882812 0.68219461 0.01328125 0.01656314
0 0.42734375 0.68530020 0.0125 0.03105590
0 0.35234375 0.67132505 0.03125 0.03830227
0 0.60546875 0.64492753 0.009375 0.01242236
0 0.3203125 0.65113871 0.0171875 0.03312629
0 0.47265625 0.64078674 0.015625 0.01449275
0 0.55117187 0.62060041 0.01015625 0.01138716
0 0.61914062 0.60093167 0.01015625 0.01345755
0 0.34453125 0.59472049 0.0125 0.01759834
0 0.6046875 0.58022774 0.009375 0.01345755
0 0.41523437 0.55641821 0.01328125 0.02173913
0 0.36914062 0.54917184 0.01328125 0.01552795
0 0.55078125 0.52950310 0.009375 0.01345755
0 0.41054687 0.51759834 0.01171875 0.01449275
0 0.440625 0.50207039 0.009375 0.01242236
0 0.6328125 0.49378881 0.0109375 0.01449275
0 0.47382812 0.48240165 0.00859375 0.02070393
0 0.36171875 0.47153209 0.0109375 0.01759834
0 0.56015625 0.46480331 0.009375 0.01863354
0 0.60664062 0.45548654 0.00859375 0.01242236
0 0.52695312 0.45393374 0.01171875 0.01759834
0 0.43125 0.45859213 0.0109375 0.02898550
0 0.35820312 0.44927536 0.01328125 0.01656314
0 0.5984375 0.44202898 0.009375 0.01035196
0 0.4609375 0.44513457 0.021875 0.04347826
0 0.56796875 0.42132505 0.0125 0.01449275
0 0.384375 0.40993788 0.0171875 0.01242236
0 0.34375 0.41563146 0.0171875 0.02380952
0 0.5359375 0.39596273 0.0125 0.01966873
0 0.29453125 0.38768115 0.00625 0.00931677
0 0.60585937 0.36387163 0.01171875 0.02173913
0 0.4609375 0.35714285 0.009375 0.01035196
0 0.51601562 0.34523809 0.01015625 0.01345755
0 0.42851562 0.33643892 0.01171875 0.01449275
0 0.54257812 0.33022774 0.00859375 0.01242236
0 0.41523437 0.32660455 0.01953125 0.01552795
0 0.58398437 0.32815734 0.01484375 0.02898550
0 0.484375 0.30952380 0.009375 0.01656314
0 0.51484375 0.31107660 0.0109375 0.02173913
0 0.36914062 0.31055900 0.01640625 0.02484472
0 0.33164062 0.29813664 0.01171875 0.01656314
0 0.56445312 0.27691511 0.01328125 0.02380952
0 0.5140625 0.26863354 0.0171875 0.02380952
0 0.625 0.25672877 0.01875 0.01035196
0 0.3484375 0.25 0.0171875 0.02380952
0 0.48203125 0.24896480 0.0171875 0.02587991
0 0.36796875 0.24171842 0.0125 0.01759834
0 0.54570312 0.21997929 0.00703125 0.02380952
0 0.59375 0.18995859 0.0125 0.01759834
0 0.58710937 0.14648033 0.01328125 0.01759834
0 0.58984375 0.12939958 0.0109375 0.01035196
0 0.453125 0.12370600 0.0171875 0.02380952
0 0.43203125 0.11490683 0.0140625 0.01863354
0 0.63671875 0.09730848 0.0109375 0.01863354
0 0.54960937 0.09368530 0.01171875 0.01552795
0 0.59648437 0.06055900 0.01171875 0.01345755
0 0.51601562 0.06262939 0.01328125 0.02380952
0 0.675 0.01604554 0.0078125 0.02173913