0 0.35664062 0.82194616 0.01328125 0.02277432
0 0.34921875 0.74068322 0.015625 0.02173913
0 0.36835937 0.73861283 0.01640625 0.02380952
0 0.62304687 0.72670807 0.03671875 0.04554865
0 0.64453125 0.67391304 0.01875 0.03519668
0 0.44453125 0.54399585 0.0234375 0.01552795
0 0.59609375 0.50207039 0.0234375 0.03312629
0 0.540625 0.39130434 0.021875 0.01449275
0 0.63359375 0.35248447 0.01875 0.02173913
0 0.609375 0.31211180 0.01875 0.01552795
0 0.49257812 0.29192546 0.01484375 0.02898550
0 0.44335937 0.22308488 0.01171875 0.01759834
0 0.51757812 0.22360248 0.01640625 0.02691511
0 0.4234375 0.14440993 0.015625 0.02587991
0 0.58164062 0.12370600 0.02890625 0.04037267
0 0.34609375 0.07039337 0.0203125 0.02691511