0 0.34335937 0.95186335 0.01015625 0.01345755
0 0.65195312 0.94047619 0.00859375 0.01138716
0 0.42617187 0.91407867 0.01171875 0.01656314
0 0.56914062 0.88716356 0.01484375 0.02070393
0 0.29726562 0.86853002 0.01015625 0.01449275
0 0.66835937 0.87215320 0.01484375 0.02380952
0 0.49609375 0.86594202 0.0171875 0.01966873
0 0.65546875 0.83540372 0.009375 0.01656314
0 0.59375 0.83281573 0.0125 0.01552795
0 0.45195312 0.82505175 0.01328125 0.01656314
0 0.36484375 0.81935817 0.015625 0.01759834
0 0.31953125 0.81728778 0.0125 0.01759834
0 0.56445312 0.80279503 0.01015625 0.01345755
0 0.62148437 0.78519668 0.01015625 0.01138716
0 0.503125 0.79399585 0.0171875 0.03105590
0 0.346875 0.78416149 0.0171875 0.02380952
0 0.5953125 0.76604554 0.009375 0.01449275
0 0.3171875 0.76915113 0.0203125 0.02277432
0 0.44140625 0.74689440 0.0078125 0.01138716
0 0.57265625 0.74016563 0.0140625 0.02070393
0 0.35390625 0.73654244 0.0171875 0.01966873
0 0.63242187 0.73291925 0.02578125 0.02277432
0 0.6015625 0.71997929 0.0140625 0.01759834
0 0.4640625 0.71583850 0.0109375 0.01552795
0 0.33007812 0.70600414 0.01796875 0.01035196
0 0.4359375 0.70703933 0.025 0.02484472
0 0.47929687 0.69979296 0.01640625 0.01863354
0 0.62890625 0.69254658 0.009375 0.01242236
0 0.31484375 0.68892339 0.0125 0.01552795
0 0.60546875 0.65476190 0.0109375 0.01552795
0 0.46679687 0.63146997 0.02265625 0.02070393
0 0.38203125 0.61024844 0.0171875 0.02380952
0 0.44960937 0.59937888 0.01796875 0.01449275
0 0.3046875 0.60403726 0.0171875 0.02380952
0 0.6484375 0.58902691 0.0109375 0.01242236
0 0.58046875 0.58850931 0.0125 0.01759834
0 0.3453125 0.58385093 0.0125 0.01449275
0 0.51289062 0.57815734 0.00859375 0.01138716
0 0.32773437 0.57971014 0.01484375 0.02070393
0 0.29492187 0.56521739 0.00859375 0.01449275
0 0.52773437 0.54347826 0.00859375 0.02070393
0 0.33007812 0.54089026 0.01953125 0.03002070
0 0.58945312 0.53364389 0.01171875 0.01759834
0 0.5640625 0.52898550 0.0140625 0.01656314
0 0.49296875 0.52225672 0.0171875 0.02380952
0 0.37929687 0.50931677 0.01640625 0.01035196
0 0.54257812 0.51293995 0.01328125 0.01966873
0 0.4578125 0.51086956 0.0171875 0.01552795
0 0.30898437 0.50931677 0.02265625 0.02484472
0 0.34453125 0.49741200 0.0078125 0.00931677
0 0.60390625 0.49637681 0.009375 0.01138716
0 0.3453125 0.48395445 0.009375 0.00931677
0 0.30742187 0.45393374 0.01171875 0.02587991
0 0.43085937 0.44565217 0.01328125 0.01345755
0 0.56132812 0.41770186 0.01328125 0.01759834
0 0.57226562 0.39285714 0.01171875 0.01552795
0 0.60546875 0.38612836 0.009375 0.01242236
0 0.56445312 0.37060041 0.01171875 0.01242236
0 0.4546875 0.36697722 0.0109375 0.01345755
0 0.48203125 0.36438923 0.0140625 0.01656314
0 0.50625 0.35610766 0.0109375 0.01449275
0 0.47773437 0.33954451 0.02109375 0.01242236
0 0.36875 0.32556935 0.0171875 0.02587991
0 0.56679687 0.31521739 0.01484375 0.01759834
0 0.53710937 0.31107660 0.01171875 0.01345755
0 0.509375 0.30848861 0.0078125 0.01449275
0 0.56367187 0.29399585 0.01640625 0.01656314
0 0.59765625 0.28002070 0.0171875 0.02380952
0 0.44140625 0.23498964 0.009375 0.02898550
0 0.63515625 0.21997929 0.015625 0.02795031
0 0.43359375 0.21221532 0.009375 0.01242236
0 0.575 0.17598343 0.01875 0.01242236
0 0.61992187 0.18374741 0.01953125 0.03002070
0 0.59570312 0.15734989 0.01796875 0.01863354
0 0.428125 0.15062111 0.009375 0.01345755
0 0.45234375 0.13819875 0.0171875 0.02380952
0 0.35117187 0.12525879 0.01015625 0.01449275
0 0.53203125 0.12008281 0.0109375 0.01035196
0 0.5125 0.11438923 0.00625 0.00931677
0 0.43359375 0.09006211 0.0125 0.01242236
0 0.48945312 0.08385093 0.01328125 0.01242236
0 0.36015625 0.08592132 0.0171875 0.01863354
0 0.46328125 0.08178053 0.0171875 0.02691511
0 0.39648437 0.07453416 0.01953125 0.02898550
0 0.56679687 0.06418219 0.01328125 0.01656314
0 0.40234375 0.03726708 0.0140625 0.01656314
0 0.6109375 0.00879917 0.0125 0.01552795