0 0.6921875 0.98447204 0.0140625 0.01242236
0 0.34296875 0.96169772 0.009375 0.01242236
0 0.35703125 0.95962732 0.009375 0.02070393
0 0.51640625 0.96066252 0.009375 0.02691511
0 0.37695312 0.92857142 0.01328125 0.01863354
0 0.578125 0.90476190 0.0109375 0.02277432
0 0.29414062 0.89026915 0.01171875 0.01656314
0 0.35898437 0.89492753 0.01796875 0.03209109
0 0.50507812 0.88043478 0.00703125 0.00931677
0 0.39296875 0.88250517 0.0125 0.01345755
0 0.48164062 0.87888198 0.01953125 0.03105590
0 0.6859375 0.83488612 0.0109375 0.01552795
0 0.5453125 0.83074534 0.0125 0.01759834
0 0.4140625 0.82971014 0.0171875 0.02380952
0 0.3625 0.82298136 0.0109375 0.01656314
0 0.46953125 0.82039337 0.0109375 0.01345755
0 0.440625 0.81832298 0.009375 0.01345755
0 0.3859375 0.82039337 0.025 0.02173913
0 0.52617187 0.81625258 0.00859375 0.02173913
0 0.40625 0.79917184 0.015625 0.01035196
0 0.42265625 0.80175983 0.015625 0.02587991
0 0.3171875 0.79658385 0.0140625 0.01966873
0 0.58164062 0.78881987 0.01171875 0.01449275
0 0.60546875 0.78416149 0.0171875 0.02380952
0 0.35429687 0.77070393 0.01171875 0.00931677
0 0.59765625 0.75983436 0.0140625 0.01656314
0 0.4390625 0.75 0.009375 0.01552795
0 0.65664062 0.73602484 0.01484375 0.01449275
0 0.49414062 0.73033126 0.01015625 0.01138716
0 0.64648437 0.71946169 0.01171875 0.01656314
0 0.57226562 0.70755693 0.02265625 0.01138716
0 0.43515625 0.69875776 0.0140625 0.02277432
0 0.33867187 0.68892339 0.01953125 0.02587991
0 0.6203125 0.66200828 0.0125 0.01759834
0 0.60546875 0.65579710 0.009375 0.01345755
0 0.53007812 0.65113871 0.00859375 0.01449275
0 0.57578125 0.64130434 0.0109375 0.01345755
0 0.31796875 0.62939958 0.015625 0.01449275
0 0.625 0.60144927 0.0125 0.01863354
0 0.5609375 0.58022774 0.0203125 0.01345755
0 0.50898437 0.57505175 0.01328125 0.01345755
0 0.3671875 0.56159420 0.0109375 0.01552795
0 0.52851562 0.55279503 0.01171875 0.01656314
0 0.5671875 0.54658385 0.009375 0.01242236
0 0.58789062 0.54347826 0.00859375 0.01035196
0 0.55195312 0.52950310 0.01171875 0.02380952
0 0.33789062 0.49327122 0.00859375 0.01345755
0 0.40625 0.49327122 0.0265625 0.01966873
0 0.54492187 0.48757763 0.01484375 0.01656314
0 0.35 0.48136645 0.015625 0.02070393
0 0.50820312 0.47412008 0.01640625 0.02277432
0 0.39023437 0.46894409 0.01015625 0.01449275
0 0.5828125 0.45082815 0.0125 0.01966873
0 0.48007812 0.42701863 0.01484375 0.01966873
0 0.63867187 0.41045548 0.01015625 0.01345755
0 0.59257812 0.41045548 0.01015625 0.01759834
0 0.66757812 0.41666666 0.00859375 0.03209109
0 0.3109375 0.39699792 0.0125 0.01759834
0 0.40898437 0.39440993 0.01015625 0.01449275
0 0.52890625 0.39078674 0.0125 0.01552795
0 0.45195312 0.39130434 0.01171875 0.01656314
0 0.38632812 0.37836438 0.01953125 0.02380952
0 0.4390625 0.36490683 0.009375 0.01138716
0 0.33359375 0.34575569 0.0140625 0.01242236
0 0.63203125 0.34523809 0.0140625 0.01552795
0 0.61757812 0.32712215 0.00859375 0.01242236
0 0.36367187 0.32142857 0.00859375 0.01552795
0 0.47304687 0.31262939 0.01171875 0.02691511
0 0.41210937 0.30072463 0.01171875 0.01345755
0 0.37070312 0.28623188 0.00859375 0.01138716
0 0.64492187 0.29296066 0.01953125 0.02691511
0 0.48164062 0.28105590 0.01640625 0.01759834
0 0.553125 0.26190476 0.009375 0.01449275
0 0.5046875 0.27018633 0.009375 0.03312629
0 0.63515625 0.25414078 0.0109375 0.01759834
0 0.54257812 0.24120082 0.01015625 0.01656314
0 0.43359375 0.23291925 0.0109375 0.01449275
0 0.64296875 0.22774327 0.01875 0.01242236
0 0.47890625 0.22567287 0.0125 0.01242236
0 0.33515625 0.18685300 0.009375 0.02587991
0 0.58828125 0.17339544 0.0078125 0.01552795
0 0.44609375 0.15786749 0.0109375 0.01345755
0 0.36757812 0.16045548 0.01328125 0.01863354
0 0.52148437 0.15942028 0.01015625 0.01863354
0 0.63164062 0.15424430 0.01796875 0.03105590
0 0.39765625 0.14958592 0.0203125 0.02173913
0 0.48515625 0.13095238 0.0140625 0.00931677
0 0.571875 0.12888198 0.0109375 0.01759834
0 0.63828125 0.07815734 0.0171875 0.02380952
0 0.60625 0.06728778 0.0078125 0.01035196
0 0.5015625 0.04710144 0.0109375 0.01759834
0 0.37148437 0.01293995 0.01171875 0.02587991