0 0.51367187 0.97256728 0.01640625 0.02380952
0 0.6234375 0.89906832 0.025 0.03416149
0 0.5875 0.89699792 0.0296875 0.03209109
0 0.3609375 0.88768115 0.01875 0.02795031
0 0.50703125 0.87939958 0.015625 0.01759834
0 0.45546875 0.86076604 0.03125 0.03209109
0 0.5390625 0.78933747 0.0203125 0.01966873
0 0.30546875 0.78312629 0.0140625 0.02380952
0 0.39257812 0.75983436 0.01171875 0.01449275
0 0.32851562 0.67080745 0.01015625 0.01656314
0 0.61171875 0.63509316 0.0109375 0.01759834
0 0.36835937 0.59886128 0.01796875 0.00724637
0 0.6046875 0.54917184 0.00625 0.01759834
0 0.34570312 0.44616977 0.01953125 0.02484472
0 0.41210937 0.34420289 0.00703125 0.01759834
0 0.49960937 0.05641821 0.01953125 0.03416149