0 0.31953125 0.85144927 0.01875 0.02173913
0 0.66289062 0.79710144 0.01484375 0.03105590
0 0.65820312 0.76604554 0.01640625 0.02484472
0 0.3171875 0.74637681 0.0203125 0.02484472
0 0.40976562 0.73240165 0.01640625 0.02173913
0 0.55859375 0.69047619 0.0140625 0.01449275
0 0.66367187 0.59886128 0.01640625 0.02173913
0 0.6171875 0.60300207 0.0296875 0.03002070
0 0.65351562 0.56366459 0.03046875 0.02173913
0 0.44453125 0.54399585 0.0234375 0.01552795
0 0.33632812 0.50569358 0.01640625 0.01966873
0 0.64648437 0.43892339 0.01640625 0.03726708
0 0.6046875 0.39958592 0.0203125 0.02691511
0 0.57421875 0.36387163 0.028125 0.04658385
0 0.51328125 0.34937888 0.0171875 0.03209109
0 0.49375 0.28519668 0.0125 0.01552795