0 0.57460937 0.95134575 0.00703125 0.02070393
0 0.35664062 0.93478260 0.01796875 0.02484472
0 0.38984375 0.87370600 0.021875 0.00828157
0 0.51679687 0.88198757 0.01640625 0.03105590
0 0.39140625 0.85351966 0.01875 0.02380952
0 0.5953125 0.81987577 0.0203125 0.01449275
0 0.47851562 0.80797101 0.01484375 0.02173913
0 0.40390625 0.75724637 0.015625 0.02173913
0 0.66875 0.70600414 0.0140625 0.01863354
0 0.51132812 0.69616977 0.01484375 0.01759834
0 0.615625 0.57763975 0.0203125 0.02484472
0 0.5375 0.48188405 0.0140625 0.03209109
0 0.39726562 0.34109730 0.01640625 0.02173913
0 0.3640625 0.28260869 0.021875 0.03519668
0 0.50273437 0.15631469 0.02109375 0.02277432
0 0.61445312 0.14026915 0.02109375 0.03209109
0 0.515625 0.11697722 0.021875 0.02691511
0 0.34179687 0.07763975 0.01171875 0.01863354
0 0.45039062 0.06314699 0.02109375 0.01242236