0 0.5328125 0.99016563 0.009375 0.01966873
0 0.3140625 0.98291925 0.021875 0.01552795
0 0.37851562 0.91252587 0.01328125 0.01759834
0 0.39335937 0.91770186 0.01484375 0.03209109
0 0.30859375 0.91045548 0.0171875 0.02380952
0 0.48554687 0.90217391 0.01484375 0.01552795
0 0.5296875 0.90424430 0.0109375 0.02173913
0 0.44726562 0.89596273 0.02265625 0.01138716
0 0.63671875 0.89803312 0.0171875 0.02380952
0 0.3953125 0.88561076 0.0109375 0.01759834
0 0.3734375 0.88716356 0.0078125 0.02484472
0 0.44375 0.86490683 0.0171875 0.02380952
0 0.365625 0.84989648 0.0109375 0.01242236
0 0.603125 0.85507246 0.0078125 0.03312629
0 0.6625 0.84213250 0.0171875 0.02380952
0 0.42070312 0.82867494 0.00859375 0.01345755
0 0.3453125 0.82246376 0.0109375 0.01552795
0 0.45976562 0.81832298 0.00703125 0.02380952
0 0.59257812 0.81262939 0.01171875 0.01656314
0 0.37851562 0.80331262 0.01796875 0.02070393
0 0.30703125 0.79968944 0.0109375 0.01552795
0 0.67851562 0.78830227 0.01796875 0.01138716
0 0.53710937 0.77587991 0.01328125 0.01759834
0 0.32265625 0.76811594 0.009375 0.01656314
0 0.65742187 0.75465838 0.01015625 0.01242236
0 0.4140625 0.75362318 0.0109375 0.01863354
0 0.6515625 0.73809523 0.0140625 0.01863354
0 0.42773437 0.72567287 0.02265625 0.03519668
0 0.52890625 0.71118012 0.0109375 0.01449275
0 0.33867187 0.71066252 0.01640625 0.01759834
0 0.45390625 0.70445134 0.0296875 0.03209109
0 0.56601562 0.68322981 0.01171875 0.02484472
0 0.65429687 0.66045548 0.01015625 0.02898550
0 0.43398437 0.64440993 0.01484375 0.01552795
0 0.49960937 0.63975155 0.01171875 0.02070393
0 0.47109375 0.60973084 0.0125 0.01449275
0 0.56328125 0.61024844 0.0171875 0.02380952
0 0.64765625 0.60300207 0.01875 0.01345755
0 0.51601562 0.60351966 0.02265625 0.02484472
0 0.38359375 0.59161490 0.0125 0.01138716
0 0.56601562 0.58126293 0.01171875 0.01966873
0 0.33789062 0.55227743 0.01328125 0.01552795
0 0.6453125 0.54347826 0.0125 0.01449275
0 0.3015625 0.54089026 0.015625 0.01966873
0 0.58359375 0.53157349 0.0171875 0.02380952
0 0.39882812 0.52743271 0.01171875 0.01966873
0 0.44375 0.52070393 0.0234375 0.02277432
0 0.51875 0.51242236 0.009375 0.02484472
0 0.59179687 0.50465838 0.01015625 0.01759834
0 0.6515625 0.50465838 0.0171875 0.02380952
0 0.35546875 0.50776397 0.0109375 0.03002070
0 0.4375 0.48809523 0.0171875 0.02380952
0 0.34570312 0.47360248 0.01171875 0.01552795
0 0.5046875 0.47049689 0.0109375 0.01345755
0 0.39921875 0.47049689 0.0109375 0.01345755
0 0.29648437 0.46480331 0.01171875 0.01242236
0 0.45195312 0.44099378 0.01015625 0.01242236
0 0.34414062 0.44254658 0.01171875 0.01552795
0 0.6734375 0.44202898 0.0140625 0.02277432
0 0.55859375 0.42598343 0.0109375 0.01552795
0 0.41328125 0.42494824 0.0171875 0.02380952
0 0.61210937 0.39958592 0.00859375 0.01242236
0 0.31132812 0.39440993 0.01015625 0.02277432
0 0.5515625 0.39440993 0.0171875 0.02484472
0 0.6765625 0.38405797 0.0171875 0.02277432
0 0.58398437 0.36283643 0.01328125 0.02380952
0 0.61484375 0.32349896 0.0171875 0.02380952
0 0.35976562 0.30227743 0.01484375 0.01656314
0 0.42851562 0.28933747 0.01015625 0.01345755
0 0.6203125 0.28312629 0.009375 0.01552795
0 0.45664062 0.28519668 0.01171875 0.01966873
0 0.4234375 0.26915113 0.0125 0.01449275
0 0.34765625 0.27380952 0.009375 0.02795031
0 0.38242187 0.25362318 0.01171875 0.01449275
0 0.64648437 0.24430641 0.01484375 0.01656314
0 0.3984375 0.21118012 0.0125 0.01656314
0 0.33554687 0.18219461 0.01796875 0.02277432
0 0.36054687 0.17494824 0.00703125 0.01656314
0 0.61914062 0.17339544 0.01484375 0.02795031
0 0.44804687 0.15320910 0.00703125 0.01863354
0 0.628125 0.14648033 0.0171875 0.02380952
0 0.384375 0.14544513 0.0171875 0.02380952
0 0.41328125 0.13405797 0.0078125 0.01138716
0 0.44335937 0.12939958 0.01015625 0.01449275
0 0.35195312 0.12681159 0.00859375 0.02380952
0 0.4015625 0.11904761 0.015625 0.02898550
0 0.49765625 0.10921325 0.0171875 0.01138716
0 0.4859375 0.04865424 0.0203125 0.01449275
0 0.49609375 0.03364389 0.0078125 0.01138716
0 0.68320312 0.00879917 0.01171875 0.01759834