0 0.46601562 0.86335403 0.01640625 0.03105590
0 0.63398437 0.85351966 0.01953125 0.02380952
0 0.41757812 0.82349896 0.03203125 0.04037267
0 0.64101562 0.80020703 0.01953125 0.02898550
0 0.64765625 0.68064182 0.0125 0.02173913
0 0.5546875 0.67598343 0.0203125 0.03105590
0 0.3515625 0.51915113 0.01875 0.02380952
0 0.51171875 0.53312629 0.05 0.05797101
0 0.43164062 0.45341614 0.01640625 0.03105590
0 0.40585937 0.42287784 0.01796875 0.03209109
0 0.53789062 0.34575569 0.01484375 0.02484472
0 0.50820312 0.29296066 0.01640625 0.03105590
0 0.37617187 0.28623188 0.01640625 0.01759834
0 0.59453125 0.29606625 0.021875 0.04554865
0 0.51484375 0.24171842 0.0109375 0.02380952
0 0.37109375 0.07971014 0.0140625 0.05175983