0 0.5453125 0.98240165 0.01875 0.01035196
0 0.6828125 0.97153209 0.0140625 0.01138716
0 0.3015625 0.97670807 0.0171875 0.02795031
0 0.359375 0.95600414 0.0171875 0.03623188
0 0.38203125 0.93892339 0.025 0.01242236
0 0.42421875 0.93840579 0.0171875 0.02380952
0 0.58203125 0.92443064 0.0125 0.01242236
0 0.61210937 0.91356107 0.01171875 0.01759834
0 0.68320312 0.89544513 0.01640625 0.01242236
0 0.44140625 0.89130434 0.0140625 0.02070393
0 0.50078125 0.88405797 0.0109375 0.01656314
0 0.54257812 0.87525879 0.01015625 0.01138716
0 0.59140625 0.87267080 0.0109375 0.01449275
0 0.296875 0.84420289 0.0171875 0.02380952
0 0.6625 0.83850931 0.0109375 0.01656314
0 0.30664062 0.82505175 0.01171875 0.01863354
0 0.35742187 0.81262939 0.01015625 0.01242236
0 0.67148437 0.80279503 0.01640625 0.01759834
0 0.49179687 0.79037267 0.01328125 0.01759834
0 0.6234375 0.79037267 0.0171875 0.02380952
0 0.56914062 0.77536231 0.00703125 0.01449275
0 0.6515625 0.76966873 0.0109375 0.01552795
0 0.509375 0.76501035 0.0125 0.01863354
0 0.68515625 0.75828157 0.0125 0.01759834
0 0.4078125 0.74016563 0.009375 0.01449275
0 0.35039062 0.73913043 0.01328125 0.01449275
0 0.42773437 0.72722567 0.00859375 0.01345755
0 0.45664062 0.72153209 0.01015625 0.01449275
0 0.43164062 0.70393374 0.01015625 0.01242236
0 0.36367187 0.70445134 0.01015625 0.01345755
0 0.59882812 0.70962732 0.02421875 0.02587991
0 0.5109375 0.71583850 0.025 0.03830227
0 0.503125 0.69979296 0.009375 0.01242236
0 0.54726562 0.69875776 0.01015625 0.01656314
0 0.46523437 0.69616977 0.01015625 0.01552795
0 0.30742187 0.65890269 0.01328125 0.01345755
0 0.52109375 0.65165631 0.0265625 0.02380952
0 0.66523437 0.64130434 0.01171875 0.01552795
0 0.39140625 0.64544513 0.0171875 0.02380952
0 0.33984375 0.64182194 0.0171875 0.01656314
0 0.43398437 0.64285714 0.01171875 0.02277432
0 0.30507812 0.62991718 0.01015625 0.01345755
0 0.62929687 0.63198757 0.01171875 0.02173913
0 0.41484375 0.61956521 0.0171875 0.02380952
0 0.5015625 0.62163561 0.01875 0.03416149
0 0.60117187 0.61076604 0.01328125 0.01449275
0 0.40546875 0.59937888 0.0125 0.01242236
0 0.43476562 0.56677018 0.01171875 0.01345755
0 0.62695312 0.56780538 0.02890625 0.02795031
0 0.51054687 0.56728778 0.01953125 0.02691511
0 0.45351562 0.55952380 0.01171875 0.01759834
0 0.3421875 0.56159420 0.0171875 0.02380952
0 0.42304687 0.54554865 0.01015625 0.01449275
0 0.37382812 0.49689440 0.01015625 0.01449275
0 0.63242187 0.49378881 0.01171875 0.01242236
0 0.43476562 0.48240165 0.01015625 0.01449275
0 0.6390625 0.46946169 0.009375 0.01552795
0 0.47617187 0.46894409 0.01640625 0.01863354
0 0.60351562 0.45600414 0.01640625 0.02173913
0 0.49765625 0.45600414 0.0171875 0.02380952
0 0.4171875 0.44979296 0.0109375 0.01345755
0 0.55976562 0.44720496 0.00703125 0.01656314
0 0.465625 0.43374741 0.009375 0.01656314
0 0.34023437 0.42080745 0.01015625 0.01345755
0 0.50859375 0.42494824 0.01875 0.03209109
0 0.34765625 0.39906832 0.0171875 0.02380952
0 0.46875 0.39130434 0.0109375 0.01242236
0 0.62890625 0.38612836 0.0109375 0.01449275
0 0.57539062 0.38405797 0.01015625 0.01242236
0 0.59960937 0.32401656 0.01484375 0.01449275
0 0.47304687 0.31832298 0.01015625 0.01345755
0 0.60273437 0.27277432 0.01484375 0.01966873
0 0.36523437 0.24637681 0.01171875 0.01656314
0 0.4046875 0.24585921 0.0171875 0.02380952
0 0.58828125 0.23913043 0.0078125 0.02277432
0 0.34726562 0.21014492 0.01328125 0.01863354
0 0.61757812 0.18737060 0.00859375 0.01656314
0 0.35390625 0.18530020 0.028125 0.01449275
0 0.465625 0.19565217 0.015625 0.03933747
0 0.5984375 0.16200828 0.0171875 0.02380952
0 0.33242187 0.15062111 0.01015625 0.01759834
0 0.47617187 0.12111801 0.01796875 0.01242236
0 0.51601562 0.09316770 0.00859375 0.01449275
0 0.47304687 0.08799171 0.01015625 0.01449275
0 0.57695312 0.08592132 0.01015625 0.01242236
0 0.35898437 0.06625258 0.02734375 0.01035196
0 0.6421875 0.07142857 0.009375 0.03105590
0 0.684375 0.03881987 0.0078125 0.01759834