0 0.29570312 0.97981366 0.01484375 0.01552795
0 0.56171875 0.94616977 0.015625 0.01242236
0 0.31484375 0.94047619 0.0203125 0.02380952
0 0.6875 0.89855072 0.0078125 0.01449275
0 0.4328125 0.89803312 0.0234375 0.02380952
0 0.340625 0.88509316 0.0109375 0.01656314
0 0.4984375 0.87422360 0.0109375 0.01759834
0 0.57734375 0.84627329 0.0109375 0.01759834
0 0.528125 0.83385093 0.0109375 0.01759834
0 0.58398437 0.82142857 0.01640625 0.01759834
0 0.66015625 0.81055900 0.009375 0.01242236
0 0.31171875 0.80227743 0.0140625 0.01656314
0 0.52890625 0.79865424 0.0125 0.01552795
0 0.44414062 0.79503105 0.01328125 0.01656314
0 0.32265625 0.78105590 0.0171875 0.02380952
0 0.68398437 0.77536231 0.01015625 0.01449275
0 0.34765625 0.77484472 0.0109375 0.01552795
0 0.62304687 0.77122153 0.01015625 0.01242236
0 0.390625 0.77225672 0.0203125 0.02898550
0 0.64179687 0.76397515 0.01796875 0.02484472
0 0.446875 0.74482401 0.0078125 0.01345755
0 0.571875 0.70600414 0.0125 0.01656314
0 0.44179687 0.67753623 0.01015625 0.01966873
0 0.4609375 0.67546583 0.0109375 0.01759834
0 0.45117187 0.65942028 0.01015625 0.02691511
0 0.67539062 0.65320910 0.01015625 0.01656314
0 0.57890625 0.65217391 0.0125 0.01449275
0 0.51601562 0.64337474 0.02109375 0.03002070
0 0.321875 0.63612836 0.0171875 0.02380952
0 0.39960937 0.63043478 0.02265625 0.01449275
0 0.68515625 0.61542443 0.0125 0.01552795
0 0.61640625 0.61387163 0.015625 0.01656314
0 0.65703125 0.61335403 0.0140625 0.01966873
0 0.42539062 0.60144927 0.00859375 0.02277432
0 0.3640625 0.58850931 0.0171875 0.02380952
0 0.65039062 0.55486542 0.00859375 0.01242236
0 0.51132812 0.56107660 0.01328125 0.03519668
0 0.34453125 0.54606625 0.0109375 0.01345755
0 0.4203125 0.54347826 0.009375 0.01449275
0 0.59453125 0.54037267 0.009375 0.01449275
0 0.49140625 0.52795031 0.0109375 0.01449275
0 0.43164062 0.51966873 0.00859375 0.01449275
0 0.41953125 0.51656314 0.0109375 0.01449275
0 0.34648437 0.49896480 0.01328125 0.01035196
0 0.30351562 0.48654244 0.00859375 0.01242236
0 0.48203125 0.49120082 0.0171875 0.02380952
0 0.53554687 0.47670807 0.00859375 0.01138716
0 0.51367187 0.47360248 0.01484375 0.01552795
0 0.54960937 0.44513457 0.01171875 0.01449275
0 0.40664062 0.44513457 0.02109375 0.02277432
0 0.5765625 0.43322981 0.0109375 0.01345755
0 0.65625 0.42339544 0.0109375 0.01449275
0 0.3453125 0.41873706 0.0109375 0.01552795
0 0.478125 0.41252587 0.0140625 0.01759834
0 0.60507812 0.40942028 0.01015625 0.01552795
0 0.54960937 0.40372670 0.01328125 0.01035196
0 0.41171875 0.40269151 0.0125 0.01449275
0 0.40078125 0.39078674 0.009375 0.01345755
0 0.47851562 0.39078674 0.01328125 0.01552795
0 0.33867187 0.39026915 0.01171875 0.02277432
0 0.33125 0.36231884 0.015625 0.01449275
0 0.42734375 0.37008281 0.0265625 0.03623188
0 0.61289062 0.35559006 0.01484375 0.01345755
0 0.63046875 0.35507246 0.0109375 0.01449275
0 0.4421875 0.33281573 0.0171875 0.02380952
0 0.4234375 0.31521739 0.0109375 0.01345755
0 0.44570312 0.30486542 0.00859375 0.01138716
0 0.61015625 0.28209109 0.0125 0.01552795
0 0.52539062 0.27795031 0.01171875 0.01345755
0 0.4796875 0.26811594 0.0140625 0.01242236
0 0.57734375 0.26552795 0.0125 0.01552795
0 0.56914062 0.24896480 0.00703125 0.00931677
0 0.58085937 0.23291925 0.01171875 0.01863354
0 0.60859375 0.23240165 0.0109375 0.01966873
0 0.5 0.22826086 0.0078125 0.01138716
0 0.609375 0.20703933 0.009375 0.01035196
0 0.40234375 0.20807453 0.0078125 0.01863354
0 0.37851562 0.17908902 0.01015625 0.02277432
0 0.57148437 0.16045548 0.02109375 0.01863354
0 0.50117187 0.15165631 0.00859375 0.01552795
0 0.37773437 0.13871635 0.01171875 0.01656314
0 0.559375 0.13612836 0.0140625 0.01552795
0 0.64960937 0.13457556 0.01015625 0.01656314
0 0.33203125 0.12836438 0.0109375 0.01656314
0 0.59335937 0.12215320 0.00859375 0.01449275
0 0.3609375 0.10662525 0.0234375 0.02070393
0 0.51054687 0.08333333 0.01796875 0.01759834
0 0.60546875 0.05641821 0.0234375 0.01759834
0 0.46992187 0.05331262 0.01171875 0.01966873
0 0.4296875 0.02743271 0.0171875 0.02380952
0 0.54101562 0.00569358 0.01640625 0.01138716
0 0.50976562 0.00879917 0.02578125 0.01759834