0 0.46445312 0.96687370 0.01484375 0.01449275
0 0.34335937 0.95134575 0.01484375 0.01656314
0 0.42070312 0.94461697 0.01484375 0.00931677
0 0.3578125 0.90942028 0.015625 0.01966873
0 0.309375 0.91200828 0.0203125 0.03312629
0 0.328125 0.89699792 0.0109375 0.02173913
0 0.46484375 0.89078674 0.0109375 0.01552795
0 0.49765625 0.88250517 0.0125 0.00931677
0 0.4140625 0.88561076 0.009375 0.01759834
0 0.38515625 0.88146997 0.015625 0.01345755
0 0.66679687 0.86697722 0.00859375 0.01138716
0 0.58710937 0.86024844 0.01484375 0.01035196
0 0.40078125 0.83643892 0.0078125 0.01035196
0 0.45039062 0.83954451 0.01484375 0.02070393
0 0.58320312 0.82867494 0.01953125 0.03623188
0 0.62578125 0.81780538 0.0125 0.01656314
0 0.66835937 0.82246376 0.02421875 0.03830227
0 0.5203125 0.80124223 0.015625 0.01035196
0 0.62695312 0.79037267 0.00859375 0.01138716
0 0.471875 0.78467908 0.0109375 0.01656314
0 0.62421875 0.75776397 0.0078125 0.01656314
0 0.6421875 0.74534161 0.0125 0.01449275
0 0.31640625 0.74327122 0.0078125 0.01242236
0 0.58125 0.73447204 0.0078125 0.01552795
0 0.46523437 0.71790890 0.03046875 0.03623188
0 0.31328125 0.70341614 0.0203125 0.01966873
0 0.39335937 0.68840579 0.01171875 0.01863354
0 0.4875 0.68892339 0.0171875 0.02380952
0 0.3015625 0.66149068 0.0078125 0.00828157
0 0.5078125 0.66252587 0.0109375 0.01449275
0 0.59257812 0.64130434 0.01171875 0.01552795
0 0.3265625 0.64233954 0.0125 0.01759834
0 0.63320312 0.63095238 0.01640625 0.01345755
0 0.48710937 0.63198757 0.01484375 0.02173913
0 0.52226562 0.57660455 0.01015625 0.01449275
0 0.31289062 0.57453416 0.01171875 0.01656314
0 0.41757812 0.55848861 0.01328125 0.02380952
0 0.50664062 0.55072463 0.01640625 0.01035196
0 0.56523437 0.53985507 0.01171875 0.01552795
0 0.63984375 0.53519668 0.0109375 0.01242236
0 0.46757812 0.51966873 0.00859375 0.01656314
0 0.53125 0.51966873 0.0234375 0.01863354
0 0.36796875 0.51811594 0.021875 0.01966873
0 0.33632812 0.51552795 0.01015625 0.01449275
0 0.43476562 0.51656314 0.01484375 0.02691511
0 0.309375 0.50103519 0.0109375 0.01656314
0 0.53828125 0.50155279 0.0171875 0.02380952
0 0.39179687 0.49482401 0.00859375 0.01035196
0 0.36210937 0.49844720 0.01328125 0.01759834
0 0.59960937 0.49068322 0.01015625 0.02070393
0 0.68515625 0.48395445 0.0140625 0.02380952
0 0.384375 0.47929606 0.009375 0.02070393
0 0.58554687 0.43530020 0.01328125 0.01552795
0 0.48515625 0.42857142 0.015625 0.01863354
0 0.64882812 0.41511387 0.01015625 0.01035196
0 0.37578125 0.40579710 0.015625 0.01656314
0 0.5375 0.40527950 0.0171875 0.02380952
0 0.63554687 0.39596273 0.00859375 0.02795031
0 0.58359375 0.37939958 0.0171875 0.02380952
0 0.54101562 0.36438923 0.01328125 0.01449275
0 0.42421875 0.35248447 0.0109375 0.01345755
0 0.50429687 0.34989648 0.01171875 0.01656314
0 0.58203125 0.34782608 0.009375 0.01656314
0 0.59023437 0.33281573 0.01171875 0.01552795
0 0.45078125 0.32039337 0.0109375 0.00931677
0 0.40078125 0.32453416 0.0171875 0.02380952
0 0.53671875 0.31469979 0.009375 0.01449275
0 0.3640625 0.31211180 0.015625 0.01966873
0 0.340625 0.30952380 0.015625 0.01449275
0 0.48398437 0.30124223 0.01328125 0.01449275
0 0.55429687 0.29813664 0.01171875 0.02484472
0 0.44179687 0.28985507 0.01171875 0.01449275
0 0.50742187 0.28260869 0.01171875 0.01656314
0 0.40546875 0.28053830 0.015625 0.02070393
0 0.55820312 0.24120082 0.02265625 0.02691511
0 0.44179687 0.22670807 0.00859375 0.01242236
0 0.62109375 0.22929606 0.0171875 0.03416149
0 0.3703125 0.21842650 0.009375 0.01656314
0 0.38632812 0.19616977 0.02578125 0.01759834
0 0.55625 0.18995859 0.0140625 0.02380952
0 0.615625 0.16356107 0.021875 0.03519668
0 0.52890625 0.15786749 0.0171875 0.02380952
0 0.4921875 0.15424430 0.021875 0.02691511
0 0.640625 0.11180124 0.0140625 0.01863354
0 0.6328125 0.08799171 0.0109375 0.01449275
0 0.475 0.08850931 0.0171875 0.02380952
0 0.54023437 0.06935817 0.00859375 0.02484472
0 0.49570312 0.01811594 0.02578125 0.02380952
0 0.54921875 0.00724637 0.009375 0.01242236