0 0.4515625 0.89130434 0.0171875 0.01863354
0 0.4640625 0.86128364 0.0125 0.01449275
0 0.31835937 0.85351966 0.01640625 0.02587991
0 0.63554687 0.83695652 0.01328125 0.02795031
0 0.44804687 0.73033126 0.01328125 0.01552795
0 0.5625 0.71376811 0.015625 0.02380952
0 0.46328125 0.71273291 0.015625 0.02173913
0 0.30351562 0.70238095 0.00703125 0.02173913
0 0.490625 0.64440993 0.015625 0.01552795
0 0.525 0.62060041 0.01875 0.03416149
0 0.3390625 0.55020703 0.0140625 0.01759834
0 0.31992187 0.54813664 0.01484375 0.02380952
0 0.31367187 0.47722567 0.01171875 0.01656314
0 0.33164062 0.42546583 0.01328125 0.01863354
0 0.68203125 0.40424430 0.0203125 0.04244306
0 0.62851562 0.38819875 0.02109375 0.02484472
0 0.36171875 0.35455486 0.0125 0.00724637
0 0.55078125 0.35869565 0.015625 0.03209109
0 0.4796875 0.34730848 0.01875 0.02587991
0 0.40195312 0.33902691 0.03828125 0.03416149
0 0.5109375 0.32039337 0.0265625 0.02795031
0 0.3859375 0.30848861 0.015625 0.02277432
0 0.41445312 0.13250517 0.01484375 0.01656314
0 0.6234375 0.02277432 0.015625 0.02277432