0 0.57929687 0.96687370 0.01171875 0.01863354
0 0.64453125 0.94927536 0.009375 0.01863354
0 0.45742187 0.94979296 0.01796875 0.01966873
0 0.47851562 0.94565217 0.01640625 0.01759834
0 0.51484375 0.91356107 0.0078125 0.00931677
0 0.57695312 0.91407867 0.01328125 0.01656314
0 0.49921875 0.91563146 0.0171875 0.02380952
0 0.40664062 0.89440993 0.01015625 0.01242236
0 0.61171875 0.88819875 0.0109375 0.01242236
0 0.59804687 0.88664596 0.01328125 0.01759834
0 0.35976562 0.87060041 0.00703125 0.01449275
0 0.42148437 0.86490683 0.01328125 0.01552795
0 0.58828125 0.86024844 0.0109375 0.01449275
0 0.36484375 0.83902691 0.015625 0.01759834
0 0.6046875 0.83126293 0.0109375 0.01035196
0 0.55625 0.82867494 0.0171875 0.02380952
0 0.65585937 0.80486542 0.00859375 0.01345755
0 0.4796875 0.80383022 0.0140625 0.01966873
0 0.43710937 0.79503105 0.01171875 0.01863354
0 0.4703125 0.78053830 0.0140625 0.01035196
0 0.58203125 0.78002070 0.0171875 0.01966873
0 0.31796875 0.76501035 0.009375 0.01242236
0 0.44609375 0.76449275 0.0140625 0.02795031
0 0.37109375 0.74430641 0.0109375 0.01656314
0 0.653125 0.74689440 0.0171875 0.02380952
0 0.43984375 0.73498964 0.009375 0.01242236
0 0.34882812 0.72826086 0.00859375 0.01552795
0 0.62734375 0.71687370 0.0125 0.01345755
0 0.47734375 0.71532091 0.0109375 0.02070393
0 0.59492187 0.70652173 0.00859375 0.01138716
0 0.64023437 0.69306418 0.00859375 0.01138716
0 0.43398437 0.68478260 0.01484375 0.01966873
0 0.56835937 0.68012422 0.01171875 0.01656314
0 0.671875 0.68271221 0.0171875 0.02380952
0 0.625 0.67339544 0.0140625 0.00931677
0 0.371875 0.66200828 0.0109375 0.01345755
0 0.46953125 0.65631469 0.015625 0.01449275
0 0.29257812 0.65269151 0.00859375 0.01552795
0 0.36132812 0.64648033 0.01171875 0.01552795
0 0.45820312 0.63768115 0.02109375 0.01242236
0 0.4890625 0.63457556 0.0078125 0.01035196
0 0.42617187 0.61749482 0.00859375 0.01138716
0 0.4484375 0.60921325 0.025 0.01759834
0 0.4109375 0.60196687 0.0125 0.01552795
0 0.50703125 0.55227743 0.009375 0.01345755
0 0.32773437 0.55383022 0.01171875 0.01656314
0 0.42304687 0.54658385 0.01015625 0.01035196
0 0.3703125 0.54503105 0.0171875 0.02380952
0 0.45390625 0.53623188 0.009375 0.01449275
0 0.40273437 0.52484472 0.01171875 0.01656314
0 0.35546875 0.51759834 0.0109375 0.01449275
0 0.30585937 0.50569358 0.01484375 0.01552795
0 0.60546875 0.50776397 0.0171875 0.02380952
0 0.54140625 0.50362318 0.0171875 0.01552795
0 0.33710937 0.49637681 0.01328125 0.00931677
0 0.46054687 0.49327122 0.00859375 0.01759834
0 0.67734375 0.48498964 0.0171875 0.02380952
0 0.44179687 0.47567287 0.01171875 0.01759834
0 0.41523437 0.46997929 0.03046875 0.02484472
0 0.45039062 0.46118012 0.01796875 0.01759834
0 0.52304687 0.44047619 0.01171875 0.01966873
0 0.32695312 0.42960662 0.01015625 0.01449275
0 0.49960937 0.41563146 0.01640625 0.01138716
0 0.64414062 0.41200828 0.00859375 0.01449275
0 0.48554687 0.40320910 0.00859375 0.01759834
0 0.37773437 0.39544513 0.00859375 0.01449275
0 0.65273437 0.38819875 0.01171875 0.01449275
0 0.53007812 0.37991718 0.01328125 0.01656314
0 0.63867187 0.36904761 0.01015625 0.01345755
0 0.6015625 0.36853002 0.0109375 0.01242236
0 0.37304687 0.37008281 0.01171875 0.01552795
0 0.4140625 0.35455486 0.009375 0.01345755
0 0.58515625 0.35041407 0.0125 0.01759834
0 0.56210937 0.33643892 0.01328125 0.01449275
0 0.43828125 0.33022774 0.0109375 0.01449275
0 0.49179687 0.31832298 0.01484375 0.01966873
0 0.52148437 0.29037267 0.01640625 0.02173913
0 0.4890625 0.27639751 0.0234375 0.01242236
0 0.5296875 0.27329192 0.009375 0.01242236
0 0.41484375 0.27743271 0.015625 0.02898550
0 0.36914062 0.26759834 0.01328125 0.01138716
0 0.63984375 0.24585921 0.0125 0.01759834
0 0.55664062 0.24585921 0.02421875 0.02380952
0 0.44257812 0.23136645 0.01015625 0.00931677
0 0.49609375 0.19772256 0.0109375 0.01449275
0 0.4109375 0.17753623 0.0109375 0.02173913
0 0.37890625 0.15269151 0.0140625 0.01552795
0 0.51328125 0.15062111 0.0125 0.01552795
0 0.646875 0.14492753 0.0140625 0.01656314
0 0.58515625 0.13561076 0.0171875 0.01863354
0 0.38984375 0.11853002 0.0140625 0.01552795
0 0.65078125 0.06935817 0.0078125 0.01656314
0 0.61328125 0.06211180 0.0125 0.01656314
0 0.51015625 0.02329192 0.0171875 0.01138716
0 0.6421875 0.00672877 0.025 0.01345755