0 0.57617187 0.98913043 0.01328125 0.02173913
0 0.57070312 0.96480331 0.02421875 0.01656314
0 0.6328125 0.96376811 0.0171875 0.01863354
0 0.53359375 0.94979296 0.0171875 0.02380952
0 0.65078125 0.93219461 0.0171875 0.02380952
0 0.4375 0.91563146 0.0171875 0.02380952
0 0.56171875 0.90993788 0.0078125 0.02277432
0 0.34570312 0.90476190 0.01328125 0.02484472
0 0.40664062 0.89182194 0.00859375 0.02380952
0 0.68046875 0.88302277 0.0171875 0.01449275
0 0.61210937 0.88819875 0.00859375 0.02484472
0 0.36171875 0.88457556 0.0171875 0.02380952
0 0.60742187 0.86594202 0.01328125 0.00931677
0 0.3171875 0.83281573 0.009375 0.01345755
0 0.52695312 0.83178053 0.00859375 0.01759834
0 0.64296875 0.81832298 0.0171875 0.02380952
0 0.58046875 0.81159420 0.0078125 0.01242236
0 0.328125 0.81262939 0.0140625 0.01863354
0 0.40585937 0.80848861 0.01171875 0.01242236
0 0.4421875 0.80279503 0.0109375 0.01138716
0 0.346875 0.77018633 0.01875 0.02691511
0 0.66757812 0.75362318 0.00703125 0.00828157
0 0.40078125 0.75362318 0.0171875 0.01863354
0 0.52109375 0.75258799 0.0140625 0.02070393
0 0.47734375 0.74378881 0.015625 0.01552795
0 0.29492187 0.74689440 0.01328125 0.02380952
0 0.62109375 0.74275362 0.0171875 0.02380952
0 0.52226562 0.72412008 0.01171875 0.01552795
0 0.56015625 0.69513457 0.0171875 0.01138716
0 0.54570312 0.67701863 0.00703125 0.02070393
0 0.45585937 0.66666666 0.01484375 0.01656314
0 0.40234375 0.66614906 0.0171875 0.02380952
0 0.4890625 0.66200828 0.0171875 0.02380952
0 0.6046875 0.64596273 0.0109375 0.02070393
0 0.56640625 0.63975155 0.0109375 0.01242236
0 0.39179687 0.63043478 0.01796875 0.01035196
0 0.59882812 0.59679089 0.01015625 0.01552795
0 0.64648437 0.59161490 0.01484375 0.01345755
0 0.31171875 0.59109730 0.0125 0.01656314
0 0.6828125 0.57712215 0.0140625 0.01966873
0 0.44960937 0.56935817 0.01640625 0.01656314
0 0.47695312 0.56884057 0.01328125 0.01759834
0 0.56289062 0.51811594 0.01015625 0.01345755
0 0.55546875 0.52432712 0.0203125 0.03002070
0 0.31328125 0.49171842 0.009375 0.01242236
0 0.4515625 0.49585921 0.028125 0.02484472
0 0.63007812 0.49327122 0.01640625 0.02380952
0 0.41914062 0.47360248 0.01171875 0.01138716
0 0.33515625 0.46790890 0.0171875 0.02277432
0 0.45898437 0.46169772 0.00859375 0.01449275
0 0.42421875 0.44927536 0.0125 0.01863354
0 0.528125 0.44513457 0.015625 0.02277432
0 0.66484375 0.44668737 0.0140625 0.02795031
0 0.3421875 0.42028985 0.0109375 0.01449275
0 0.39609375 0.40579710 0.0140625 0.01035196
0 0.325 0.40838509 0.0171875 0.02380952
0 0.29257812 0.40165631 0.00859375 0.01656314
0 0.46132812 0.39648033 0.00859375 0.01035196
0 0.49921875 0.38405797 0.0109375 0.01449275
0 0.48085937 0.37318840 0.01015625 0.01138716
0 0.58398437 0.37215320 0.01640625 0.01966873
0 0.334375 0.35351966 0.0171875 0.02380952
0 0.63828125 0.35041407 0.0078125 0.02380952
0 0.47851562 0.32091097 0.01015625 0.01035196
0 0.55039062 0.32401656 0.01171875 0.01863354
0 0.5640625 0.31832298 0.0078125 0.01138716
0 0.35859375 0.32453416 0.0171875 0.02380952
0 0.46679687 0.30331262 0.01328125 0.01449275
0 0.33398437 0.29606625 0.01484375 0.01656314
0 0.64140625 0.29192546 0.025 0.02484472
0 0.51484375 0.28623188 0.0171875 0.02380952
0 0.44140625 0.26138716 0.0125 0.01345755
0 0.44765625 0.24327122 0.0109375 0.01449275
0 0.63476562 0.22929606 0.01328125 0.01759834
0 0.46484375 0.22929606 0.021875 0.04037267
0 0.42617187 0.21066252 0.01171875 0.01345755
0 0.61523437 0.20548654 0.01796875 0.01552795
0 0.38085937 0.21014492 0.01015625 0.03105590
0 0.35 0.19358178 0.0140625 0.01035196
0 0.47226562 0.18633540 0.01171875 0.01449275
0 0.52734375 0.18685300 0.0171875 0.02380952
0 0.36523437 0.18219461 0.01328125 0.01656314
0 0.61367187 0.16045548 0.01328125 0.01656314
0 0.36953125 0.15786749 0.0171875 0.02380952
0 0.59804687 0.14544513 0.01484375 0.01552795
0 0.6234375 0.13354037 0.0109375 0.01449275
0 0.534375 0.11024844 0.0109375 0.01345755
0 0.34179687 0.08954451 0.01171875 0.03002070
0 0.62929687 0.07867494 0.01640625 0.02070393
0 0.33125 0.07401656 0.0078125 0.01345755
0 0.54570312 0.06987577 0.01015625 0.01345755
0 0.45742187 0.06677018 0.01484375 0.01345755