0 0.6390625 0.86283643 0.01875 0.02380952
0 0.49882812 0.84937888 0.04921875 0.05693581
0 0.42578125 0.82401656 0.015625 0.03105590
0 0.39140625 0.76501035 0.01875 0.02070393
0 0.6203125 0.76449275 0.021875 0.03830227
0 0.59765625 0.69409937 0.0125 0.01552795
0 0.6453125 0.65113871 0.0203125 0.03312629
0 0.45742187 0.45238095 0.01640625 0.03105590
0 0.640625 0.38768115 0.0125 0.02587991
0 0.38046875 0.35196687 0.01875 0.01656314
0 0.42148437 0.32763975 0.02734375 0.01552795
0 0.5390625 0.32712215 0.0171875 0.01863354
0 0.41484375 0.29244306 0.0140625 0.01552795
0 0.50429687 0.22360248 0.01328125 0.02691511
0 0.63476562 0.09523809 0.01171875 0.02070393