0 0.40078125 0.88302277 0.0125 0.01449275
0 0.39453125 0.80434782 0.0171875 0.02484472
0 0.36015625 0.77898550 0.0125 0.00931677
0 0.55117187 0.76449275 0.01484375 0.01759834
0 0.61679687 0.76293995 0.01171875 0.01656314
0 0.36523437 0.67753623 0.01171875 0.01552795
0 0.63632812 0.65890269 0.01640625 0.01966873
0 0.61289062 0.65010351 0.01484375 0.02277432
0 0.32109375 0.63923395 0.025 0.03002070
0 0.49648437 0.57712215 0.01015625 0.01345755
0 0.45429687 0.46894409 0.02109375 0.02898550
0 0.59414062 0.44824016 0.01640625 0.02691511
0 0.43242187 0.43944099 0.01484375 0.01759834
0 0.46210937 0.42287784 0.01640625 0.01966873
0 0.63671875 0.38457556 0.015625 0.00931677
0 0.5859375 0.37629399 0.0125 0.01138716
0 0.428125 0.37163561 0.0171875 0.02277432
0 0.40625 0.35817805 0.0109375 0.01863354
0 0.47421875 0.32142857 0.015625 0.03002070
0 0.49101562 0.25776397 0.02265625 0.02277432
0 0.58671875 0.25155279 0.0140625 0.01863354
0 0.34570312 0.14699792 0.00859375 0.00828157
0 0.37070312 0.05900621 0.01796875 0.02070393