0 0.28710937 0.98395445 0.01640625 0.01345755
0 0.44882812 0.98447204 0.01171875 0.03105590
0 0.66484375 0.96635610 0.0140625 0.01759834
0 0.475 0.96221532 0.0171875 0.02380952
0 0.37460937 0.95031055 0.01171875 0.01449275
0 0.30078125 0.94668737 0.0171875 0.02380952
0 0.33671875 0.91977225 0.015625 0.01966873
0 0.50820312 0.91149068 0.01015625 0.01552795
0 0.3546875 0.90942028 0.0109375 0.01552795
0 0.37851562 0.90579710 0.01171875 0.01449275
0 0.62070312 0.90372670 0.01328125 0.01449275
0 0.42695312 0.90269151 0.02578125 0.01863354
0 0.65546875 0.90113871 0.0140625 0.01759834
0 0.5546875 0.89544513 0.0109375 0.01242236
0 0.61054687 0.88716356 0.01171875 0.01242236
0 0.46328125 0.88457556 0.0109375 0.01345755
0 0.33242187 0.87267080 0.01171875 0.01449275
0 0.675 0.86956521 0.0109375 0.01656314
0 0.390625 0.86904761 0.01875 0.02380952
0 0.61015625 0.85144927 0.0171875 0.02380952
0 0.575 0.84109730 0.0109375 0.01345755
0 0.63554687 0.82505175 0.01015625 0.02070393
0 0.42734375 0.82763975 0.0203125 0.03623188
0 0.40585937 0.81159420 0.00859375 0.01242236
0 0.34023437 0.77846790 0.01171875 0.01449275
0 0.62734375 0.77380952 0.00625 0.01759834
0 0.38515625 0.77329192 0.0125 0.01656314
0 0.64492187 0.75621118 0.01171875 0.01966873
0 0.36445312 0.72412008 0.01015625 0.01966873
0 0.40429687 0.72360248 0.01484375 0.02484472
0 0.55078125 0.71169772 0.009375 0.01138716
0 0.39453125 0.69772256 0.0125 0.01449275
0 0.32578125 0.68115942 0.0078125 0.01242236
0 0.49804687 0.68167701 0.01328125 0.01966873
0 0.66601562 0.62681159 0.00859375 0.01759834
0 0.60507812 0.61594202 0.01015625 0.01242236
0 0.35703125 0.61076604 0.0125 0.01656314
0 0.66835937 0.60869565 0.01484375 0.01449275
0 0.553125 0.57971014 0.0078125 0.01656314
0 0.29453125 0.57194616 0.0125 0.01552795
0 0.3125 0.54503105 0.009375 0.01759834
0 0.49335937 0.52329192 0.01328125 0.01552795
0 0.58710937 0.51708074 0.01015625 0.01759834
0 0.2953125 0.50672877 0.0140625 0.01966873
0 0.51601562 0.50103519 0.02734375 0.02277432
0 0.64648437 0.49482401 0.01484375 0.02277432
0 0.38710937 0.49016563 0.01171875 0.01552795
0 0.4390625 0.48706004 0.0203125 0.02173913
0 0.49453125 0.47515527 0.009375 0.01242236
0 0.58789062 0.47049689 0.01015625 0.01138716
0 0.3828125 0.46325051 0.009375 0.01345755
0 0.60859375 0.46428571 0.0125 0.02380952
0 0.65234375 0.44668737 0.0109375 0.01345755
0 0.32734375 0.43271221 0.00625 0.00828157
0 0.6109375 0.42753623 0.0140625 0.01656314
0 0.5390625 0.42236024 0.0171875 0.01035196
0 0.46523437 0.41977225 0.00859375 0.01138716
0 0.3171875 0.41511387 0.0140625 0.02070393
0 0.378125 0.39906832 0.009375 0.01138716
0 0.54296875 0.37111801 0.0125 0.01138716
0 0.54570312 0.35403726 0.01015625 0.01242236
0 0.3828125 0.35973084 0.015625 0.03830227
0 0.41640625 0.33902691 0.0109375 0.01552795
0 0.63945312 0.33436853 0.02265625 0.01863354
0 0.37421875 0.32815734 0.0109375 0.01035196
0 0.5859375 0.31159420 0.0140625 0.01863354
0 0.36757812 0.30952380 0.02890625 0.02070393
0 0.54804687 0.30383022 0.00859375 0.02173913
0 0.43671875 0.29037267 0.0171875 0.01552795
0 0.48710937 0.27846790 0.01484375 0.02070393
0 0.60429687 0.27070393 0.01953125 0.02380952
0 0.45585937 0.25155279 0.01015625 0.01656314
0 0.39335937 0.24482401 0.01015625 0.01552795
0 0.33632812 0.23913043 0.01015625 0.01449275
0 0.55039062 0.23240165 0.01640625 0.02173913
0 0.59726562 0.21997929 0.01953125 0.03209109
0 0.50625 0.20652173 0.0078125 0.01966873
0 0.384375 0.20652173 0.0171875 0.02380952
0 0.584375 0.17701863 0.009375 0.01242236
0 0.60859375 0.17443064 0.01875 0.01345755
0 0.59765625 0.14389233 0.0125 0.01863354
0 0.6234375 0.12732919 0.0125 0.01035196
0 0.48945312 0.12732919 0.01171875 0.01656314
0 0.40273437 0.12318840 0.01015625 0.01035196
0 0.63476562 0.11128364 0.01328125 0.01966873
0 0.36914062 0.10610766 0.01171875 0.01759834
0 0.62890625 0.02846790 0.0171875 0.02380952
0 0.52265625 0.01293995 0.0171875 0.02173913
0 0.46445312 0.00776397 0.01171875 0.01552795