0 0.43828125 0.97308488 0.0125 0.01863354
0 0.42382812 0.96583850 0.01796875 0.02691511
0 0.59492187 0.93012422 0.01484375 0.01759834
0 0.42265625 0.91149068 0.0171875 0.02380952
0 0.49179687 0.89803312 0.01484375 0.01345755
0 0.48242187 0.88198757 0.01015625 0.01035196
0 0.303125 0.88664596 0.0171875 0.02380952
0 0.596875 0.89130434 0.0171875 0.03726708
0 0.6609375 0.87784679 0.015625 0.01656314
0 0.52578125 0.87060041 0.009375 0.01242236
0 0.56523437 0.87422360 0.00703125 0.02380952
0 0.3390625 0.85662525 0.0109375 0.01552795
0 0.65234375 0.83850931 0.009375 0.01656314
0 0.40546875 0.81987577 0.009375 0.01449275
0 0.47070312 0.81780538 0.01015625 0.01242236
0 0.29492187 0.81107660 0.01328125 0.01759834
0 0.4203125 0.80486542 0.0140625 0.01966873
0 0.53476562 0.79917184 0.01484375 0.01863354
0 0.5109375 0.78778467 0.0109375 0.01242236
0 0.61640625 0.77743271 0.015625 0.03105590
0 0.58945312 0.76086956 0.01484375 0.02691511
0 0.35390625 0.74689440 0.0109375 0.01552795
0 0.6109375 0.74120082 0.0140625 0.01656314
0 0.32070312 0.73084886 0.01328125 0.01656314
0 0.671875 0.72826086 0.0171875 0.02380952
0 0.51367187 0.72412008 0.01640625 0.01552795
0 0.58398437 0.69047619 0.01015625 0.01449275
0 0.41953125 0.68478260 0.0125 0.01759834
0 0.33320312 0.67236024 0.01328125 0.01759834
0 0.4734375 0.65838509 0.015625 0.01863354
0 0.37226562 0.62784679 0.00859375 0.01345755
0 0.6171875 0.61904761 0.0140625 0.02070393
0 0.31914062 0.61645962 0.01328125 0.01552795
0 0.43515625 0.61438923 0.0125 0.01345755
0 0.51015625 0.61853002 0.0171875 0.02380952
0 0.52890625 0.60455486 0.0109375 0.01656314
0 0.38242187 0.59886128 0.01328125 0.01966873
0 0.603125 0.59989648 0.0078125 0.03209109
0 0.49726562 0.58229813 0.01015625 0.01345755
0 0.39570312 0.57039337 0.01328125 0.01035196
0 0.35625 0.55227743 0.0171875 0.02380952
0 0.50234375 0.54503105 0.0140625 0.01552795
0 0.39492187 0.52329192 0.00859375 0.01552795
0 0.371875 0.52639751 0.0171875 0.02380952
0 0.4859375 0.52173913 0.0109375 0.01656314
0 0.56328125 0.49792960 0.015625 0.02070393
0 0.52109375 0.49637681 0.0109375 0.02173913
0 0.68242187 0.48602484 0.01015625 0.01345755
0 0.59257812 0.48240165 0.01796875 0.02898550
0 0.4578125 0.47412008 0.01875 0.01656314
0 0.30351562 0.46739130 0.01328125 0.01138716
0 0.56484375 0.47101449 0.015625 0.02898550
0 0.35390625 0.46842650 0.0171875 0.02380952
0 0.64882812 0.46325051 0.01171875 0.01552795
0 0.40039062 0.45755693 0.01484375 0.03312629
0 0.63476562 0.44616977 0.01328125 0.01656314
0 0.44453125 0.44047619 0.025 0.01552795
0 0.6609375 0.41770186 0.009375 0.01138716
0 0.30625 0.41614906 0.0125 0.01449275
0 0.640625 0.40527950 0.0203125 0.03416149
0 0.51640625 0.39699792 0.0125 0.01966873
0 0.40234375 0.38095238 0.0109375 0.01863354
0 0.44921875 0.38043478 0.0171875 0.02173913
0 0.65117187 0.37008281 0.00859375 0.01138716
0 0.59960937 0.36542443 0.01328125 0.02070393
0 0.56015625 0.35559006 0.0109375 0.01345755
0 0.584375 0.34472049 0.0109375 0.01449275
0 0.62304687 0.32867494 0.01015625 0.01138716
0 0.63789062 0.32091097 0.01171875 0.01863354
0 0.5203125 0.32867494 0.0171875 0.04037267
0 0.38476562 0.29244306 0.01171875 0.01552795
0 0.49101562 0.28726708 0.01015625 0.01138716
0 0.63085937 0.28830227 0.01484375 0.01552795
0 0.41523437 0.27432712 0.01015625 0.01449275
0 0.34414062 0.25724637 0.01171875 0.01138716
0 0.37148437 0.23809523 0.01171875 0.01656314
0 0.5765625 0.19461697 0.0125 0.01863354
0 0.43710937 0.17753623 0.01171875 0.01759834
0 0.54648437 0.17028985 0.01171875 0.01345755
0 0.5203125 0.15062111 0.009375 0.01759834
0 0.3359375 0.13509316 0.0171875 0.02380952
0 0.50820312 0.11594202 0.01171875 0.01863354
0 0.40234375 0.11231884 0.0125 0.01345755
0 0.38046875 0.08747412 0.0125 0.01759834
0 0.35351562 0.08385093 0.01796875 0.01242236
0 0.6015625 0.07401656 0.0109375 0.01345755
0 0.54648437 0.07505175 0.01328125 0.01966873
0 0.37226562 0.07194616 0.01015625 0.01345755
0 0.41054687 0.06521739 0.01484375 0.03519668
0 0.36484375 0.04296066 0.0171875 0.02380952
0 0.665625 0.01915113 0.0171875 0.02380952
0 0.68320312 0.00621118 0.01640625 0.01242236
0 0.56523437 0.00258799 0.00703125 0.00517598