0 0.57539062 0.90424430 0.01796875 0.02173913
0 0.33984375 0.86490683 0.0203125 0.02380952
0 0.51445312 0.76915113 0.01484375 0.01656314
0 0.4484375 0.75103519 0.0203125 0.02795031
0 0.30195312 0.72981366 0.01640625 0.02484472
0 0.63476562 0.72360248 0.00859375 0.02070393
0 0.59179687 0.44306418 0.01171875 0.01656314
0 0.52460937 0.42546583 0.01953125 0.01863354
0 0.38632812 0.31211180 0.03046875 0.04037267
0 0.47226562 0.28312629 0.01953125 0.02587991
0 0.34726562 0.25207039 0.01640625 0.01966873
0 0.334375 0.13768115 0.015625 0.02070393