0 0.45507812 0.97308488 0.01171875 0.01449275
0 0.70117187 0.93685300 0.00859375 0.01863354
0 0.55195312 0.92650103 0.00703125 0.01656314
0 0.53515625 0.93012422 0.0171875 0.02380952
0 0.56015625 0.89751552 0.0078125 0.01656314
0 0.48320312 0.88871635 0.01015625 0.01345755
0 0.4140625 0.88664596 0.0171875 0.02380952
0 0.51992187 0.88043478 0.01171875 0.01552795
0 0.67304687 0.87629399 0.01015625 0.01138716
0 0.59726562 0.87577639 0.01171875 0.01242236
0 0.41679687 0.85921325 0.02734375 0.02898550
0 0.31328125 0.85610766 0.021875 0.02484472
0 0.55195312 0.84782608 0.02421875 0.01449275
0 0.465625 0.81573498 0.0125 0.02691511
0 0.33476562 0.80434782 0.01015625 0.01242236
0 0.5390625 0.81262939 0.0171875 0.03312629
0 0.34921875 0.79037267 0.0078125 0.01345755
0 0.29570312 0.78674948 0.01484375 0.01242236
0 0.56953125 0.77639751 0.0140625 0.01242236
0 0.478125 0.78157349 0.0125 0.02691511
0 0.61523437 0.77329192 0.01015625 0.01242236
0 0.43320312 0.76190476 0.01953125 0.01449275
0 0.34921875 0.76552795 0.0171875 0.02380952
0 0.57304687 0.75776397 0.00859375 0.01449275
0 0.45742187 0.73913043 0.01328125 0.01656314
0 0.609375 0.73654244 0.009375 0.01552795
0 0.35351562 0.72463768 0.01015625 0.01449275
0 0.39492187 0.70341614 0.02109375 0.03623188
0 0.68632812 0.67701863 0.01015625 0.01656314
0 0.30195312 0.67805383 0.02734375 0.03519668
0 0.38359375 0.66770186 0.021875 0.01656314
0 0.35 0.61542443 0.0171875 0.02380952
0 0.68164062 0.59679089 0.01484375 0.01966873
0 0.35546875 0.58488612 0.009375 0.01449275
0 0.50429687 0.57815734 0.01015625 0.02380952
0 0.51914062 0.56987577 0.01171875 0.01138716
0 0.52070312 0.54606625 0.01328125 0.01138716
0 0.43789062 0.53830227 0.01015625 0.01449275
0 0.684375 0.53364389 0.015625 0.03209109
0 0.66171875 0.51708074 0.0171875 0.02380952
0 0.42617187 0.49896480 0.00703125 0.01863354
0 0.5078125 0.48654244 0.009375 0.01242236
0 0.33554687 0.49171842 0.02265625 0.02277432
0 0.47773437 0.47826086 0.01171875 0.01863354
0 0.309375 0.47463768 0.009375 0.01345755
0 0.68203125 0.47360248 0.0171875 0.02380952
0 0.54140625 0.46376811 0.021875 0.01242236
0 0.45625 0.45186335 0.0140625 0.01966873
0 0.67695312 0.44772256 0.02421875 0.02380952
0 0.6421875 0.43219461 0.0203125 0.01552795
0 0.66484375 0.42494824 0.0171875 0.02380952
0 0.65273437 0.41459627 0.01171875 0.01552795
0 0.5140625 0.41304347 0.0140625 0.01656314
0 0.5296875 0.40838509 0.0125 0.01552795
0 0.48554687 0.40579710 0.01171875 0.01035196
0 0.39335937 0.40476190 0.01015625 0.01449275
0 0.53046875 0.38716356 0.0109375 0.01656314
0 0.44492187 0.38405797 0.01328125 0.01656314
0 0.39257812 0.37474120 0.01796875 0.01863354
0 0.33007812 0.37267080 0.01171875 0.01449275
0 0.52382812 0.35714285 0.01171875 0.02070393
0 0.46875 0.35869565 0.0203125 0.02380952
0 0.63320312 0.35403726 0.01640625 0.01656314
0 0.41484375 0.35662525 0.009375 0.02380952
0 0.45351562 0.34834368 0.01015625 0.00931677
0 0.58476562 0.33695652 0.00859375 0.01138716
0 0.61875 0.31418219 0.0140625 0.01138716
0 0.47421875 0.31469979 0.015625 0.01449275
0 0.4546875 0.27432712 0.0140625 0.01242236
0 0.3453125 0.26915113 0.0125 0.01656314
0 0.50742187 0.26138716 0.01484375 0.02173913
0 0.48476562 0.25517598 0.01171875 0.01759834
0 0.42460937 0.22826086 0.01171875 0.01552795
0 0.58359375 0.22722567 0.0109375 0.02380952
0 0.5390625 0.19875776 0.009375 0.02691511
0 0.56367187 0.18685300 0.00859375 0.01552795
0 0.57695312 0.15579710 0.01328125 0.01759834
0 0.49101562 0.14751552 0.00859375 0.01552795
0 0.48085937 0.13561076 0.01328125 0.01863354
0 0.50117187 0.11853002 0.01796875 0.01552795
0 0.44257812 0.10766045 0.03203125 0.03105590
0 0.53476562 0.08229813 0.01015625 0.01966873
0 0.34765625 0.07556935 0.0109375 0.01242236
0 0.590625 0.07091097 0.01875 0.02380952
0 0.5453125 0.01552795 0.0265625 0.02070393