0 0.315625 0.86594202 0.0109375 0.02587991
0 0.60507812 0.81935817 0.01640625 0.02380952
0 0.35820312 0.76397515 0.01796875 0.02070393
0 0.44179687 0.73809523 0.01640625 0.03105590
0 0.59101562 0.64648033 0.01796875 0.02173913
0 0.559375 0.64026915 0.0234375 0.01966873
0 0.61210937 0.60300207 0.01953125 0.03002070
0 0.5109375 0.50672877 0.0140625 0.01966873
0 0.325 0.38819875 0.0203125 0.02691511
0 0.3765625 0.34523809 0.01875 0.01345755
0 0.63359375 0.32660455 0.01875 0.02173913
0 0.49257812 0.29554865 0.01484375 0.02173913
0 0.60898437 0.28053830 0.02109375 0.01449275
0 0.56835937 0.19927536 0.04296875 0.03830227
0 0.63515625 0.07919254 0.0203125 0.05279503