0 0.45820312 0.89130434 0.02109375 0.02484472
0 0.4875 0.86335403 0.025 0.02898550
0 0.40976562 0.74171842 0.01640625 0.04037267
0 0.58867187 0.69358178 0.01796875 0.02070393
0 0.66640625 0.60766045 0.0140625 0.02277432
0 0.5109375 0.50672877 0.0140625 0.01966873
0 0.59960937 0.38923395 0.02109375 0.02691511
0 0.40820312 0.36024844 0.02421875 0.02277432
0 0.5390625 0.32091097 0.0171875 0.03105590
0 0.609375 0.29658385 0.01875 0.01552795
0 0.47617187 0.28623188 0.01328125 0.01759834
0 0.60898437 0.28053830 0.02109375 0.01449275
0 0.42382812 0.26345755 0.02421875 0.01552795
0 0.44335937 0.20962732 0.02421875 0.01966873
0 0.61015625 0.07971014 0.0140625 0.05175983
0 0.54726562 0.06573498 0.01953125 0.02587991