0 0.53710937 0.92908902 0.01953125 0.01759834
0 0.49726562 0.92028985 0.02578125 0.03312629
0 0.52460937 0.87836438 0.01484375 0.01759834
0 0.57304687 0.73757763 0.01640625 0.03002070
0 0.62890625 0.67857142 0.015625 0.01759834
0 0.41835937 0.63664596 0.01171875 0.01863354
0 0.61757812 0.57556935 0.00859375 0.01242236
0 0.51679687 0.54813664 0.01171875 0.01552795
0 0.40664062 0.53571428 0.01328125 0.01759834
0 0.50429687 0.45289855 0.01484375 0.02173913
0 0.4671875 0.44875776 0.015625 0.01552795
0 0.57265625 0.42908902 0.0203125 0.02380952
0 0.36914062 0.34886128 0.01328125 0.02070393
0 0.55859375 0.28312629 0.0171875 0.01966873
0 0.49140625 0.24741200 0.021875 0.02898550
0 0.38867187 0.15993788 0.01640625 0.01966873