0 0.553125 0.88509316 0.0453125 0.03519668
0 0.64296875 0.87163561 0.021875 0.01449275
0 0.6734375 0.87267080 0.015625 0.02691511
0 0.40390625 0.85610766 0.0203125 0.02691511
0 0.58515625 0.82142857 0.015625 0.01966873
0 0.31796875 0.82453416 0.0203125 0.03623188
0 0.40976562 0.81418219 0.01640625 0.02173913
0 0.4578125 0.73291925 0.015625 0.02070393
0 0.63398437 0.71118012 0.01484375 0.01449275
0 0.59765625 0.69409937 0.0125 0.01552795
0 0.57773437 0.54347826 0.02421875 0.01449275
0 0.3515625 0.51915113 0.01875 0.02380952
0 0.5109375 0.50672877 0.0140625 0.01966873
0 0.3796875 0.45755693 0.0125 0.02484472
0 0.328125 0.38664596 0.0140625 0.02380952
0 0.6390625 0.36283643 0.01875 0.01759834
0 0.61757812 0.32815734 0.01640625 0.02484472
0 0.47929687 0.31625258 0.01953125 0.01966873
0 0.5328125 0.30693581 0.0203125 0.01552795
0 0.41484375 0.29244306 0.0140625 0.01552795
0 0.4390625 0.22360248 0.028125 0.02691511
0 0.41210937 0.12422360 0.03046875 0.04140786
0 0.57617187 0.06780538 0.01796875 0.03209109