0 0.45273437 0.98240165 0.01171875 0.01449275
0 0.31210937 0.97722567 0.01484375 0.01863354
0 0.65585937 0.97463768 0.01328125 0.01966873
0 0.36796875 0.91770186 0.0171875 0.02380952
0 0.6734375 0.89544513 0.0125 0.01242236
0 0.65351562 0.89648033 0.01171875 0.01449275
0 0.39375 0.89803312 0.0171875 0.02380952
0 0.60507812 0.89285714 0.02109375 0.02173913
0 0.36992187 0.86387163 0.00859375 0.01345755
0 0.51445312 0.85766045 0.00859375 0.01345755
0 0.41054687 0.85507246 0.02578125 0.02070393
0 0.31523437 0.84472049 0.01171875 0.01449275
0 0.5890625 0.84420289 0.0171875 0.02380952
0 0.34804687 0.83074534 0.01328125 0.01759834
0 0.29726562 0.82867494 0.01796875 0.02380952
0 0.5 0.81107660 0.0125 0.01552795
0 0.56484375 0.81004140 0.0125 0.01552795
0 0.40546875 0.80848861 0.0109375 0.01863354
0 0.35585937 0.79710144 0.01796875 0.01863354
0 0.38242187 0.79399585 0.02109375 0.01449275
0 0.49257812 0.77587991 0.01640625 0.01138716
0 0.58046875 0.76242236 0.0109375 0.01345755
0 0.55976562 0.75983436 0.01015625 0.01656314
0 0.4390625 0.74792960 0.009375 0.01138716
0 0.37890625 0.74948240 0.0125 0.01863354
0 0.40234375 0.73706004 0.009375 0.01863354
0 0.434375 0.72567287 0.0078125 0.01656314
0 0.58554687 0.71428571 0.01015625 0.01242236
0 0.315625 0.70600414 0.0125 0.02484472
0 0.58867187 0.69513457 0.01171875 0.01552795
0 0.37890625 0.68944099 0.0125 0.01656314
0 0.4484375 0.69202898 0.0171875 0.02380952
0 0.65078125 0.67598343 0.015625 0.01035196
0 0.48671875 0.67236024 0.0109375 0.01345755
0 0.58554687 0.66873706 0.01171875 0.01656314
0 0.6296875 0.66149068 0.0140625 0.01863354
0 0.30664062 0.63923395 0.01171875 0.01552795
0 0.4359375 0.62422360 0.009375 0.01449275
0 0.61171875 0.59420289 0.0109375 0.01449275
0 0.33945312 0.58126293 0.01484375 0.01759834
0 0.38867187 0.56677018 0.02109375 0.02380952
0 0.51601562 0.56159420 0.01015625 0.01552795
0 0.3640625 0.54192546 0.0171875 0.00931677
0 0.45351562 0.54399585 0.01015625 0.01552795
0 0.29414062 0.54503105 0.01171875 0.02380952
0 0.35859375 0.53002070 0.0125 0.01035196
0 0.53632812 0.52277432 0.02109375 0.02070393
0 0.465625 0.51811594 0.0171875 0.02380952
0 0.50507812 0.49585921 0.01015625 0.01242236
0 0.31523437 0.45755693 0.01328125 0.01242236
0 0.35273437 0.45289855 0.00859375 0.01138716
0 0.60625 0.44875776 0.0125 0.01759834
0 0.29414062 0.42650103 0.01171875 0.01242236
0 0.51679687 0.43271221 0.02265625 0.02691511
0 0.67578125 0.42287784 0.0171875 0.02380952
0 0.57773437 0.42236024 0.01640625 0.02898550
0 0.421875 0.41304347 0.0078125 0.01035196
0 0.60664062 0.39492753 0.01171875 0.01345755
0 0.346875 0.39389233 0.0109375 0.01138716
0 0.46289062 0.38457556 0.01171875 0.01345755
0 0.41679687 0.38768115 0.01484375 0.01966873
0 0.42695312 0.36076604 0.01484375 0.01552795
0 0.59570312 0.29710144 0.02734375 0.02484472
0 0.62070312 0.28933747 0.01171875 0.01552795
0 0.546875 0.28467908 0.009375 0.01035196
0 0.47382812 0.28726708 0.02421875 0.01966873
0 0.4453125 0.26293995 0.0125 0.01449275
0 0.51875 0.25155279 0.0078125 0.01449275
0 0.49609375 0.24792960 0.0140625 0.01759834
0 0.62617187 0.23654244 0.02265625 0.01345755
0 0.59648437 0.23602484 0.00703125 0.01242236
0 0.4546875 0.22929606 0.0171875 0.02380952
0 0.58007812 0.22049689 0.01796875 0.01449275
0 0.64375 0.20445134 0.0109375 0.01345755
0 0.57226562 0.20341614 0.00859375 0.01138716
0 0.53320312 0.20393374 0.01640625 0.02484472
0 0.36210937 0.17753623 0.01171875 0.01966873
0 0.5125 0.16149068 0.0140625 0.01242236
0 0.434375 0.13923395 0.0171875 0.02380952
0 0.5375 0.13095238 0.0140625 0.02795031
0 0.63359375 0.11697722 0.0296875 0.02070393
0 0.34023437 0.08747412 0.01640625 0.01345755
0 0.4421875 0.08540372 0.0171875 0.02380952
0 0.42617187 0.06418219 0.01953125 0.02484472
0 0.625 0.05848861 0.0140625 0.01759834
0 0.5078125 0.04813664 0.0171875 0.02380952
0 0.62734375 0.00776397 0.0140625 0.01345755
0 0.296875 0.00879917 0.009375 0.01759834