0 0.64335937 0.89596273 0.02109375 0.01966873
0 0.628125 0.70548654 0.0125 0.01552795
0 0.6359375 0.64751552 0.015625 0.02380952
0 0.68398437 0.56832298 0.01640625 0.02691511
0 0.5984375 0.55745341 0.00625 0.00931677
0 0.53320312 0.47153209 0.01484375 0.02173913
0 0.43320312 0.36697722 0.01953125 0.02173913
0 0.48398437 0.20496894 0.01796875 0.01863354
0 0.42539062 0.19824016 0.01796875 0.02587991
0 0.4296875 0.15890269 0.0171875 0.02173913
0 0.39492187 0.12111801 0.00859375 0.02898550
0 0.390625 0.00517598 0.0125 0.01035196