0 0.48085937 0.99378881 0.01484375 0.01035196
0 0.528125 0.98395445 0.0171875 0.02380952
0 0.43554687 0.97515527 0.01640625 0.01035196
0 0.38554687 0.97360248 0.01171875 0.01345755
0 0.49335937 0.96169772 0.01015625 0.03105590
0 0.359375 0.95445134 0.0171875 0.03105590
0 0.61171875 0.92598343 0.0171875 0.02380952
0 0.54140625 0.91407867 0.0125 0.02070393
0 0.584375 0.88043478 0.0171875 0.02380952
0 0.54257812 0.87474120 0.00859375 0.01449275
0 0.59765625 0.86904761 0.0078125 0.01966873
0 0.48085937 0.86542443 0.01015625 0.01656314
0 0.36523437 0.82971014 0.01171875 0.01759834
0 0.60234375 0.82298136 0.0078125 0.01242236
0 0.5046875 0.82091097 0.0109375 0.02277432
0 0.4796875 0.81262939 0.009375 0.01242236
0 0.44375 0.81625258 0.0328125 0.02795031
0 0.65390625 0.80486542 0.0171875 0.01759834
0 0.328125 0.80434782 0.0109375 0.01863354
0 0.4703125 0.79761904 0.009375 0.01138716
0 0.29296875 0.76915113 0.009375 0.01242236
0 0.64023437 0.75258799 0.01328125 0.01656314
0 0.65976562 0.73395445 0.01171875 0.01449275
0 0.52109375 0.72774327 0.0109375 0.01863354
0 0.47382812 0.72412008 0.01171875 0.01759834
0 0.37460937 0.72256728 0.01953125 0.01656314
0 0.61171875 0.71583850 0.0171875 0.02380952
0 0.49453125 0.71014492 0.0125 0.01656314
0 0.34296875 0.71221532 0.0359375 0.02691511
0 0.66015625 0.70082815 0.0109375 0.01242236
0 0.41914062 0.70496894 0.00859375 0.03726708
0 0.375 0.69306418 0.015625 0.01759834
0 0.4703125 0.68167701 0.0140625 0.01138716
0 0.590625 0.64233954 0.009375 0.01138716
0 0.56289062 0.64440993 0.01328125 0.02173913
0 0.45078125 0.64026915 0.0125 0.01759834
0 0.503125 0.62267080 0.009375 0.01345755
0 0.50390625 0.59782608 0.009375 0.01138716
0 0.44960937 0.58281573 0.01640625 0.01863354
0 0.50351562 0.57298136 0.01171875 0.01345755
0 0.33125 0.56262939 0.015625 0.01759834
0 0.41914062 0.56418219 0.01328125 0.03726708
0 0.47851562 0.52587991 0.00703125 0.02277432
0 0.3640625 0.51345755 0.0171875 0.01863354
0 0.54375 0.51501035 0.009375 0.02380952
0 0.66484375 0.51604554 0.0109375 0.02795031
0 0.31054687 0.50569358 0.01171875 0.01552795
0 0.63125 0.49844720 0.0171875 0.02380952
0 0.33398437 0.49482401 0.00859375 0.01656314
0 0.67226562 0.48654244 0.01015625 0.01242236
0 0.5828125 0.47774327 0.0109375 0.01552795
0 0.31328125 0.47204968 0.0109375 0.01449275
0 0.2984375 0.45393374 0.0109375 0.01345755
0 0.32890625 0.44254658 0.009375 0.01552795
0 0.365625 0.42960662 0.009375 0.01242236
0 0.56289062 0.42857142 0.01015625 0.01449275
0 0.39140625 0.42857142 0.0125 0.01656314
0 0.47929687 0.40527950 0.01171875 0.01345755
0 0.43085937 0.40113871 0.01171875 0.01138716
0 0.4046875 0.39389233 0.0140625 0.01345755
0 0.53867187 0.38664596 0.01796875 0.02380952
0 0.4921875 0.35921325 0.0078125 0.00828157
0 0.38007812 0.35455486 0.01328125 0.01345755
0 0.36640625 0.31935817 0.0171875 0.02380952
0 0.59179687 0.31159420 0.00859375 0.01449275
0 0.60703125 0.30797101 0.0109375 0.01345755
0 0.48359375 0.30848861 0.009375 0.02277432
0 0.59609375 0.29503105 0.0109375 0.01449275
0 0.51171875 0.27639751 0.009375 0.01242236
0 0.52382812 0.25931677 0.01328125 0.01759834
0 0.590625 0.25 0.0140625 0.01138716
0 0.3484375 0.24792960 0.0171875 0.02380952
0 0.37382812 0.22308488 0.01484375 0.01345755
0 0.38710937 0.22308488 0.00859375 0.01759834
0 0.65 0.20031055 0.009375 0.01138716
0 0.40039062 0.19306418 0.00859375 0.01138716
0 0.58515625 0.19824016 0.0171875 0.02380952
0 0.61171875 0.18892339 0.0171875 0.02380952
0 0.4671875 0.18788819 0.0171875 0.02380952
0 0.46484375 0.12732919 0.0125 0.01656314
0 0.49335937 0.11645962 0.00703125 0.01345755
0 0.50859375 0.11956521 0.0109375 0.02587991
0 0.46835937 0.09575569 0.01015625 0.01552795
0 0.59726562 0.08436853 0.01171875 0.01138716
0 0.45429687 0.06780538 0.00859375 0.01345755
0 0.53359375 0.05227743 0.0203125 0.02380952
0 0.59492187 0.04813664 0.02421875 0.02795031
0 0.3609375 0.03674948 0.0140625 0.01966873
0 0.50351562 0.01915113 0.01171875 0.02173913
0 0.48085937 0.00879917 0.00859375 0.01759834