0 0.42304687 0.90942028 0.01328125 0.01759834
0 0.63359375 0.89855072 0.0109375 0.01656314
0 0.4765625 0.89492753 0.0125 0.01552795
0 0.30507812 0.88923395 0.01953125 0.01035196
0 0.59609375 0.89078674 0.0140625 0.01966873
0 0.53359375 0.88768115 0.0078125 0.01552795
0 0.36679687 0.88146997 0.01015625 0.01759834
0 0.50859375 0.87318840 0.0125 0.01759834
0 0.5671875 0.87215320 0.015625 0.01966873
0 0.48125 0.85559006 0.009375 0.01138716
0 0.46015625 0.83488612 0.0171875 0.02380952
0 0.4015625 0.83074534 0.0171875 0.02380952
0 0.5765625 0.82246376 0.015625 0.01138716
0 0.3671875 0.81469979 0.0109375 0.01035196
0 0.59453125 0.80331262 0.0109375 0.01449275
0 0.67226562 0.79761904 0.01640625 0.00931677
0 0.546875 0.80486542 0.0171875 0.02380952
0 0.47578125 0.80797101 0.0234375 0.04037267
0 0.36914062 0.77380952 0.00859375 0.01138716
0 0.65703125 0.77070393 0.0109375 0.01138716
0 0.5984375 0.77225672 0.0265625 0.03105590
0 0.3984375 0.76449275 0.0171875 0.02380952
0 0.55078125 0.75051759 0.009375 0.01242236
0 0.31015625 0.75 0.0109375 0.01138716
0 0.5484375 0.73291925 0.0140625 0.01449275
0 0.6578125 0.72101449 0.0140625 0.01966873
0 0.55390625 0.71532091 0.009375 0.01449275
0 0.50195312 0.70289855 0.01640625 0.01656314
0 0.62382812 0.70031055 0.01171875 0.01759834
0 0.5953125 0.68685300 0.0171875 0.02380952
0 0.36054687 0.67753623 0.01484375 0.01966873
0 0.55117187 0.66304347 0.01015625 0.01552795
0 0.48554687 0.66045548 0.01484375 0.01035196
0 0.38867187 0.65372670 0.00859375 0.01966873
0 0.58125 0.61542443 0.0203125 0.01759834
0 0.34257812 0.59937888 0.02265625 0.01035196
0 0.44296875 0.59730848 0.0203125 0.01863354
0 0.65390625 0.60300207 0.0265625 0.03209109
0 0.51484375 0.57867494 0.0109375 0.01656314
0 0.47578125 0.55486542 0.009375 0.01656314
0 0.4453125 0.55124223 0.0171875 0.02380952
0 0.51835937 0.54451345 0.00703125 0.01242236
0 0.42109375 0.54089026 0.0203125 0.02587991
0 0.4828125 0.53053830 0.0203125 0.01759834
0 0.66171875 0.52846790 0.0375 0.03416149
0 0.31171875 0.51035196 0.0109375 0.01449275
0 0.33632812 0.49585921 0.01015625 0.01449275
0 0.49492187 0.48809523 0.02109375 0.02795031
0 0.31328125 0.46428571 0.0125 0.01345755
0 0.33632812 0.46428571 0.01171875 0.01552795
0 0.45273437 0.45289855 0.01953125 0.01138716
0 0.38164062 0.42184265 0.00859375 0.00931677
0 0.40234375 0.41459627 0.0125 0.02380952
0 0.53515625 0.40424430 0.015625 0.02380952
0 0.45703125 0.38871635 0.0109375 0.01345755
0 0.63984375 0.38405797 0.0125 0.01656314
0 0.36015625 0.38509316 0.0140625 0.01863354
0 0.43984375 0.38354037 0.0109375 0.01759834
0 0.54882812 0.37681159 0.01484375 0.01863354
0 0.40898437 0.36594202 0.01015625 0.01345755
0 0.4265625 0.36490683 0.0125 0.01759834
0 0.63164062 0.34523809 0.00859375 0.01759834
0 0.64960937 0.33902691 0.00859375 0.00931677
0 0.51210937 0.34316770 0.01484375 0.01759834
0 0.53125 0.33333333 0.0109375 0.02070393
0 0.37578125 0.32660455 0.0078125 0.01759834
0 0.6265625 0.32091097 0.009375 0.01242236
0 0.4140625 0.31987577 0.0125 0.02691511
0 0.50195312 0.30641821 0.01171875 0.01656314
0 0.62460937 0.30072463 0.00859375 0.01345755
0 0.43046875 0.29347826 0.0109375 0.01345755
0 0.5515625 0.29244306 0.0203125 0.01966873
0 0.49101562 0.26293995 0.01328125 0.01863354
0 0.62890625 0.22463768 0.0125 0.01242236
0 0.37695312 0.22463768 0.00859375 0.01242236
0 0.39765625 0.21790890 0.0171875 0.02380952
0 0.54335937 0.18840579 0.01640625 0.01035196
0 0.39960937 0.18892339 0.01171875 0.01345755
0 0.49179687 0.17650103 0.01015625 0.01966873
0 0.51210937 0.15424430 0.01171875 0.01242236
0 0.39648437 0.13923395 0.01953125 0.01759834
0 0.55117187 0.13509316 0.01484375 0.01759834
0 0.41640625 0.11283643 0.0109375 0.01242236
0 0.53632812 0.09575569 0.01171875 0.01138716
0 0.59414062 0.09006211 0.01171875 0.01449275
0 0.3515625 0.05952380 0.0171875 0.02380952
0 0.54921875 0.02743271 0.009375 0.00931677
0 0.48242187 0.00724637 0.01328125 0.01035196
0 0.64453125 0.00517598 0.0109375 0.01035196