0 0.42304687 0.86594202 0.02578125 0.04244306
0 0.68632812 0.84109730 0.01015625 0.02173913
0 0.446875 0.75569358 0.0125 0.01242236
0 0.62617187 0.74896480 0.00859375 0.01138716
0 0.59492187 0.70755693 0.01484375 0.02380952
0 0.43828125 0.63146997 0.0125 0.01035196
0 0.684375 0.56884057 0.015625 0.02795031
0 0.67148437 0.48291925 0.02109375 0.02380952
0 0.51210937 0.46066252 0.00859375 0.01863354
0 0.64570312 0.43374741 0.01171875 0.01863354
0 0.57773437 0.41097308 0.01328125 0.01656314
0 0.60507812 0.39182194 0.03046875 0.03002070
0 0.51523437 0.28209109 0.01953125 0.01138716
0 0.38359375 0.22929606 0.0140625 0.01966873
0 0.33007812 0.14699792 0.00703125 0.00828157
0 0.44804687 0.14803312 0.00546875 0.02484472
0 0.28476562 0.03830227 0.00546875 0.01242236
0 0.33710937 0.01552795 0.01015625 0.00828157