0 0.42929687 0.89026915 0.01484375 0.01449275
0 0.51796875 0.88923395 0.015625 0.02277432
0 0.3171875 0.79347826 0.0203125 0.02795031
0 0.33867187 0.78726708 0.01953125 0.02173913
0 0.39140625 0.76501035 0.01875 0.02070393
0 0.5859375 0.76449275 0.021875 0.03830227
0 0.5609375 0.73964803 0.01875 0.01759834
0 0.36835937 0.73861283 0.01640625 0.02380952
0 0.51171875 0.56262939 0.01875 0.02173913
0 0.4296875 0.52277432 0.0203125 0.02484472
0 0.5109375 0.50672877 0.0140625 0.01966873
0 0.46445312 0.48136645 0.01484375 0.02277432
0 0.43867187 0.48550724 0.01640625 0.03105590
0 0.325 0.38819875 0.0203125 0.02691511
0 0.57851562 0.37784679 0.03671875 0.04554865
0 0.3765625 0.34523809 0.01875 0.01345755
0 0.61757812 0.32815734 0.01640625 0.02484472
0 0.42109375 0.28519668 0.0140625 0.01552795
0 0.478125 0.27484472 0.0171875 0.02173913
0 0.49296875 0.29554865 0.046875 0.06521739
0 0.62421875 0.22826086 0.0171875 0.02795031
0 0.51757812 0.23188405 0.01640625 0.04347826