0 0.63398437 0.71118012 0.01484375 0.01449275
0 0.62617187 0.65217391 0.01796875 0.02277432
0 0.66953125 0.60973084 0.0203125 0.02691511
0 0.40703125 0.51552795 0.0203125 0.02691511
0 0.51210937 0.48240165 0.05859375 0.04347826
0 0.40625 0.45755693 0.0171875 0.02484472
0 0.596875 0.44047619 0.0171875 0.02380952
0 0.30859375 0.47153209 0.0203125 0.10248447
0 0.64375 0.42546583 0.01875 0.02898550
0 0.5734375 0.42236024 0.0203125 0.02277432
0 0.63945312 0.27587991 0.01796875 0.02380952
0 0.34609375 0.07039337 0.0203125 0.02691511