0 0.41523437 0.98498964 0.01171875 0.01966873
0 0.32617187 0.97670807 0.01484375 0.01759834
0 0.54804687 0.97929606 0.00703125 0.02898550
0 0.35039062 0.92184265 0.01953125 0.03209109
0 0.55859375 0.89544513 0.009375 0.01035196
0 0.50820312 0.89026915 0.01015625 0.01656314
0 0.68007812 0.88354037 0.01171875 0.01552795
0 0.66367187 0.87681159 0.01796875 0.02277432
0 0.46328125 0.86956521 0.0109375 0.01035196
0 0.47929687 0.85610766 0.01171875 0.01449275
0 0.36640625 0.85869565 0.0140625 0.01966873
0 0.29648437 0.85144927 0.01640625 0.02380952
0 0.53945312 0.83592132 0.01015625 0.01345755
0 0.65546875 0.82971014 0.0125 0.01759834
0 0.38007812 0.80848861 0.01328125 0.02277432
0 0.66796875 0.78830227 0.0109375 0.01345755
0 0.54453125 0.78623188 0.0109375 0.01345755
0 0.559375 0.76656314 0.015625 0.01552795
0 0.31132812 0.75310559 0.00859375 0.01345755
0 0.39609375 0.73757763 0.0109375 0.01345755
0 0.56328125 0.73602484 0.0125 0.01449275
0 0.60039062 0.73809523 0.01796875 0.02070393
0 0.58046875 0.73757763 0.0171875 0.02380952
0 0.68359375 0.70496894 0.0109375 0.01449275
0 0.3765625 0.70962732 0.0171875 0.02380952
0 0.59023437 0.70445134 0.01328125 0.01552795
0 0.43789062 0.68219461 0.00859375 0.01035196
0 0.61601562 0.67960662 0.01171875 0.01552795
0 0.6390625 0.64285714 0.0125 0.01035196
0 0.34492187 0.63509316 0.01796875 0.02380952
0 0.51015625 0.59265010 0.0109375 0.01345755
0 0.48007812 0.59523809 0.01796875 0.02484472
0 0.525 0.59368530 0.0171875 0.02380952
0 0.42851562 0.59679089 0.02421875 0.03002070
0 0.45742187 0.58592132 0.01328125 0.01863354
0 0.35976562 0.54710144 0.02109375 0.01552795
0 0.52109375 0.54347826 0.0140625 0.01863354
0 0.63476562 0.53519668 0.00703125 0.01863354
0 0.52304687 0.52536231 0.01015625 0.01552795
0 0.39179687 0.49275362 0.01015625 0.01242236
0 0.32265625 0.50103519 0.0296875 0.03312629
0 0.68320312 0.47619047 0.01796875 0.01035196
0 0.66367187 0.47567287 0.01328125 0.01759834
0 0.57578125 0.47049689 0.0140625 0.01966873
0 0.50117187 0.46635610 0.01015625 0.01345755
0 0.36835937 0.46273291 0.01171875 0.01449275
0 0.44570312 0.45910973 0.01328125 0.01759834
0 0.4359375 0.44824016 0.009375 0.01035196
0 0.42929687 0.42753623 0.01015625 0.01656314
0 0.40234375 0.41770186 0.0109375 0.02173913
0 0.62695312 0.40942028 0.01171875 0.01759834
0 0.39609375 0.38871635 0.01875 0.02173913
0 0.55859375 0.37215320 0.009375 0.01138716
0 0.59453125 0.36180124 0.0125 0.00931677
0 0.52578125 0.35455486 0.0171875 0.02380952
0 0.51640625 0.32919254 0.0078125 0.01035196
0 0.51367187 0.31262939 0.01015625 0.01242236
0 0.42421875 0.31211180 0.0171875 0.02380952
0 0.39726562 0.30693581 0.00859375 0.01552795
0 0.37460937 0.29192546 0.01015625 0.01656314
0 0.36210937 0.27898550 0.01328125 0.01966873
0 0.51796875 0.28002070 0.0265625 0.02587991
0 0.41367187 0.27173913 0.02265625 0.00931677
0 0.48085937 0.26086956 0.01015625 0.01656314
0 0.409375 0.25621118 0.0109375 0.01345755
0 0.44492187 0.24689440 0.01796875 0.01759834
0 0.52265625 0.24482401 0.0078125 0.01552795
0 0.42578125 0.24223602 0.0171875 0.01035196
0 0.36171875 0.23498964 0.0140625 0.01863354
0 0.51367187 0.21583850 0.01953125 0.01345755
0 0.5875 0.20600414 0.015625 0.02070393
0 0.47265625 0.18064182 0.0171875 0.02380952
0 0.40664062 0.17598343 0.01953125 0.02070393
0 0.34179687 0.15890269 0.01015625 0.01138716
0 0.55859375 0.15631469 0.0109375 0.01035196
0 0.39375 0.16149068 0.0140625 0.02070393
0 0.52382812 0.16459627 0.02421875 0.03312629
0 0.64140625 0.13509316 0.0140625 0.01552795
0 0.37265625 0.11024844 0.0125 0.01966873
0 0.42460937 0.09109730 0.00859375 0.01449275
0 0.63320312 0.07608695 0.01328125 0.01138716
0 0.578125 0.06366459 0.01875 0.01345755
0 0.59726562 0.06211180 0.01640625 0.01656314
0 0.63085937 0.04554865 0.01953125 0.01656314
0 0.69804687 0.04089026 0.01171875 0.01345755
0 0.37929687 0.03416149 0.01484375 0.01449275
0 0.48515625 0.03260869 0.0203125 0.01552795
0 0.32929687 0.01138716 0.01171875 0.02277432