0 0.553125 0.88509316 0.0453125 0.03519668
0 0.59492187 0.82505175 0.01640625 0.01449275
0 0.40976562 0.82349896 0.01640625 0.04037267
0 0.6203125 0.79710144 0.01875 0.02484472
0 0.35195312 0.78416149 0.01328125 0.02380952
0 0.6578125 0.74223602 0.015625 0.02484472
0 0.51132812 0.58436853 0.02265625 0.03830227
0 0.6578125 0.59109730 0.0546875 0.07660455
0 0.44453125 0.52691511 0.021875 0.01449275
0 0.59648437 0.45755693 0.01171875 0.02691511
0 0.30859375 0.47153209 0.0203125 0.10248447
0 0.38046875 0.42236024 0.0171875 0.03105590
0 0.640625 0.38768115 0.0125 0.02587991
0 0.57851562 0.37784679 0.03671875 0.04554865
0 0.4078125 0.36024844 0.0203125 0.02277432
0 0.38046875 0.35455486 0.01875 0.02173913
0 0.63359375 0.35093167 0.01875 0.01863354
0 0.45039062 0.24120082 0.01484375 0.02484472
0 0.38359375 0.09420289 0.0109375 0.02070393