0 0.42929687 0.89026915 0.01484375 0.01449275
0 0.51796875 0.88923395 0.015625 0.02277432
0 0.49882812 0.84937888 0.04921875 0.05693581
0 0.63828125 0.76604554 0.015625 0.02484472
0 0.3171875 0.74637681 0.0203125 0.02484472
0 0.4578125 0.74171842 0.015625 0.04037267
0 0.64453125 0.66718426 0.01875 0.02173913
0 0.55742187 0.65269151 0.01171875 0.02173913
0 0.66953125 0.60973084 0.0203125 0.02691511
0 0.3390625 0.53416149 0.0453125 0.05590062
0 0.39921875 0.51863354 0.025 0.03312629
0 0.5734375 0.42236024 0.0203125 0.02277432
0 0.64492187 0.42080745 0.02109375 0.03830227
0 0.39101562 0.35973084 0.02265625 0.01552795
0 0.64023437 0.27380952 0.01640625 0.01966873
0 0.56679687 0.23964803 0.04296875 0.05900621