0 0.50546875 0.95496894 0.0109375 0.01759834
0 0.47539062 0.95548654 0.01171875 0.01863354
0 0.69101562 0.93167701 0.01328125 0.01863354
0 0.62890625 0.91770186 0.0171875 0.02380952
0 0.47539062 0.91304347 0.01171875 0.01449275
0 0.35859375 0.90786749 0.0109375 0.01656314
0 0.63632812 0.88716356 0.01171875 0.01242236
0 0.45390625 0.88923395 0.0109375 0.01656314
0 0.340625 0.86904761 0.0109375 0.01138716
0 0.66015625 0.86542443 0.0328125 0.03105590
0 0.384375 0.84886128 0.009375 0.02070393
0 0.54804687 0.83333333 0.01015625 0.01863354
0 0.346875 0.82091097 0.009375 0.01449275
0 0.5859375 0.81418219 0.0109375 0.01345755
0 0.36875 0.80900621 0.0125 0.01759834
0 0.5546875 0.80745341 0.0125 0.02070393
0 0.47460937 0.78881987 0.01328125 0.01656314
0 0.58398437 0.77846790 0.01796875 0.01242236
0 0.53125 0.78933747 0.0171875 0.04037267
0 0.29882812 0.77173913 0.01171875 0.01552795
0 0.35351562 0.76966873 0.01171875 0.01345755
0 0.5265625 0.76035196 0.015625 0.01138716
0 0.5671875 0.74844720 0.009375 0.01035196
0 0.65195312 0.75310559 0.01796875 0.03002070
0 0.43203125 0.74223602 0.021875 0.02898550
0 0.35585937 0.73084886 0.01328125 0.01656314
0 0.67109375 0.73343685 0.0171875 0.02380952
0 0.4171875 0.71687370 0.0125 0.01138716
0 0.57070312 0.71014492 0.00859375 0.01035196
0 0.63984375 0.69824016 0.009375 0.01138716
0 0.3234375 0.69927536 0.0171875 0.02380952
0 0.36757812 0.67598343 0.02109375 0.02691511
0 0.29960937 0.66459627 0.01015625 0.01863354
0 0.39960937 0.66045548 0.01484375 0.01863354
0 0.47265625 0.65527950 0.015625 0.01863354
0 0.51171875 0.64285714 0.0109375 0.01863354
0 0.6390625 0.62267080 0.0125 0.01552795
0 0.31757812 0.62422360 0.01171875 0.01863354
0 0.61953125 0.62267080 0.0171875 0.02380952
0 0.55859375 0.62784679 0.021875 0.03416149
0 0.66210937 0.60559006 0.00859375 0.01656314
0 0.45234375 0.60196687 0.0171875 0.02380952
0 0.51796875 0.58902691 0.0078125 0.01242236
0 0.61445312 0.58643892 0.01171875 0.01345755
0 0.38515625 0.58281573 0.0140625 0.01656314
0 0.50664062 0.56780538 0.01171875 0.01759834
0 0.38671875 0.54451345 0.0171875 0.02070393
0 0.56875 0.53674948 0.009375 0.01552795
0 0.62773437 0.53881987 0.01171875 0.02380952
0 0.36054687 0.52691511 0.01015625 0.01242236
0 0.37890625 0.50310559 0.0140625 0.01863354
0 0.54414062 0.49741200 0.01015625 0.01759834
0 0.63085937 0.48757763 0.01171875 0.02070393
0 0.57890625 0.48447204 0.0109375 0.02070393
0 0.3671875 0.48240165 0.0140625 0.02484472
0 0.35585937 0.46480331 0.00859375 0.01242236
0 0.38085937 0.46221532 0.00859375 0.01138716
0 0.33046875 0.46118012 0.0125 0.01552795
0 0.31328125 0.44668737 0.0140625 0.01759834
0 0.4109375 0.42701863 0.009375 0.01345755
0 0.346875 0.42287784 0.0171875 0.02380952
0 0.66835937 0.41407867 0.03046875 0.03312629
0 0.33359375 0.39751552 0.0109375 0.01656314
0 0.64414062 0.36956521 0.01015625 0.01656314
0 0.44882812 0.35507246 0.01171875 0.01656314
0 0.63007812 0.33333333 0.01796875 0.01242236
0 0.3515625 0.33022774 0.0234375 0.01449275
0 0.37617187 0.31211180 0.01484375 0.01138716
0 0.5234375 0.30797101 0.021875 0.01759834
0 0.33242187 0.30641821 0.01328125 0.01863354
0 0.4421875 0.29503105 0.009375 0.01035196
0 0.4125 0.26915113 0.009375 0.01449275
0 0.4765625 0.27070393 0.0171875 0.02380952
0 0.340625 0.25621118 0.015625 0.01966873
0 0.5875 0.24637681 0.0109375 0.01656314
0 0.63789062 0.22515527 0.01171875 0.01552795
0 0.38046875 0.21480331 0.0140625 0.01966873
0 0.59492187 0.20652173 0.00859375 0.02795031
0 0.4875 0.19720496 0.0171875 0.02380952
0 0.60742187 0.18633540 0.02109375 0.01035196
0 0.41054687 0.17650103 0.01640625 0.01966873
0 0.3734375 0.16614906 0.0125 0.01759834
0 0.590625 0.11801242 0.009375 0.01656314
0 0.528125 0.11335403 0.0171875 0.01966873
0 0.60195312 0.07505175 0.01171875 0.01345755
0 0.47304687 0.07453416 0.01171875 0.01656314
0 0.39609375 0.05227743 0.015625 0.01759834
0 0.446875 0.03985507 0.0171875 0.02380952
0 0.53007812 0.03105590 0.01484375 0.02070393