0 0.3140625 0.90890269 0.025 0.02484472
0 0.50351562 0.77070393 0.01640625 0.01759834
0 0.43203125 0.72463768 0.0078125 0.02898550
0 0.65703125 0.68374741 0.0265625 0.02587991
0 0.60703125 0.59265010 0.0140625 0.02173913
0 0.37851562 0.56987577 0.02734375 0.02795031
0 0.35390625 0.55797101 0.0140625 0.01656314
0 0.5 0.55279503 0.015625 0.00828157
0 0.409375 0.50983436 0.0125 0.01759834
0 0.3765625 0.49327122 0.0140625 0.01552795
0 0.32226562 0.43012422 0.01171875 0.01138716
0 0.60507812 0.38095238 0.01796875 0.02484472
0 0.4640625 0.30797101 0.028125 0.03416149
0 0.49179687 0.10714285 0.01953125 0.03002070
0 0.63320312 0.07142857 0.01171875 0.02070393