0 0.459375 0.99068322 0.009375 0.01656314
0 0.3921875 0.98188405 0.015625 0.00931677
0 0.303125 0.97826086 0.0125 0.02070393
0 0.696875 0.97670807 0.01875 0.02380952
0 0.32773437 0.96997929 0.01171875 0.01656314
0 0.47734375 0.92443064 0.01875 0.01242236
0 0.45859375 0.92598343 0.0171875 0.02380952
0 0.5078125 0.92080745 0.0171875 0.02380952
0 0.30976562 0.91459627 0.01015625 0.01138716
0 0.51289062 0.89855072 0.01171875 0.01449275
0 0.5328125 0.89596273 0.0109375 0.01966873
0 0.66210937 0.87939958 0.01171875 0.01138716
0 0.40078125 0.85817805 0.009375 0.01242236
0 0.31171875 0.86024844 0.0109375 0.02070393
0 0.47929687 0.85817805 0.00859375 0.01863354
0 0.32539062 0.85403726 0.01015625 0.01449275
0 0.33554687 0.84109730 0.00859375 0.01759834
0 0.48945312 0.83695652 0.00859375 0.01138716
0 0.37382812 0.83747412 0.01171875 0.01449275
0 0.58710937 0.83592132 0.00859375 0.01759834
0 0.34921875 0.83126293 0.009375 0.01449275
0 0.53320312 0.83540372 0.02890625 0.02898550
0 0.47265625 0.82246376 0.0109375 0.01345755
0 0.65664062 0.80434782 0.00859375 0.01242236
0 0.34648437 0.78157349 0.01015625 0.02070393
0 0.45585937 0.76708074 0.01015625 0.02070393
0 0.51601562 0.76397515 0.01328125 0.01656314
0 0.571875 0.74016563 0.021875 0.01449275
0 0.41953125 0.73395445 0.015625 0.01449275
0 0.47578125 0.73033126 0.0171875 0.02380952
0 0.32070312 0.72515527 0.01171875 0.01552795
0 0.59335937 0.71428571 0.01171875 0.01863354
0 0.4671875 0.70652173 0.01875 0.01138716
0 0.32773437 0.68374741 0.00703125 0.01759834
0 0.65507812 0.67598343 0.01328125 0.02070393
0 0.56914062 0.67287784 0.00859375 0.01656314
0 0.35234375 0.66977225 0.0125 0.01449275
0 0.49492187 0.66873706 0.00859375 0.01656314
0 0.61992187 0.65786749 0.01171875 0.01552795
0 0.29257812 0.65734989 0.00859375 0.01449275
0 0.46796875 0.64751552 0.0203125 0.01345755
0 0.67109375 0.64751552 0.0171875 0.02380952
0 0.528125 0.64544513 0.0125 0.03209109
0 0.49609375 0.63509316 0.0171875 0.02380952
0 0.60976562 0.62008281 0.01171875 0.02277432
0 0.67304687 0.60403726 0.01171875 0.01552795
0 0.60117187 0.57608695 0.01015625 0.00931677
0 0.4296875 0.54037267 0.0109375 0.01449275
0 0.36992187 0.53416149 0.01640625 0.01242236
0 0.39492187 0.54089026 0.01171875 0.02795031
0 0.37226562 0.51863354 0.01484375 0.01449275
0 0.53164062 0.49948240 0.01171875 0.01552795
0 0.35703125 0.49275362 0.0109375 0.01035196
0 0.50195312 0.49327122 0.01953125 0.02380952
0 0.5234375 0.47256728 0.0140625 0.01345755
0 0.50625 0.46997929 0.0109375 0.01656314
0 0.4234375 0.45289855 0.0171875 0.02380952
0 0.46914062 0.44099378 0.01484375 0.01863354
0 0.5078125 0.43995859 0.0140625 0.01863354
0 0.43632812 0.43374741 0.01015625 0.01656314
0 0.63945312 0.42857142 0.01015625 0.01242236
0 0.3234375 0.42908902 0.009375 0.01759834
0 0.52890625 0.41304347 0.009375 0.03312629
0 0.40390625 0.37681159 0.0171875 0.01449275
0 0.64609375 0.36594202 0.025 0.02380952
0 0.34921875 0.36594202 0.0171875 0.02380952
0 0.3203125 0.36438923 0.015625 0.02070393
0 0.54101562 0.33281573 0.01484375 0.01759834
0 0.38125 0.31677018 0.0203125 0.02070393
0 0.43007812 0.25828157 0.01171875 0.01345755
0 0.60429687 0.25414078 0.01640625 0.01966873
0 0.39960937 0.23809523 0.01171875 0.01242236
0 0.65234375 0.23654244 0.0140625 0.01345755
0 0.4890625 0.23240165 0.009375 0.01552795
0 0.44101562 0.22877846 0.01953125 0.01449275
0 0.47226562 0.22515527 0.01015625 0.01552795
0 0.5078125 0.21376811 0.021875 0.02380952
0 0.56171875 0.19513457 0.0171875 0.02380952
0 0.496875 0.18892339 0.034375 0.03209109
0 0.5890625 0.17908902 0.0140625 0.01656314
0 0.48085937 0.15993788 0.01328125 0.01552795
0 0.47265625 0.14440993 0.015625 0.01552795
0 0.37578125 0.12267080 0.015625 0.01345755
0 0.49960937 0.11697722 0.01796875 0.01242236
0 0.446875 0.10766045 0.0140625 0.01656314
0 0.57734375 0.10455486 0.015625 0.01863354
0 0.6328125 0.08643892 0.0171875 0.01552795
0 0.36953125 0.06677018 0.009375 0.01138716
0 0.48398437 0.07039337 0.00703125 0.02070393
0 0.40820312 0.07091097 0.01640625 0.02795031
0 0.65507812 0.02122153 0.01328125 0.02587991