0 0.51796875 0.88923395 0.015625 0.02277432
0 0.67148437 0.86231884 0.01953125 0.02484472
0 0.49882812 0.84937888 0.04921875 0.05693581
0 0.40976562 0.82349896 0.01640625 0.04037267
0 0.3765625 0.76966873 0.0140625 0.01552795
0 0.60703125 0.65165631 0.01875 0.02173913
0 0.5140625 0.54917184 0.0453125 0.02587991
0 0.44453125 0.52691511 0.021875 0.01449275
0 0.56914062 0.42546583 0.02890625 0.02898550
0 0.38125 0.39906832 0.0140625 0.02173913
0 0.43476562 0.39078674 0.01640625 0.01759834
0 0.42148437 0.32763975 0.02734375 0.01552795
0 0.51015625 0.30590062 0.0203125 0.01552795
0 0.55546875 0.25465838 0.0203125 0.02898550
0 0.41210937 0.12422360 0.03046875 0.04140786