0 0.659375 0.98550724 0.01875 0.01035196
0 0.5703125 0.98809523 0.0171875 0.02380952
0 0.36367187 0.98447204 0.01484375 0.03105590
0 0.5234375 0.96480331 0.009375 0.02277432
0 0.58203125 0.94254658 0.0140625 0.01966873
0 0.69179687 0.93478260 0.01484375 0.01656314
0 0.46914062 0.93944099 0.01328125 0.02587991
0 0.68632812 0.90320910 0.01015625 0.01759834
0 0.62382812 0.88768115 0.02421875 0.01552795
0 0.44296875 0.88146997 0.0109375 0.00931677
0 0.59648437 0.88302277 0.01015625 0.01449275
0 0.4015625 0.86956521 0.0109375 0.01449275
0 0.43632812 0.86076604 0.01171875 0.01345755
0 0.62695312 0.85093167 0.00859375 0.01242236
0 0.65078125 0.83850931 0.009375 0.01242236
0 0.60273437 0.84109730 0.01484375 0.03209109
0 0.41640625 0.82919254 0.0125 0.02070393
0 0.39101562 0.81625258 0.00859375 0.01138716
0 0.52148437 0.80383022 0.01953125 0.01345755
0 0.58671875 0.79451345 0.009375 0.01345755
0 0.33945312 0.78933747 0.01171875 0.01552795
0 0.646875 0.78467908 0.01875 0.01242236
0 0.30859375 0.77484472 0.015625 0.01552795
0 0.3796875 0.77277432 0.009375 0.01345755
0 0.56914062 0.76138716 0.00859375 0.01138716
0 0.29375 0.76138716 0.009375 0.02173913
0 0.31523437 0.74585921 0.01015625 0.01345755
0 0.621875 0.73706004 0.0125 0.01656314
0 0.58554687 0.71376811 0.01171875 0.01345755
0 0.6046875 0.71790890 0.015625 0.02380952
0 0.3078125 0.69979296 0.0125 0.01242236
0 0.41171875 0.68064182 0.015625 0.00931677
0 0.4390625 0.67339544 0.0171875 0.02380952
0 0.55039062 0.66459627 0.01015625 0.01035196
0 0.51523437 0.66200828 0.00859375 0.01138716
0 0.328125 0.62267080 0.015625 0.01966873
0 0.65976562 0.61956521 0.01796875 0.02380952
0 0.56367187 0.60973084 0.01484375 0.01449275
0 0.38359375 0.60869565 0.0125 0.01449275
0 0.37148437 0.58592132 0.01171875 0.01863354
0 0.38554687 0.56832298 0.01171875 0.01449275
0 0.30273437 0.56521739 0.01015625 0.01449275
0 0.49882812 0.55952380 0.01171875 0.01552795
0 0.6453125 0.55693581 0.0109375 0.01656314
0 0.37695312 0.54296066 0.01015625 0.01345755
0 0.51757812 0.54192546 0.02265625 0.01759834
0 0.31132812 0.52587991 0.01640625 0.01449275
0 0.52421875 0.52329192 0.009375 0.01759834
0 0.66914062 0.51915113 0.00859375 0.01552795
0 0.3890625 0.49016563 0.0234375 0.03623188
0 0.3203125 0.48291925 0.0171875 0.02380952
0 0.43671875 0.47619047 0.009375 0.01242236
0 0.56015625 0.46273291 0.0078125 0.01242236
0 0.65234375 0.43944099 0.0171875 0.02380952
0 0.45585937 0.44254658 0.01484375 0.03416149
0 0.4921875 0.40786749 0.0125 0.01863354
0 0.59804687 0.38716356 0.01171875 0.01035196
0 0.3125 0.38302277 0.0140625 0.01656314
0 0.34609375 0.36801242 0.0171875 0.02380952
0 0.59882812 0.35507246 0.01171875 0.01863354
0 0.4875 0.35766045 0.0171875 0.02380952
0 0.38164062 0.33902691 0.01171875 0.02173913
0 0.6328125 0.33540372 0.0078125 0.01656314
0 0.3453125 0.32608695 0.0125 0.01656314
0 0.39960937 0.32091097 0.01171875 0.01656314
0 0.57890625 0.27743271 0.0140625 0.01656314
0 0.54921875 0.26449275 0.0125 0.01345755
0 0.61367187 0.26035196 0.01171875 0.01345755
0 0.35625 0.26552795 0.0140625 0.02380952
0 0.38320312 0.25828157 0.01640625 0.02173913
0 0.55664062 0.24275362 0.01484375 0.01552795
0 0.43320312 0.24223602 0.01015625 0.01863354
0 0.6375 0.21946169 0.015625 0.01863354
0 0.46054687 0.23291925 0.01328125 0.04554865
0 0.565625 0.21066252 0.0109375 0.01552795
0 0.63046875 0.18530020 0.0125 0.01656314
0 0.61523437 0.17339544 0.01015625 0.01345755
0 0.3421875 0.15683229 0.0078125 0.02587991
0 0.38710937 0.14751552 0.01015625 0.01759834
0 0.428125 0.12318840 0.0125 0.01656314
0 0.37578125 0.11801242 0.0171875 0.01242236
0 0.48476562 0.11283643 0.01484375 0.02691511
0 0.51640625 0.09057971 0.0171875 0.02380952
0 0.60507812 0.07660455 0.01171875 0.01242236
0 0.62265625 0.07349896 0.0125 0.01863354
0 0.5859375 0.06884057 0.0078125 0.01345755
0 0.63710937 0.06573498 0.01640625 0.02795031
0 0.61445312 0.05124223 0.00859375 0.01138716
0 0.5140625 0.03881987 0.0140625 0.01345755
0 0.37109375 0.03416149 0.015625 0.01656314
0 0.42304687 0.03002070 0.01953125 0.01242236
0 0.56445312 0.01915113 0.01328125 0.01138716
0 0.38671875 0.01915113 0.0078125 0.01345755
0 0.35820312 0.01397515 0.01796875 0.01759834