0 0.62070312 0.99585921 0.01015625 0.00828157
0 0.5 0.99430641 0.009375 0.01138716
0 0.55234375 0.93685300 0.0203125 0.02898550
0 0.62148437 0.90631469 0.01328125 0.01759834
0 0.38789062 0.87784679 0.01484375 0.01863354
0 0.45195312 0.86024844 0.01328125 0.02277432
0 0.43085937 0.84523809 0.02109375 0.02587991
0 0.49765625 0.76811594 0.0140625 0.02484472
0 0.55273437 0.69720496 0.01328125 0.01759834
0 0.41484375 0.62732919 0.0140625 0.02070393
0 0.64960937 0.54347826 0.01484375 0.02070393
0 0.39335937 0.41459627 0.01328125 0.01552795
0 0.39335937 0.31573498 0.00859375 0.01449275
0 0.39648437 0.26035196 0.01640625 0.01966873
0 0.34023437 0.20807453 0.01640625 0.02277432
0 0.603125 0.20289855 0.00625 0.02898550
0 0.37304687 0.17132505 0.01171875 0.00724637
0 0.48984375 0.04296066 0.0140625 0.01345755
0 0.66367187 0.03571428 0.01171875 0.01138716