0 0.30351562 0.98343685 0.01640625 0.01863354
0 0.5515625 0.97308488 0.0109375 0.03105590
0 0.57773437 0.93115942 0.00703125 0.01552795
0 0.58945312 0.90890269 0.01015625 0.01449275
0 0.521875 0.88923395 0.0078125 0.01242236
0 0.59921875 0.88198757 0.0109375 0.01242236
0 0.39140625 0.87991718 0.0078125 0.01242236
0 0.49765625 0.87215320 0.0171875 0.01759834
0 0.51054687 0.85351966 0.01015625 0.01552795
0 0.66210937 0.85455486 0.01640625 0.02380952
0 0.321875 0.84575569 0.015625 0.01656314
0 0.4234375 0.82039337 0.0078125 0.01552795
0 0.65351562 0.81728778 0.01328125 0.01345755
0 0.36835937 0.80538302 0.01328125 0.03105590
0 0.359375 0.79296066 0.0109375 0.01035196
0 0.43398437 0.79037267 0.01328125 0.01552795
0 0.625 0.77536231 0.009375 0.01035196
0 0.46601562 0.77070393 0.01171875 0.01759834
0 0.3359375 0.75828157 0.01875 0.04037267
0 0.40507812 0.74378881 0.00859375 0.01345755
0 0.42851562 0.74482401 0.01640625 0.03002070
0 0.44804687 0.73861283 0.01796875 0.01966873
0 0.51796875 0.73654244 0.0171875 0.02380952
0 0.32539062 0.71946169 0.01171875 0.01449275
0 0.390625 0.71480331 0.0171875 0.02380952
0 0.44179687 0.70548654 0.01171875 0.01552795
0 0.32226562 0.69306418 0.01171875 0.01138716
0 0.678125 0.68581780 0.0140625 0.01345755
0 0.53007812 0.68995859 0.00703125 0.03002070
0 0.66367187 0.67960662 0.01171875 0.01552795
0 0.58515625 0.66459627 0.009375 0.01449275
0 0.61640625 0.65165631 0.0171875 0.02380952
0 0.58984375 0.63250517 0.009375 0.02484472
0 0.43710937 0.62629399 0.01171875 0.01449275
0 0.66445312 0.62422360 0.01328125 0.01656314
0 0.63046875 0.61490683 0.0140625 0.01863354
0 0.60117187 0.61335403 0.01171875 0.02380952
0 0.3296875 0.60559006 0.0109375 0.02277432
0 0.3421875 0.58850931 0.0109375 0.01966873
0 0.68671875 0.58333333 0.0078125 0.01345755
0 0.5859375 0.58074534 0.0109375 0.01863354
0 0.49492187 0.54917184 0.01015625 0.00931677
0 0.66914062 0.54917184 0.01015625 0.01345755
0 0.51875 0.55175983 0.015625 0.01863354
0 0.68710937 0.54658385 0.01015625 0.01242236
0 0.37851562 0.53416149 0.01171875 0.01449275
0 0.553125 0.52587991 0.009375 0.01449275
0 0.5765625 0.51656314 0.009375 0.01242236
0 0.47265625 0.51708074 0.0171875 0.02380952
0 0.39609375 0.48913043 0.0171875 0.02380952
0 0.68515625 0.46118012 0.0140625 0.02380952
0 0.6703125 0.45600414 0.0078125 0.02380952
0 0.53789062 0.44047619 0.00859375 0.01138716
0 0.48867187 0.44358178 0.01328125 0.01966873
0 0.39882812 0.41925465 0.01484375 0.01863354
0 0.67890625 0.41873706 0.0203125 0.02380952
0 0.4078125 0.38405797 0.009375 0.01242236
0 0.32539062 0.36594202 0.02109375 0.00931677
0 0.3671875 0.34316770 0.0171875 0.02380952
0 0.42617187 0.33436853 0.01328125 0.01656314
0 0.4484375 0.33074534 0.0171875 0.02380952
0 0.6171875 0.32142857 0.0140625 0.01759834
0 0.52109375 0.31262939 0.009375 0.02070393
0 0.39140625 0.30797101 0.0171875 0.01966873
0 0.46367187 0.29089026 0.01015625 0.01242236
0 0.47929687 0.27743271 0.00859375 0.01242236
0 0.34023437 0.28157349 0.01328125 0.02277432
0 0.56445312 0.27536231 0.01796875 0.01863354
0 0.47109375 0.23343685 0.025 0.02587991
0 0.38242187 0.22619047 0.00859375 0.02380952
0 0.5015625 0.22101449 0.021875 0.01966873
0 0.41914062 0.21687370 0.00859375 0.01345755
0 0.63203125 0.21014492 0.009375 0.01656314
0 0.55234375 0.19979296 0.0234375 0.01035196
0 0.41289062 0.19513457 0.01328125 0.02173913
0 0.51914062 0.17443064 0.01796875 0.01138716
0 0.465625 0.16821946 0.015625 0.01345755
0 0.52773437 0.15838509 0.01015625 0.01449275
0 0.48828125 0.15786749 0.0125 0.02173913
0 0.4859375 0.13405797 0.009375 0.01552795
0 0.36757812 0.13302277 0.01015625 0.01345755
0 0.60078125 0.12629399 0.0171875 0.02277432
0 0.50625 0.09886128 0.0171875 0.02380952
0 0.3625 0.08333333 0.0171875 0.02380952
0 0.4140625 0.06780538 0.0109375 0.01345755
0 0.45078125 0.06935817 0.015625 0.01863354
0 0.60585937 0.07039337 0.01484375 0.02898550
0 0.34609375 0.05848861 0.0171875 0.03416149
0 0.4796875 0.02432712 0.0171875 0.02380952
0 0.36445312 0.01604554 0.01015625 0.01966873