0 0.32773437 0.97153209 0.02265625 0.01138716
0 0.42460937 0.96894409 0.01953125 0.02070393
0 0.51523437 0.88457556 0.02109375 0.01966873
0 0.65546875 0.77018633 0.0203125 0.02898550
0 0.50664062 0.65579710 0.01640625 0.02380952
0 0.6859375 0.54503105 0.0140625 0.00931677
0 0.39882812 0.53053830 0.01484375 0.01966873
0 0.29648437 0.49120082 0.01796875 0.03002070
0 0.55820312 0.44151138 0.01796875 0.01966873
0 0.671875 0.44824016 0.0296875 0.03726708
0 0.44804687 0.39389233 0.01796875 0.01966873
0 0.62851562 0.35351966 0.01953125 0.02380952
0 0.46328125 0.31366459 0.015625 0.02691511
0 0.34570312 0.06728778 0.02578125 0.02484472
0 0.51445312 0.00414078 0.00859375 0.00828157