0 0.6390625 0.86283643 0.01875 0.02380952
0 0.58515625 0.81935817 0.015625 0.02380952
0 0.45820312 0.82298136 0.01640625 0.03933747
0 0.47539062 0.80072463 0.01640625 0.01966873
0 0.60742187 0.69358178 0.01953125 0.02277432
0 0.60703125 0.65165631 0.01875 0.02173913
0 0.47148437 0.55848861 0.01171875 0.03209109
0 0.44453125 0.52691511 0.021875 0.01449275
0 0.39609375 0.45755693 0.015625 0.02484472
0 0.6203125 0.40165631 0.015625 0.02277432
0 0.4078125 0.39958592 0.0234375 0.03105590
0 0.63359375 0.32660455 0.01875 0.02173913
0 0.48476562 0.30641821 0.03046875 0.04347826
0 0.52773437 0.27432712 0.01640625 0.02484472
0 0.41210937 0.12422360 0.03046875 0.04140786