0 0.51328125 0.93478260 0.0109375 0.02277432
0 0.35703125 0.92080745 0.0234375 0.02173913
0 0.46289062 0.87215320 0.01484375 0.01759834
0 0.58085937 0.82298136 0.01484375 0.01656314
0 0.3 0.81055900 0.0171875 0.01035196
0 0.38945312 0.75207039 0.00859375 0.02173913
0 0.41171875 0.74275362 0.0140625 0.03002070
0 0.50625 0.68167701 0.0203125 0.02380952
0 0.41914062 0.67443064 0.01640625 0.02380952
0 0.50273437 0.48861283 0.01796875 0.02277432
0 0.3984375 0.45393374 0.0203125 0.02173913
0 0.56289062 0.43167701 0.01328125 0.01863354
0 0.57734375 0.41304347 0.0109375 0.00828157
0 0.46210937 0.37215320 0.02578125 0.03416149
0 0.3828125 0.35921325 0.0265625 0.02691511
0 0.4640625 0.25207039 0.0171875 0.01759834
0 0.53398437 0.19616977 0.01484375 0.00931677
0 0.64140625 0.15838509 0.0078125 0.02070393
0 0.3359375 0.05590062 0.0109375 0.01449275