0 0.47304687 0.98964803 0.01171875 0.01863354
0 0.28242187 0.97463768 0.00703125 0.00931677
0 0.61171875 0.97670807 0.0171875 0.02380952
0 0.62578125 0.94358178 0.021875 0.01759834
0 0.31289062 0.92908902 0.01640625 0.00931677
0 0.68867187 0.92908902 0.01171875 0.01552795
0 0.58320312 0.91821946 0.01171875 0.01035196
0 0.59960937 0.91356107 0.01328125 0.01759834
0 0.34570312 0.90993788 0.01171875 0.01656314
0 0.459375 0.88871635 0.0125 0.01552795
0 0.39882812 0.87784679 0.01796875 0.01242236
0 0.31210937 0.86956521 0.01015625 0.01449275
0 0.54492187 0.87008281 0.00859375 0.02380952
0 0.46640625 0.85662525 0.0109375 0.01345755
0 0.30078125 0.85662525 0.0078125 0.01759834
0 0.48554687 0.85403726 0.01015625 0.01449275
0 0.42734375 0.85351966 0.0125 0.02795031
0 0.55976562 0.83178053 0.01015625 0.01345755
0 0.53515625 0.83695652 0.0171875 0.02380952
0 0.67851562 0.83747412 0.02578125 0.04140786
0 0.51835937 0.81418219 0.01015625 0.01759834
0 0.39648437 0.78002070 0.00859375 0.01759834
0 0.36992187 0.77639751 0.00859375 0.01035196
0 0.646875 0.76759834 0.0109375 0.01552795
0 0.484375 0.74585921 0.0109375 0.01138716
0 0.47460937 0.71428571 0.00859375 0.02070393
0 0.61796875 0.71532091 0.0140625 0.02484472
0 0.58359375 0.71273291 0.0171875 0.02380952
0 0.2984375 0.68892339 0.0125 0.01552795
0 0.56328125 0.67857142 0.0203125 0.02173913
0 0.67539062 0.65527950 0.01015625 0.01449275
0 0.49492187 0.64544513 0.01015625 0.02587991
0 0.35390625 0.63975155 0.015625 0.01863354
0 0.47382812 0.62784679 0.01171875 0.01552795
0 0.3671875 0.62215320 0.0109375 0.01863354
0 0.31171875 0.60041407 0.021875 0.03933747
0 0.37890625 0.58436853 0.0109375 0.01138716
0 0.51757812 0.57660455 0.01953125 0.01863354
0 0.44882812 0.56159420 0.01171875 0.01345755
0 0.42148437 0.55175983 0.00859375 0.01035196
0 0.66484375 0.55745341 0.025 0.02380952
0 0.64570312 0.54813664 0.01171875 0.01345755
0 0.29726562 0.55020703 0.01171875 0.01759834
0 0.48476562 0.53985507 0.01171875 0.02173913
0 0.453125 0.52380952 0.0109375 0.01242236
0 0.52382812 0.51086956 0.01328125 0.01345755
0 0.48085937 0.50879917 0.01015625 0.01345755
0 0.3109375 0.50207039 0.0109375 0.01035196
0 0.32929687 0.49275362 0.01015625 0.01035196
0 0.50664062 0.48861283 0.01171875 0.01242236
0 0.4140625 0.49068322 0.0078125 0.02070393
0 0.37148437 0.48809523 0.02265625 0.01759834
0 0.665625 0.47670807 0.034375 0.02380952
0 0.55429687 0.45600414 0.01484375 0.01552795
0 0.51640625 0.43685300 0.0140625 0.01656314
0 0.54726562 0.42494824 0.01484375 0.01759834
0 0.603125 0.41252587 0.0078125 0.01138716
0 0.390625 0.40217391 0.009375 0.01345755
0 0.59023437 0.38198757 0.01328125 0.01656314
0 0.36992187 0.38043478 0.01171875 0.01552795
0 0.64101562 0.37732919 0.01328125 0.01759834
0 0.33789062 0.35196687 0.01484375 0.02691511
0 0.57851562 0.33799171 0.01328125 0.01345755
0 0.48515625 0.33126293 0.009375 0.01035196
0 0.56484375 0.32142857 0.01875 0.01552795
0 0.39570312 0.32194616 0.01328125 0.01656314
0 0.33515625 0.32142857 0.0171875 0.02380952
0 0.46757812 0.30124223 0.01953125 0.02070393
0 0.60859375 0.29244306 0.015625 0.00931677
0 0.54921875 0.28985507 0.0109375 0.01449275
0 0.59453125 0.27587991 0.0296875 0.01138716
0 0.334375 0.27536231 0.0171875 0.01449275
0 0.39414062 0.27587991 0.01171875 0.01759834
0 0.42578125 0.23498964 0.0078125 0.01449275
0 0.58789062 0.21997929 0.01328125 0.01552795
0 0.34257812 0.21997929 0.01171875 0.01552795
0 0.33242187 0.18581780 0.01015625 0.02587991
0 0.50859375 0.17080745 0.015625 0.01863354
0 0.33476562 0.16407867 0.01484375 0.01552795
0 0.64609375 0.14544513 0.0109375 0.01966873
0 0.4375 0.14440993 0.0171875 0.02380952
0 0.39296875 0.13716356 0.009375 0.01552795
0 0.38085937 0.11801242 0.01328125 0.01656314
0 0.5625 0.11231884 0.0109375 0.01552795
0 0.33359375 0.09730848 0.0109375 0.01242236
0 0.54023437 0.10041407 0.01328125 0.02070393
0 0.37421875 0.07039337 0.0109375 0.01449275
0 0.5046875 0.07194616 0.0078125 0.03416149
0 0.41289062 0.05331262 0.01171875 0.01552795
0 0.43203125 0.00310559 0.0140625 0.00621118