0 0.509375 0.83436853 0.0234375 0.02691511
0 0.59492187 0.82505175 0.01640625 0.01449275
0 0.33359375 0.78571428 0.015625 0.04968944
0 0.34882812 0.73913043 0.01640625 0.02484472
0 0.44179687 0.74223602 0.01640625 0.03933747
0 0.55859375 0.69047619 0.0140625 0.01449275
0 0.47148437 0.55848861 0.01171875 0.03209109
0 0.3953125 0.54451345 0.0140625 0.02277432
0 0.52109375 0.47412008 0.040625 0.02691511
0 0.36210937 0.45910973 0.01640625 0.02173913
0 0.31796875 0.47567287 0.0390625 0.11076604
0 0.4078125 0.39544513 0.0234375 0.02277432
0 0.4 0.36024844 0.040625 0.02277432
0 0.61757812 0.32815734 0.01640625 0.02484472
0 0.5390625 0.31625258 0.0171875 0.02173913
0 0.45039062 0.24120082 0.01484375 0.02484472
0 0.38203125 0.07919254 0.0140625 0.05072463
0 0.584375 0.06521739 0.0203125 0.02484472