0 0.6484375 0.96687370 0.0078125 0.02277432
0 0.53320312 0.88612836 0.02421875 0.02898550
0 0.55351562 0.87525879 0.01015625 0.01138716
0 0.58242187 0.87991718 0.01796875 0.02898550
0 0.29882812 0.86438923 0.01328125 0.01863354
0 0.36679687 0.84627329 0.01328125 0.01966873
0 0.55898437 0.82815734 0.00859375 0.01242236
0 0.63242187 0.82091097 0.01640625 0.01863354
0 0.34804687 0.77846790 0.01484375 0.02277432
0 0.42460937 0.73964803 0.02109375 0.03209109
0 0.365625 0.73809523 0.0234375 0.03519668
0 0.31679687 0.72360248 0.01640625 0.02484472
0 0.41328125 0.66511387 0.021875 0.02795031
0 0.6828125 0.57246376 0.01875 0.03312629
0 0.3671875 0.48757763 0.021875 0.03933747
0 0.4015625 0.43840579 0.0109375 0.01966873
0 0.52851562 0.35921325 0.01640625 0.02277432
0 0.47265625 0.34679089 0.015625 0.01863354
0 0.33242187 0.32091097 0.01328125 0.02277432
0 0.55234375 0.26966873 0.0109375 0.01138716
0 0.44804687 0.14751552 0.02421875 0.02587991
0 0.62148437 0.13405797 0.02421875 0.03623188
0 0.50273437 0.06935817 0.01796875 0.02070393
0 0.5640625 0.00724637 0.0203125 0.01449275