0 0.59921875 0.98964803 0.0125 0.02070393
0 0.55664062 0.98964803 0.00703125 0.02070393
0 0.4296875 0.97308488 0.009375 0.02898550
0 0.61484375 0.96169772 0.0140625 0.01449275
0 0.58984375 0.94927536 0.009375 0.02070393
0 0.5515625 0.93530020 0.0171875 0.02380952
0 0.41171875 0.90424430 0.0171875 0.03209109
0 0.59570312 0.88975155 0.01171875 0.01966873
0 0.3921875 0.89182194 0.0171875 0.02380952
0 0.47148437 0.87991718 0.00859375 0.01035196
0 0.33203125 0.88146997 0.0125 0.01966873
0 0.5484375 0.87732919 0.0109375 0.01759834
0 0.37421875 0.86438923 0.0125 0.01449275
0 0.371875 0.84265010 0.01875 0.01242236
0 0.59609375 0.83902691 0.0125 0.02380952
0 0.31640625 0.83747412 0.015625 0.02277432
0 0.49804687 0.83022774 0.01015625 0.01449275
0 0.62148437 0.82039337 0.01328125 0.01138716
0 0.42070312 0.82246376 0.01328125 0.03002070
0 0.39335937 0.81366459 0.01328125 0.02484472
0 0.29453125 0.79296066 0.009375 0.01035196
0 0.42304687 0.78985507 0.00703125 0.01035196
0 0.55585937 0.76501035 0.01171875 0.01449275
0 0.65859375 0.74585921 0.0109375 0.01345755
0 0.63085937 0.74585921 0.00859375 0.01552795
0 0.42070312 0.73861283 0.01015625 0.01138716
0 0.48476562 0.73964803 0.01640625 0.01759834
0 0.60820312 0.73550724 0.01015625 0.01552795
0 0.40078125 0.73498964 0.0140625 0.02070393
0 0.32382812 0.72153209 0.00859375 0.02484472
0 0.55 0.71325051 0.0109375 0.01656314
0 0.52265625 0.70652173 0.0234375 0.02173913
0 0.54804687 0.69254658 0.01171875 0.01863354
0 0.63984375 0.68995859 0.0171875 0.02380952
0 0.50585937 0.65631469 0.01015625 0.02070393
0 0.35546875 0.64078674 0.0125 0.01863354
0 0.63085937 0.63664596 0.01171875 0.01656314
0 0.42070312 0.62474120 0.01953125 0.02173913
0 0.303125 0.61594202 0.0171875 0.01449275
0 0.37070312 0.59265010 0.02109375 0.02795031
0 0.50820312 0.54761904 0.01171875 0.01863354
0 0.6703125 0.53778467 0.0171875 0.02380952
0 0.4390625 0.53571428 0.0171875 0.02380952
0 0.68476562 0.52122153 0.01015625 0.01138716
0 0.378125 0.52795031 0.0125 0.02484472
0 0.47148437 0.52018633 0.02421875 0.02380952
0 0.44570312 0.5 0.01328125 0.01656314
0 0.46367187 0.49430641 0.02109375 0.01966873
0 0.48476562 0.49275362 0.01171875 0.01863354
0 0.52773437 0.48654244 0.01171875 0.01656314
0 0.35117187 0.47153209 0.01953125 0.01552795
0 0.546875 0.46376811 0.0109375 0.01449275
0 0.68164062 0.46169772 0.01015625 0.02070393
0 0.48554687 0.45393374 0.01171875 0.01345755
0 0.63085937 0.43115942 0.01015625 0.01345755
0 0.471875 0.42080745 0.009375 0.01759834
0 0.64375 0.40527950 0.0078125 0.01345755
0 0.4125 0.40062111 0.009375 0.01449275
0 0.54296875 0.40062111 0.0171875 0.01656314
0 0.46171875 0.39596273 0.0109375 0.01552795
0 0.65859375 0.39026915 0.0109375 0.01449275
0 0.43046875 0.37888198 0.009375 0.01035196
0 0.33554687 0.37991718 0.01328125 0.01449275
0 0.32109375 0.38146997 0.0125 0.01759834
0 0.528125 0.36387163 0.0265625 0.03002070
0 0.48046875 0.34368530 0.0078125 0.02070393
0 0.56171875 0.33799171 0.0171875 0.02380952
0 0.54492187 0.32246376 0.01171875 0.01138716
0 0.50820312 0.32556935 0.02109375 0.02173913
0 0.41171875 0.31004140 0.0171875 0.02380952
0 0.44726562 0.29865424 0.01796875 0.02380952
0 0.59414062 0.28260869 0.02109375 0.01656314
0 0.43398437 0.27691511 0.01015625 0.01345755
0 0.62890625 0.26190476 0.0140625 0.01863354
0 0.46523437 0.25207039 0.01328125 0.01966873
0 0.58867187 0.23447204 0.01015625 0.01552795
0 0.43984375 0.22877846 0.0109375 0.01449275
0 0.34414062 0.23343685 0.01171875 0.02380952
0 0.5328125 0.21946169 0.0109375 0.01035196
0 0.50390625 0.20859213 0.0109375 0.01345755
0 0.57226562 0.20134575 0.01640625 0.02380952
0 0.4109375 0.18167701 0.009375 0.01345755
0 0.37382812 0.16511387 0.01015625 0.01345755
0 0.48515625 0.16459627 0.0296875 0.02898550
0 0.61171875 0.13819875 0.0140625 0.01759834
0 0.565625 0.06935817 0.0109375 0.01656314
0 0.58476562 0.06107660 0.01015625 0.01449275
0 0.3171875 0.03985507 0.0078125 0.00931677
0 0.61757812 0.00776397 0.01328125 0.01552795
0 0.48515625 0.01138716 0.0171875 0.02277432