0 0.66796875 0.97981366 0.0140625 0.02173913
0 0.45820312 0.95807453 0.01484375 0.01966873
0 0.38710937 0.74637681 0.01328125 0.01242236
0 0.50742187 0.72619047 0.01015625 0.01552795
0 0.64257812 0.64596273 0.02265625 0.02691511
0 0.48828125 0.63354037 0.01875 0.02484472
0 0.50820312 0.62525879 0.01171875 0.02070393
0 0.44257812 0.55331262 0.00859375 0.01966873
0 0.51992187 0.51863354 0.01015625 0.01656314
0 0.51992187 0.48240165 0.02421875 0.02898550
0 0.50351562 0.40476190 0.01796875 0.02277432
0 0.625 0.37784679 0.015625 0.02070393
0 0.3890625 0.37525879 0.015625 0.01966873
0 0.54375 0.29813664 0.0140625 0.01656314
0 0.57734375 0.24792960 0.0125 0.01345755
0 0.55234375 0.19461697 0.01875 0.02277432