0 0.54804687 0.99637681 0.00859375 0.00724637
0 0.62382812 0.98291925 0.01640625 0.02173913
0 0.3796875 0.97877846 0.0203125 0.01345755
0 0.55078125 0.96635610 0.0171875 0.02380952
0 0.52421875 0.90579710 0.0140625 0.01656314
0 0.3328125 0.90683229 0.0234375 0.01863354
0 0.459375 0.90320910 0.0125 0.01552795
0 0.65820312 0.89648033 0.01171875 0.01035196
0 0.4921875 0.89596273 0.0109375 0.01552795
0 0.6375 0.89337474 0.015625 0.01656314
0 0.53203125 0.87939958 0.0125 0.01552795
0 0.47695312 0.87525879 0.00703125 0.01138716
0 0.346875 0.86801242 0.021875 0.02173913
0 0.31484375 0.85248447 0.0109375 0.01345755
0 0.6421875 0.84937888 0.0171875 0.01966873
0 0.58359375 0.85196687 0.0125 0.03726708
0 0.33828125 0.83902691 0.0171875 0.02173913
0 0.4828125 0.81625258 0.0109375 0.01138716
0 0.365625 0.81780538 0.0109375 0.01656314
0 0.6421875 0.80486542 0.009375 0.01345755
0 0.35585937 0.78623188 0.00703125 0.03416149
0 0.58046875 0.78260869 0.0328125 0.05175983
0 0.38398437 0.76190476 0.01484375 0.03312629
0 0.59648437 0.74378881 0.01484375 0.00931677
0 0.41523437 0.71894409 0.01171875 0.01345755
0 0.47929687 0.68788819 0.01640625 0.01138716
0 0.44921875 0.68737060 0.015625 0.01035196
0 0.52460937 0.68322981 0.01484375 0.01449275
0 0.42421875 0.67339544 0.0109375 0.01552795
0 0.50429687 0.64389233 0.01015625 0.02484472
0 0.64414062 0.62939958 0.01015625 0.01863354
0 0.55273437 0.61904761 0.01328125 0.01656314
0 0.59609375 0.61594202 0.0140625 0.01656314
0 0.43867187 0.60817805 0.01640625 0.02173913
0 0.34023437 0.60300207 0.01328125 0.01552795
0 0.5296875 0.59937888 0.009375 0.01035196
0 0.45976562 0.60196687 0.00859375 0.01966873
0 0.5546875 0.59213250 0.0171875 0.01035196
0 0.41484375 0.59213250 0.0140625 0.02277432
0 0.5078125 0.58281573 0.009375 0.01449275
0 0.33046875 0.57763975 0.0125 0.01449275
0 0.46601562 0.57091097 0.01015625 0.01345755
0 0.31914062 0.57608695 0.00859375 0.02380952
0 0.50078125 0.53053830 0.0109375 0.01552795
0 0.37929687 0.52743271 0.01015625 0.01138716
0 0.40234375 0.52329192 0.0171875 0.02380952
0 0.49570312 0.51190476 0.01171875 0.01552795
0 0.540625 0.49585921 0.009375 0.01242236
0 0.31523437 0.49120082 0.01328125 0.02380952
0 0.3484375 0.47515527 0.0140625 0.01863354
0 0.49921875 0.46790890 0.0109375 0.01035196
0 0.66992187 0.46583850 0.01328125 0.01449275
0 0.5546875 0.46739130 0.0171875 0.02380952
0 0.36640625 0.46273291 0.009375 0.01449275
0 0.296875 0.44927536 0.0109375 0.01656314
0 0.4265625 0.44513457 0.0125 0.01449275
0 0.6390625 0.43322981 0.0171875 0.02380952
0 0.51289062 0.42857142 0.01171875 0.01863354
0 0.58007812 0.43788819 0.02265625 0.03933747
0 0.57539062 0.39751552 0.01171875 0.01449275
0 0.39609375 0.39389233 0.0125 0.01966873
0 0.328125 0.38302277 0.0109375 0.01449275
0 0.59023437 0.35662525 0.00859375 0.01345755
0 0.43164062 0.35300207 0.01171875 0.01242236
0 0.378125 0.35869565 0.0171875 0.02380952
0 0.62460937 0.33540372 0.01015625 0.01449275
0 0.5671875 0.32349896 0.0078125 0.02587991
0 0.45 0.30538302 0.0109375 0.01656314
0 0.478125 0.31055900 0.0203125 0.03519668
0 0.49609375 0.29917184 0.0109375 0.01449275
0 0.47929687 0.27225672 0.01171875 0.01242236
0 0.54140625 0.26915113 0.0109375 0.01449275
0 0.56171875 0.26190476 0.0109375 0.01449275
0 0.6296875 0.24896480 0.0109375 0.01759834
0 0.37460937 0.23757763 0.01171875 0.01552795
0 0.34921875 0.21376811 0.0140625 0.01966873
0 0.4625 0.20962732 0.009375 0.01345755
0 0.35585937 0.19358178 0.01484375 0.01449275
0 0.58046875 0.18633540 0.0109375 0.01449275
0 0.428125 0.17650103 0.0171875 0.02380952
0 0.36484375 0.16356107 0.009375 0.01656314
0 0.63007812 0.10921325 0.01015625 0.01138716
0 0.59023437 0.07971014 0.01171875 0.01449275
0 0.57773437 0.07556935 0.00703125 0.01656314
0 0.60546875 0.07919254 0.021875 0.03830227
0 0.45859375 0.02639751 0.0171875 0.02380952