0 0.29140625 0.87732919 0.00625 0.01759834
0 0.62851562 0.85610766 0.01015625 0.01656314
0 0.60625 0.68737060 0.00625 0.01656314
0 0.44648437 0.66563146 0.01640625 0.01863354
0 0.65859375 0.64285714 0.0171875 0.01863354
0 0.490625 0.63405797 0.015625 0.02795031
0 0.49453125 0.55848861 0.00625 0.01138716
0 0.671875 0.56262939 0.021875 0.02795031
0 0.41679687 0.52070393 0.01328125 0.01863354
0 0.29492187 0.43012422 0.01328125 0.01759834
0 0.57304687 0.42857142 0.01484375 0.01656314
0 0.42226562 0.42805383 0.01484375 0.01759834
0 0.32265625 0.41511387 0.015625 0.02691511
0 0.47070312 0.39078674 0.01484375 0.01759834
0 0.43359375 0.37784679 0.0265625 0.03933747
0 0.56875 0.33436853 0.009375 0.00828157
0 0.46992187 0.33643892 0.00859375 0.01656314
0 0.60351562 0.31935817 0.03671875 0.04037267
0 0.4734375 0.30590062 0.021875 0.03209109
0 0.59960937 0.26449275 0.01015625 0.00931677
0 0.44570312 0.21997929 0.02265625 0.03623188
0 0.52265625 0.12888198 0.0125 0.01759834
0 0.39257812 0.01242236 0.01640625 0.02484472