0 0.40742187 0.87370600 0.02265625 0.01449275
0 0.67148437 0.86231884 0.01953125 0.02484472
0 0.453125 0.85559006 0.021875 0.01552795
0 0.36523437 0.80538302 0.03671875 0.02691511
0 0.47539062 0.80072463 0.01640625 0.01966873
0 0.6578125 0.74327122 0.015625 0.02277432
0 0.63398437 0.71118012 0.01484375 0.01449275
0 0.58867187 0.69358178 0.01796875 0.02070393
0 0.67226562 0.61076604 0.01484375 0.02484472
0 0.4765625 0.59006211 0.0203125 0.02484472
0 0.5609375 0.54296066 0.021875 0.02587991
0 0.3515625 0.51915113 0.01875 0.02380952
0 0.3890625 0.45755693 0.0140625 0.02484472
0 0.4828125 0.38664596 0.021875 0.02587991
0 0.3765625 0.34523809 0.01875 0.01345755
0 0.575 0.34109730 0.04375 0.07763975
0 0.51171875 0.15631469 0.028125 0.02691511
0 0.4234375 0.14440993 0.015625 0.02587991