0 0.51210937 0.86024844 0.02265625 0.02898550
0 0.584375 0.84316770 0.0203125 0.02795031
0 0.48671875 0.83488612 0.01875 0.02587991
0 0.653125 0.80124223 0.04375 0.04554865
0 0.6203125 0.77225672 0.021875 0.02277432
0 0.35898437 0.73395445 0.01484375 0.01449275
0 0.4578125 0.74171842 0.015625 0.04037267
0 0.59765625 0.69409937 0.0125 0.01552795
0 0.40546875 0.51966873 0.0375 0.03105590
0 0.55039062 0.50931677 0.02109375 0.01863354
0 0.3890625 0.45755693 0.0140625 0.02484472
0 0.57460937 0.42753623 0.03984375 0.03312629
0 0.43164062 0.42339544 0.01640625 0.03105590
0 0.40585937 0.42287784 0.01796875 0.03209109
0 0.38046875 0.41718426 0.0171875 0.02070393
0 0.65546875 0.39233954 0.0234375 0.02898550
0 0.47929687 0.32091097 0.01953125 0.02898550
0 0.52773437 0.27122153 0.01640625 0.01863354
0 0.55546875 0.25465838 0.0203125 0.02898550
0 0.63515625 0.07919254 0.0203125 0.05279503
0 0.584375 0.06521739 0.0203125 0.02484472