0 0.50234375 0.97049689 0.0203125 0.01138716
0 0.64375 0.95238095 0.009375 0.01035196
0 0.64140625 0.93374741 0.0109375 0.01656314
0 0.46914062 0.92494824 0.01484375 0.00931677
0 0.33789062 0.92805383 0.01171875 0.01966873
0 0.296875 0.92908902 0.015625 0.02173913
0 0.56835937 0.89182194 0.01171875 0.01552795
0 0.33828125 0.89182194 0.0125 0.01552795
0 0.39921875 0.88768115 0.015625 0.01345755
0 0.4328125 0.88302277 0.0109375 0.01449275
0 0.5109375 0.88095238 0.0109375 0.01449275
0 0.41289062 0.87060041 0.00703125 0.01035196
0 0.6671875 0.86283643 0.0171875 0.02380952
0 0.45273437 0.84834368 0.01171875 0.01552795
0 0.36015625 0.82815734 0.009375 0.01449275
0 0.58359375 0.82401656 0.0078125 0.01242236
0 0.64960937 0.81573498 0.01171875 0.01863354
0 0.34648437 0.80124223 0.02265625 0.01449275
0 0.63789062 0.79089026 0.00859375 0.01656314
0 0.52109375 0.78260869 0.0078125 0.01449275
0 0.309375 0.78209109 0.0171875 0.02380952
0 0.34609375 0.77380952 0.009375 0.01138716
0 0.56171875 0.77898550 0.0078125 0.02587991
0 0.41484375 0.76656314 0.021875 0.03209109
0 0.63554687 0.74378881 0.03359375 0.03416149
0 0.5859375 0.72360248 0.0125 0.01449275
0 0.44804687 0.71635610 0.00703125 0.01449275
0 0.68515625 0.71583850 0.0078125 0.01966873
0 0.56640625 0.70393374 0.009375 0.01242236
0 0.60195312 0.69409937 0.01640625 0.01966873
0 0.58710937 0.68995859 0.01171875 0.01966873
0 0.52109375 0.68581780 0.01875 0.01552795
0 0.37929687 0.65786749 0.00703125 0.02380952
0 0.33867187 0.61542443 0.01015625 0.01345755
0 0.46875 0.60714285 0.0078125 0.01345755
0 0.5234375 0.57349896 0.0203125 0.03519668
0 0.54140625 0.55797101 0.0171875 0.02277432
0 0.65273437 0.54813664 0.01171875 0.01345755
0 0.43398437 0.54347826 0.01171875 0.01449275
0 0.35820312 0.53364389 0.01953125 0.03002070
0 0.3125 0.51708074 0.0171875 0.02380952
0 0.35390625 0.50983436 0.015625 0.01759834
0 0.39101562 0.49327122 0.01171875 0.01345755
0 0.50390625 0.48861283 0.0125 0.01656314
0 0.59609375 0.48084886 0.009375 0.01345755
0 0.53398437 0.48084886 0.01015625 0.01345755
0 0.45429687 0.46273291 0.01015625 0.01449275
0 0.42421875 0.46169772 0.025 0.01656314
0 0.68671875 0.45652173 0.0109375 0.01449275
0 0.365625 0.45393374 0.0109375 0.01552795
0 0.6453125 0.44772256 0.0109375 0.01552795
0 0.48085937 0.44151138 0.01484375 0.02380952
0 0.34570312 0.43219461 0.01796875 0.02380952
0 0.59960937 0.39596273 0.00859375 0.01138716
0 0.56640625 0.40113871 0.0171875 0.02380952
0 0.52851562 0.38405797 0.01328125 0.01449275
0 0.396875 0.37732919 0.0203125 0.03002070
0 0.5109375 0.36076604 0.0171875 0.02173913
0 0.36992187 0.33643892 0.00859375 0.02070393
0 0.3328125 0.31884057 0.0140625 0.02277432
0 0.47578125 0.31314699 0.015625 0.01966873
0 0.45546875 0.29658385 0.0171875 0.02380952
0 0.4953125 0.27277432 0.0140625 0.01759834
0 0.36875 0.27122153 0.0109375 0.01449275
0 0.46210937 0.24171842 0.01171875 0.01759834
0 0.44257812 0.22463768 0.01015625 0.01449275
0 0.33203125 0.21635610 0.0125 0.01449275
0 0.63671875 0.21480331 0.0125 0.01552795
0 0.56953125 0.21532091 0.009375 0.02691511
0 0.5890625 0.17960662 0.0125 0.02173913
0 0.49726562 0.17391304 0.01171875 0.01656314
0 0.39882812 0.16563146 0.01171875 0.01449275
0 0.38046875 0.16252587 0.015625 0.02277432
0 0.51445312 0.13819875 0.01328125 0.01345755
0 0.61875 0.12215320 0.0125 0.01035196
0 0.37070312 0.12060041 0.01171875 0.01759834
0 0.42382812 0.11645962 0.00859375 0.01138716
0 0.63046875 0.10817805 0.009375 0.01138716
0 0.41835937 0.09834368 0.01640625 0.01242236
0 0.36757812 0.08695652 0.01015625 0.01242236
0 0.55664062 0.08022774 0.00859375 0.01138716
0 0.48203125 0.07453416 0.0234375 0.01656314
0 0.39335937 0.07349896 0.01484375 0.01656314
0 0.34257812 0.06884057 0.00859375 0.01138716
0 0.56484375 0.06625258 0.0109375 0.01449275
0 0.5046875 0.05848861 0.0171875 0.02380952
0 0.61953125 0.03467908 0.0203125 0.00931677
0 0.31992187 0.02432712 0.01484375 0.01552795
0 0.29453125 0.00517598 0.015625 0.01035196