0 0.51796875 0.97981366 0.009375 0.01345755
0 0.31601562 0.97774327 0.01640625 0.00931677
0 0.61054687 0.97463768 0.01328125 0.02173913
0 0.54140625 0.93995859 0.0125 0.01242236
0 0.70117187 0.93633540 0.01171875 0.01966873
0 0.56171875 0.93426501 0.01875 0.01552795
0 0.62148437 0.90734989 0.02109375 0.01966873
0 0.41015625 0.89751552 0.01875 0.01656314
0 0.3703125 0.89337474 0.009375 0.01242236
0 0.50117187 0.88819875 0.01484375 0.01863354
0 0.56445312 0.88302277 0.01015625 0.01035196
0 0.59023437 0.88302277 0.01328125 0.01449275
0 0.3359375 0.86645962 0.009375 0.01242236
0 0.48046875 0.84989648 0.015625 0.01863354
0 0.31875 0.84575569 0.0125 0.01449275
0 0.2953125 0.84316770 0.0140625 0.01138716
0 0.62734375 0.84316770 0.015625 0.01966873
0 0.48164062 0.83022774 0.01015625 0.01035196
0 0.67421875 0.82453416 0.0140625 0.01966873
0 0.63554687 0.81780538 0.01484375 0.02277432
0 0.35390625 0.81987577 0.0125 0.02691511
0 0.62773437 0.79347826 0.01796875 0.01759834
0 0.36132812 0.77070393 0.01484375 0.01138716
0 0.42851562 0.76708074 0.01328125 0.01656314
0 0.50898437 0.76293995 0.01640625 0.01863354
0 0.45820312 0.75465838 0.01171875 0.01242236
0 0.5296875 0.75 0.009375 0.01345755
0 0.61328125 0.73706004 0.0125 0.01449275
0 0.40976562 0.73706004 0.00859375 0.01449275
0 0.584375 0.73861283 0.028125 0.03002070
0 0.64257812 0.73136645 0.01171875 0.01966873
0 0.55117187 0.73188405 0.01953125 0.02484472
0 0.3375 0.72049689 0.0125 0.01656314
0 0.559375 0.71739130 0.0125 0.01656314
0 0.63046875 0.71946169 0.0109375 0.02277432
0 0.3421875 0.70186335 0.0140625 0.01656314
0 0.48789062 0.69824016 0.00859375 0.01552795
0 0.54882812 0.69616977 0.01171875 0.01345755
0 0.32773437 0.67287784 0.01015625 0.01449275
0 0.625 0.64751552 0.0125 0.01759834
0 0.65625 0.60714285 0.0171875 0.02380952
0 0.62460937 0.60351966 0.01484375 0.02484472
0 0.31445312 0.59420289 0.01484375 0.01656314
0 0.41484375 0.58229813 0.0109375 0.01759834
0 0.63359375 0.57505175 0.0109375 0.01345755
0 0.33828125 0.57712215 0.0171875 0.02380952
0 0.50546875 0.55227743 0.025 0.01138716
0 0.4078125 0.54710144 0.0125 0.01552795
0 0.44296875 0.54710144 0.0171875 0.02380952
0 0.63476562 0.51604554 0.01328125 0.01552795
0 0.34335937 0.51345755 0.01484375 0.01242236
0 0.47265625 0.51293995 0.0171875 0.02380952
0 0.59765625 0.49844720 0.0109375 0.01759834
0 0.5140625 0.49275362 0.015625 0.02070393
0 0.40976562 0.48809523 0.01015625 0.01345755
0 0.58476562 0.47256728 0.01171875 0.01345755
0 0.4390625 0.47308488 0.0140625 0.01656314
0 0.5765625 0.42080745 0.0109375 0.01759834
0 0.68554687 0.40269151 0.01328125 0.01656314
0 0.39921875 0.40062111 0.0125 0.02898550
0 0.44492187 0.37939958 0.01171875 0.01552795
0 0.365625 0.35714285 0.009375 0.01449275
0 0.5171875 0.35300207 0.0125 0.01242236
0 0.478125 0.35300207 0.0125 0.01863354
0 0.40625 0.32763975 0.0171875 0.02380952
0 0.60742187 0.30486542 0.01484375 0.01966873
0 0.34414062 0.28881987 0.00859375 0.01863354
0 0.6234375 0.28519668 0.0125 0.01759834
0 0.54140625 0.28571428 0.009375 0.01863354
0 0.42421875 0.26086956 0.0125 0.01449275
0 0.33125 0.25103519 0.0109375 0.01552795
0 0.60195312 0.24120082 0.00859375 0.01242236
0 0.63242187 0.20548654 0.01328125 0.01966873
0 0.37304687 0.19461697 0.00859375 0.02070393
0 0.459375 0.18374741 0.0109375 0.01345755
0 0.36484375 0.17494824 0.034375 0.01656314
0 0.38554687 0.16356107 0.01171875 0.01656314
0 0.45 0.14855072 0.009375 0.02587991
0 0.49570312 0.13975155 0.00703125 0.02277432
0 0.428125 0.13405797 0.0078125 0.02587991
0 0.53203125 0.11438923 0.0109375 0.01552795
0 0.3578125 0.11335403 0.0125 0.01759834
0 0.47148437 0.11231884 0.01171875 0.01966873
0 0.509375 0.07556935 0.0125 0.01449275
0 0.64023437 0.07453416 0.02421875 0.01656314
0 0.34023437 0.06935817 0.01796875 0.01242236
0 0.53203125 0.05331262 0.0109375 0.01759834
0 0.62578125 0.03985507 0.015625 0.02380952
0 0.31601562 0.03364389 0.01015625 0.01345755
0 0.34296875 0.02432712 0.0171875 0.01966873
0 0.32382812 0.02122153 0.01484375 0.01345755