0 0.63554687 0.88768115 0.01484375 0.01552795
0 0.48789062 0.87060041 0.01484375 0.01449275
0 0.31328125 0.82298136 0.0140625 0.01656314
0 0.65273437 0.78209109 0.01953125 0.01966873
0 0.35546875 0.73602484 0.01875 0.02070393
0 0.428125 0.73136645 0.0125 0.01759834
0 0.59570312 0.70548654 0.01171875 0.01759834
0 0.30546875 0.55797101 0.025 0.02898550
0 0.47070312 0.53209109 0.01953125 0.02691511
0 0.58789062 0.43685300 0.01953125 0.01863354
0 0.50546875 0.44254658 0.0296875 0.03002070
0 0.34921875 0.43219461 0.015625 0.01966873
0 0.40351562 0.41407867 0.02109375 0.02277432
0 0.3078125 0.38975155 0.0109375 0.02173913
0 0.52773437 0.34937888 0.01640625 0.02587991
0 0.45546875 0.29296066 0.0125 0.01863354
0 0.54492187 0.06521739 0.01796875 0.02070393