0 0.65429687 0.89337474 0.01796875 0.02484472
0 0.4421875 0.85455486 0.009375 0.01345755
0 0.615625 0.79710144 0.0140625 0.01656314
0 0.39726562 0.79296066 0.01953125 0.02277432
0 0.58359375 0.77122153 0.0140625 0.02691511
0 0.40507812 0.76915113 0.01796875 0.02484472
0 0.39765625 0.70134575 0.0234375 0.03002070
0 0.55273437 0.69358178 0.01171875 0.01656314
0 0.49648437 0.57505175 0.01171875 0.01759834
0 0.425 0.54968944 0.01875 0.02070393
0 0.45078125 0.54244306 0.021875 0.02277432
0 0.57578125 0.49068322 0.015625 0.01656314
0 0.52539062 0.48757763 0.01171875 0.01656314
0 0.56484375 0.44461697 0.0140625 0.01966873
0 0.60625 0.34575569 0.0109375 0.01656314
0 0.5765625 0.29503105 0.025 0.02898550
0 0.39257812 0.25414078 0.00859375 0.00931677
0 0.48789062 0.15165631 0.02109375 0.01138716
0 0.51601562 0.15165631 0.01484375 0.01759834
0 0.62460937 0.15269151 0.01484375 0.02380952
0 0.44453125 0.14699792 0.0125 0.01449275
0 0.57421875 0.12888198 0.0140625 0.01759834
0 0.42148437 0.12474120 0.01328125 0.02587991
0 0.64726562 0.11076604 0.01171875 0.00828157
0 0.56757812 0.06625258 0.01484375 0.02691511
0 0.49765625 0.02070393 0.0109375 0.01035196