0 0.36953125 0.95652173 0.0109375 0.02691511
0 0.66992187 0.94099378 0.01171875 0.01449275
0 0.690625 0.93374741 0.0109375 0.01656314
0 0.42929687 0.92184265 0.01484375 0.01966873
0 0.4015625 0.90993788 0.0078125 0.02070393
0 0.41601562 0.90062111 0.01328125 0.02070393
0 0.60546875 0.89078674 0.021875 0.00931677
0 0.44257812 0.89906832 0.02265625 0.02587991
0 0.53984375 0.89182194 0.0234375 0.01552795
0 0.59179687 0.84523809 0.01171875 0.01552795
0 0.60664062 0.84213250 0.01171875 0.01966873
0 0.30859375 0.83850931 0.0171875 0.02277432
0 0.409375 0.83229813 0.0109375 0.01449275
0 0.35664062 0.83178053 0.01015625 0.01345755
0 0.46171875 0.82401656 0.0109375 0.01449275
0 0.67109375 0.81366459 0.0125 0.01656314
0 0.32421875 0.80797101 0.0125 0.01759834
0 0.33828125 0.79968944 0.0078125 0.01345755
0 0.565625 0.79606625 0.0125 0.01449275
0 0.49140625 0.79347826 0.0125 0.01552795
0 0.34335937 0.77950310 0.01171875 0.01863354
0 0.6609375 0.77536231 0.0140625 0.02277432
0 0.4875 0.77070393 0.0125 0.01552795
0 0.49492187 0.75051759 0.01171875 0.01863354
0 0.59335937 0.74689440 0.01171875 0.01552795
0 0.48085937 0.71480331 0.01328125 0.01345755
0 0.55039062 0.70755693 0.01015625 0.01552795
0 0.60039062 0.69720496 0.00859375 0.01345755
0 0.41289062 0.69047619 0.01796875 0.01242236
0 0.64570312 0.67857142 0.01796875 0.01759834
0 0.48710937 0.64699792 0.01015625 0.01449275
0 0.2953125 0.62939958 0.0140625 0.01863354
0 0.32109375 0.63250517 0.01875 0.02898550
0 0.63710937 0.57763975 0.00859375 0.02691511
0 0.62070312 0.56832298 0.01171875 0.02277432
0 0.64296875 0.53881987 0.0125 0.00931677
0 0.36914062 0.53726708 0.01015625 0.01449275
0 0.56757812 0.51863354 0.01171875 0.01242236
0 0.36132812 0.51966873 0.01171875 0.01449275
0 0.32617187 0.51242236 0.01328125 0.01449275
0 0.54179687 0.49741200 0.01484375 0.01345755
0 0.52148437 0.49223602 0.01171875 0.01138716
0 0.33789062 0.48447204 0.01171875 0.01242236
0 0.63984375 0.47981366 0.0109375 0.01345755
0 0.38046875 0.48550724 0.0171875 0.03105590
0 0.4078125 0.46532091 0.0171875 0.02380952
0 0.32070312 0.43322981 0.01015625 0.01759834
0 0.3875 0.43374741 0.0171875 0.02070393
0 0.46484375 0.41252587 0.009375 0.01345755
0 0.59296875 0.41821946 0.0109375 0.02691511
0 0.29726562 0.40269151 0.01171875 0.02484472
0 0.31171875 0.39078674 0.0171875 0.02380952
0 0.42773437 0.37836438 0.01953125 0.01759834
0 0.46875 0.36335403 0.0140625 0.01863354
0 0.41367187 0.36076604 0.01015625 0.01345755
0 0.56640625 0.35144927 0.0078125 0.00931677
0 0.4921875 0.34627329 0.0171875 0.02380952
0 0.409375 0.33540372 0.0296875 0.01863354
0 0.59257812 0.33229813 0.01171875 0.02070393
0 0.53203125 0.32971014 0.0171875 0.02380952
0 0.35898437 0.32556935 0.01171875 0.01552795
0 0.6265625 0.32453416 0.0140625 0.02380952
0 0.5984375 0.30486542 0.0140625 0.01138716
0 0.55078125 0.30279503 0.0125 0.01552795
0 0.63789062 0.28985507 0.01171875 0.01656314
0 0.62460937 0.28260869 0.01328125 0.02277432
0 0.50117187 0.26293995 0.01328125 0.01656314
0 0.3875 0.25310559 0.009375 0.01345755
0 0.4515625 0.24689440 0.028125 0.02173913
0 0.52304687 0.24120082 0.01328125 0.01656314
0 0.5546875 0.23809523 0.0109375 0.01242236
0 0.42851562 0.16304347 0.00859375 0.01138716
0 0.62304687 0.15579710 0.01171875 0.01138716
0 0.58320312 0.15579710 0.01484375 0.01759834
0 0.490625 0.15217391 0.0140625 0.01035196
0 0.37148437 0.14544513 0.01640625 0.01345755
0 0.50234375 0.11801242 0.0109375 0.02277432
0 0.55 0.10559006 0.0109375 0.01242236
0 0.6125 0.10455486 0.0125 0.01656314
0 0.63476562 0.09679089 0.02109375 0.01966873
0 0.50546875 0.09316770 0.0125 0.01863354
0 0.36914062 0.09006211 0.01484375 0.02484472
0 0.6171875 0.07919254 0.009375 0.01966873
0 0.534375 0.06573498 0.0109375 0.02795031
0 0.38203125 0.06004140 0.0265625 0.02277432
0 0.43671875 0.05900621 0.0140625 0.02484472
0 0.57890625 0.04296066 0.0171875 0.02380952
0 0.609375 0.01345755 0.0109375 0.01449275
0 0.53242187 0.01397515 0.01484375 0.01552795
0 0.69804687 0.01604554 0.00859375 0.02795031
0 0.3359375 0.01397515 0.009375 0.02380952