0 0.43984375 0.89130434 0.01875 0.02484472
0 0.62773437 0.88612836 0.01640625 0.02070393
0 0.39375 0.87681159 0.0171875 0.02070393
0 0.67148437 0.86231884 0.01953125 0.02484472
0 0.509375 0.83436853 0.0234375 0.02691511
0 0.63945312 0.81573498 0.01171875 0.02277432
0 0.44179687 0.82349896 0.01640625 0.04037267
0 0.40976562 0.81418219 0.01640625 0.02173913
0 0.31640625 0.80693581 0.015625 0.01966873
0 0.49921875 0.76708074 0.0234375 0.02277432
0 0.3171875 0.75258799 0.0203125 0.03726708
0 0.42617187 0.74223602 0.01640625 0.03933747
0 0.55625 0.72826086 0.0125 0.02380952
0 0.62617187 0.65217391 0.01796875 0.02277432
0 0.38125 0.39906832 0.0140625 0.02173913
0 0.43476562 0.39440993 0.01640625 0.02484472
0 0.6390625 0.36283643 0.01875 0.01759834
0 0.57773437 0.25258799 0.02109375 0.03726708
0 0.53085937 0.22412008 0.01796875 0.02380952
0 0.4234375 0.14440993 0.015625 0.02587991
0 0.4046875 0.13198757 0.015625 0.02380952
0 0.35195312 0.11956521 0.03046875 0.04037267
0 0.63515625 0.07919254 0.0203125 0.05279503