0 0.38515625 0.99016563 0.015625 0.00931677
0 0.37109375 0.97049689 0.0125 0.01552795
0 0.66523437 0.93995859 0.01796875 0.01035196
0 0.52460937 0.94202898 0.00859375 0.02070393
0 0.32890625 0.92701863 0.0171875 0.02380952
0 0.48828125 0.90838509 0.0109375 0.01345755
0 0.29804687 0.90165631 0.00859375 0.02484472
0 0.41953125 0.89026915 0.009375 0.01242236
0 0.5484375 0.87836438 0.0109375 0.01552795
0 0.38671875 0.87939958 0.0171875 0.02380952
0 0.6640625 0.87267080 0.0109375 0.01449275
0 0.52890625 0.87732919 0.0171875 0.03002070
0 0.4046875 0.86904761 0.0171875 0.02380952
0 0.46875 0.85507246 0.0109375 0.01242236
0 0.5875 0.84316770 0.0078125 0.02173913
0 0.45039062 0.84316770 0.02109375 0.02173913
0 0.65976562 0.82660455 0.01328125 0.01759834
0 0.49648437 0.80279503 0.00859375 0.01345755
0 0.31445312 0.79296066 0.01328125 0.01449275
0 0.37148437 0.77484472 0.01171875 0.01966873
0 0.3203125 0.74948240 0.0109375 0.01449275
0 0.32539062 0.72153209 0.01328125 0.02070393
0 0.34726562 0.71739130 0.02109375 0.01449275
0 0.66796875 0.71894409 0.0234375 0.02795031
0 0.36796875 0.70445134 0.0078125 0.01138716
0 0.60742187 0.70031055 0.00703125 0.00931677
0 0.58046875 0.70755693 0.0171875 0.02380952
0 0.3984375 0.69513457 0.0171875 0.02380952
0 0.659375 0.68944099 0.0125 0.01449275
0 0.33359375 0.68478260 0.0140625 0.01345755
0 0.5078125 0.67028985 0.0171875 0.02380952
0 0.40039062 0.65942028 0.01328125 0.01863354
0 0.64726562 0.65269151 0.01171875 0.01759834
0 0.4734375 0.63819875 0.0140625 0.01345755
0 0.64257812 0.62577639 0.01171875 0.01345755
0 0.49414062 0.61749482 0.01484375 0.01759834
0 0.38398437 0.61180124 0.00703125 0.01863354
0 0.62617187 0.60300207 0.02421875 0.02380952
0 0.45 0.59989648 0.0078125 0.01759834
0 0.66914062 0.58954451 0.00859375 0.01138716
0 0.36953125 0.59057971 0.0125 0.01966873
0 0.38320312 0.56935817 0.00703125 0.01449275
0 0.50976562 0.56573498 0.02890625 0.01966873
0 0.5671875 0.54813664 0.0125 0.01552795
0 0.58945312 0.52846790 0.01015625 0.01345755
0 0.2984375 0.53260869 0.0171875 0.02380952
0 0.42109375 0.51966873 0.0140625 0.01449275
0 0.63671875 0.50207039 0.0125 0.02277432
0 0.60703125 0.47981366 0.0140625 0.01759834
0 0.68242187 0.48033126 0.01171875 0.02691511
0 0.51210937 0.48809523 0.02265625 0.04865424
0 0.5859375 0.43840579 0.0109375 0.01552795
0 0.31171875 0.43737060 0.0109375 0.01345755
0 0.29726562 0.43322981 0.01484375 0.01345755
0 0.55703125 0.43737060 0.0171875 0.02380952
0 0.346875 0.44616977 0.0234375 0.04347826
0 0.50703125 0.42236024 0.0171875 0.01863354
0 0.37070312 0.41821946 0.01328125 0.01863354
0 0.64101562 0.38302277 0.01015625 0.02484472
0 0.55585937 0.37318840 0.01171875 0.01759834
0 0.39726562 0.33850931 0.01015625 0.01035196
0 0.6375 0.33850931 0.0109375 0.01449275
0 0.56132812 0.33436853 0.01171875 0.01656314
0 0.43125 0.33229813 0.0078125 0.01242236
0 0.61015625 0.33385093 0.0171875 0.02380952
0 0.478125 0.33074534 0.0078125 0.01966873
0 0.42460937 0.31418219 0.01015625 0.01138716
0 0.43164062 0.27225672 0.00703125 0.01449275
0 0.55546875 0.24792960 0.01875 0.01138716
0 0.39960937 0.24585921 0.01015625 0.01345755
0 0.37734375 0.24223602 0.01875 0.01656314
0 0.49257812 0.23757763 0.01171875 0.01552795
0 0.41132812 0.23550724 0.00859375 0.01966873
0 0.47578125 0.20031055 0.0171875 0.02380952
0 0.40546875 0.18167701 0.0125 0.01345755
0 0.43515625 0.17443064 0.0171875 0.02380952
0 0.36367187 0.16252587 0.01953125 0.02277432
0 0.5390625 0.15683229 0.0109375 0.01345755
0 0.62578125 0.15683229 0.0125 0.01759834
0 0.43867187 0.14648033 0.01328125 0.01759834
0 0.34179687 0.13561076 0.01015625 0.01242236
0 0.38046875 0.11956521 0.0109375 0.01759834
0 0.63320312 0.11387163 0.01015625 0.01449275
0 0.33867187 0.10248447 0.01484375 0.01656314
0 0.54101562 0.09730848 0.01171875 0.01449275
0 0.45 0.08747412 0.009375 0.01759834
0 0.64023437 0.08333333 0.01796875 0.02587991
0 0.35742187 0.04451345 0.01328125 0.02070393
0 0.421875 0.03674948 0.0171875 0.02380952
0 0.38867187 0.01035196 0.01328125 0.02070393