0 0.2921875 0.95755693 0.00625 0.00828157
0 0.44726562 0.87474120 0.01328125 0.02898550
0 0.58085937 0.82194616 0.02265625 0.02691511
0 0.41054687 0.81728778 0.01328125 0.02380952
0 0.49179687 0.79503105 0.01484375 0.02898550
0 0.37890625 0.77484472 0.01875 0.03209109
0 0.40703125 0.76138716 0.015625 0.01966873
0 0.684375 0.75207039 0.0078125 0.02587991
0 0.60390625 0.71687370 0.0171875 0.02587991
0 0.37421875 0.71325051 0.0171875 0.02691511
0 0.30507812 0.60300207 0.01640625 0.02587991
0 0.66210937 0.59886128 0.01328125 0.01966873
0 0.575 0.47515527 0.0140625 0.01863354
0 0.50742187 0.42650103 0.01328125 0.01242236
0 0.38125 0.43322981 0.01875 0.02587991
0 0.35234375 0.33902691 0.0140625 0.01966873
0 0.64179687 0.33281573 0.00703125 0.01345755
0 0.62578125 0.30641821 0.015625 0.01449275
0 0.60117187 0.29917184 0.01484375 0.02691511
0 0.6203125 0.28002070 0.0203125 0.01966873
0 0.4078125 0.26242236 0.0140625 0.02173913
0 0.57421875 0.16718426 0.01875 0.02795031