0 0.44921875 0.92908902 0.0171875 0.02380952
0 0.30625 0.92184265 0.0171875 0.02380952
0 0.53125 0.91200828 0.0109375 0.01656314
0 0.47578125 0.89233954 0.0203125 0.01449275
0 0.40898437 0.88612836 0.01015625 0.01035196
0 0.35273437 0.88302277 0.01328125 0.01863354
0 0.58007812 0.87111801 0.01171875 0.01345755
0 0.6671875 0.86801242 0.009375 0.01345755
0 0.61132812 0.84472049 0.01015625 0.01449275
0 0.58242187 0.84006211 0.01015625 0.01552795
0 0.534375 0.84316770 0.0140625 0.02173913
0 0.44921875 0.79503105 0.0140625 0.01449275
0 0.5921875 0.78623188 0.0078125 0.01552795
0 0.5734375 0.78623188 0.0171875 0.02380952
0 0.384375 0.76915113 0.0109375 0.01656314
0 0.4671875 0.76759834 0.0140625 0.01966873
0 0.52773437 0.75569358 0.01328125 0.01242236
0 0.41289062 0.74792960 0.01171875 0.01552795
0 0.37109375 0.72308488 0.0171875 0.02380952
0 0.29414062 0.72049689 0.01171875 0.02484472
0 0.59648437 0.69151138 0.01484375 0.01035196
0 0.56289062 0.68426501 0.01328125 0.01449275
0 0.33789062 0.68426501 0.01640625 0.01863354
0 0.490625 0.68530020 0.0125 0.02277432
0 0.59453125 0.66304347 0.0078125 0.01345755
0 0.421875 0.66045548 0.0109375 0.01449275
0 0.4609375 0.64130434 0.0109375 0.01345755
0 0.65898437 0.63405797 0.01796875 0.02173913
0 0.35234375 0.62060041 0.0171875 0.02380952
0 0.3796875 0.61594202 0.015625 0.01863354
0 0.55390625 0.61076604 0.0109375 0.01449275
0 0.45546875 0.60351966 0.009375 0.01656314
0 0.3046875 0.60403726 0.01875 0.02380952
0 0.64257812 0.60248447 0.01640625 0.03105590
0 0.4015625 0.59109730 0.0125 0.01449275
0 0.68125 0.58281573 0.0140625 0.01863354
0 0.60546875 0.57815734 0.01875 0.01345755
0 0.4671875 0.57763975 0.0078125 0.01656314
0 0.4703125 0.54917184 0.0140625 0.01552795
0 0.6296875 0.54710144 0.0125 0.01759834
0 0.6078125 0.54813664 0.0140625 0.02380952
0 0.55703125 0.53623188 0.0109375 0.01035196
0 0.53398437 0.54089026 0.01796875 0.02795031
0 0.646875 0.53209109 0.0234375 0.01449275
0 0.32929687 0.51035196 0.01015625 0.01242236
0 0.40976562 0.49068322 0.00859375 0.01242236
0 0.52578125 0.48913043 0.0171875 0.02380952
0 0.31523437 0.47256728 0.01328125 0.02173913
0 0.39453125 0.46273291 0.0125 0.01656314
0 0.6703125 0.45289855 0.0078125 0.01345755
0 0.59179687 0.45289855 0.01640625 0.01345755
0 0.36875 0.44565217 0.0171875 0.00931677
0 0.59921875 0.42805383 0.0078125 0.01759834
0 0.659375 0.41614906 0.0125 0.01449275
0 0.36835937 0.40942028 0.01640625 0.02173913
0 0.37773437 0.39803312 0.00859375 0.01552795
0 0.30234375 0.39906832 0.0125 0.01759834
0 0.46953125 0.38509316 0.0125 0.01656314
0 0.6265625 0.37939958 0.0125 0.01138716
0 0.5921875 0.37370600 0.0109375 0.01035196
0 0.45742187 0.37111801 0.01015625 0.01138716
0 0.39804687 0.35817805 0.01015625 0.01656314
0 0.32460937 0.36128364 0.01640625 0.02277432
0 0.41289062 0.34213250 0.00859375 0.01552795
0 0.49492187 0.33747412 0.01328125 0.01242236
0 0.58320312 0.31884057 0.01015625 0.01242236
0 0.48945312 0.31625258 0.01171875 0.01345755
0 0.63164062 0.31004140 0.01640625 0.01138716
0 0.3296875 0.30797101 0.0078125 0.01345755
0 0.43398437 0.30383022 0.00859375 0.02587991
0 0.37148437 0.29865424 0.01328125 0.02173913
0 0.53203125 0.28881987 0.009375 0.01242236
0 0.59726562 0.29192546 0.01796875 0.02898550
0 0.34726562 0.27743271 0.02109375 0.02070393
0 0.5078125 0.25776397 0.0125 0.01449275
0 0.33945312 0.25310559 0.01015625 0.01138716
0 0.3375 0.23291925 0.0140625 0.02277432
0 0.6109375 0.23240165 0.0171875 0.02380952
0 0.6203125 0.20962732 0.0140625 0.01759834
0 0.5890625 0.19513457 0.009375 0.02795031
0 0.39921875 0.19151138 0.009375 0.02070393
0 0.34023437 0.17391304 0.00859375 0.02070393
0 0.64257812 0.15217391 0.01328125 0.01863354
0 0.4984375 0.14855072 0.0171875 0.02587991
0 0.52773437 0.12888198 0.02109375 0.02380952
0 0.43671875 0.11438923 0.0171875 0.02380952
0 0.42773437 0.08747412 0.01015625 0.01759834
0 0.34492187 0.08488612 0.01328125 0.01656314
0 0.60625 0.07867494 0.0109375 0.02277432
0 0.3734375 0.07660455 0.009375 0.02070393
0 0.40234375 0.07091097 0.009375 0.02173913
0 0.58125 0.05641821 0.015625 0.00931677
0 0.46914062 0.03830227 0.00703125 0.02277432
0 0.665625 0.03053830 0.0171875 0.02380952