0 0.4515625 0.98136645 0.0078125 0.01449275
0 0.65195312 0.96532091 0.01640625 0.02173913
0 0.315625 0.96325051 0.0125 0.01966873
0 0.3859375 0.95807453 0.0171875 0.02380952
0 0.61367187 0.93788819 0.01328125 0.01449275
0 0.52421875 0.88923395 0.0109375 0.01656314
0 0.36640625 0.89026915 0.0171875 0.02277432
0 0.33710937 0.88095238 0.01015625 0.02484472
0 0.4953125 0.87888198 0.0125 0.04140786
0 0.66523437 0.86697722 0.01484375 0.02173913
0 0.38320312 0.85869565 0.01171875 0.01345755
0 0.56484375 0.85817805 0.0171875 0.02277432
0 0.63398437 0.84057971 0.01015625 0.01242236
0 0.48359375 0.83850931 0.0171875 0.02070393
0 0.44570312 0.82971014 0.01015625 0.01345755
0 0.49296875 0.81677018 0.0125 0.01656314
0 0.47421875 0.78830227 0.0109375 0.01138716
0 0.39570312 0.78157349 0.01171875 0.01656314
0 0.4265625 0.77898550 0.0171875 0.02380952
0 0.61484375 0.77277432 0.009375 0.01966873
0 0.41054687 0.75828157 0.00859375 0.01345755
0 0.32773437 0.76190476 0.01015625 0.02484472
0 0.56367187 0.75621118 0.01015625 0.01552795
0 0.64570312 0.74792960 0.01484375 0.02587991
0 0.40390625 0.73809523 0.0078125 0.01242236
0 0.31484375 0.73861283 0.009375 0.01345755
0 0.67539062 0.73498964 0.01171875 0.01863354
0 0.34765625 0.73550724 0.0140625 0.01966873
0 0.64765625 0.72204968 0.0125 0.01759834
0 0.6234375 0.72670807 0.0140625 0.02898550
0 0.37734375 0.70031055 0.0125 0.01552795
0 0.65 0.69151138 0.0140625 0.01035196
0 0.61367187 0.68788819 0.00859375 0.01345755
0 0.32773437 0.67805383 0.01484375 0.01656314
0 0.56640625 0.67494824 0.0109375 0.01449275
0 0.54882812 0.67494824 0.01171875 0.01449275
0 0.43359375 0.67546583 0.0171875 0.02380952
0 0.41132812 0.66511387 0.00703125 0.01552795
0 0.49296875 0.65320910 0.0125 0.01449275
0 0.59296875 0.64699792 0.0125 0.01035196
0 0.38359375 0.64440993 0.0171875 0.02380952
0 0.33242187 0.60766045 0.01484375 0.02070393
0 0.39765625 0.59523809 0.0125 0.02277432
0 0.52734375 0.58385093 0.0125 0.01656314
0 0.34023437 0.57608695 0.01328125 0.01552795
0 0.67851562 0.54554865 0.01796875 0.02070393
0 0.35039062 0.51397515 0.01328125 0.01759834
0 0.30859375 0.50672877 0.0171875 0.02380952
0 0.66992187 0.48602484 0.01171875 0.01345755
0 0.3515625 0.47567287 0.0125 0.03002070
0 0.33828125 0.46376811 0.0140625 0.01656314
0 0.36679687 0.46376811 0.01328125 0.02691511
0 0.52460937 0.44616977 0.01171875 0.01656314
0 0.31171875 0.45134575 0.0234375 0.02691511
0 0.4765625 0.43426501 0.0171875 0.02380952
0 0.67929687 0.42598343 0.01796875 0.01138716
0 0.60703125 0.42701863 0.0171875 0.02380952
0 0.45039062 0.41200828 0.01171875 0.01035196
0 0.37460937 0.41666666 0.01640625 0.02587991
0 0.62304687 0.40579710 0.01015625 0.01449275
0 0.53554687 0.39078674 0.00859375 0.01345755
0 0.38671875 0.37629399 0.0171875 0.01966873
0 0.61796875 0.35662525 0.009375 0.01138716
0 0.3390625 0.35144927 0.0125 0.01552795
0 0.41757812 0.32453416 0.01640625 0.01759834
0 0.58476562 0.31055900 0.01015625 0.01449275
0 0.51679687 0.30900621 0.00859375 0.01759834
0 0.55390625 0.30590062 0.0078125 0.01552795
0 0.51367187 0.28260869 0.01328125 0.01863354
0 0.55117187 0.27950310 0.01171875 0.01656314
0 0.4640625 0.28053830 0.0125 0.01863354
0 0.56367187 0.27018633 0.01171875 0.01656314
0 0.33320312 0.26708074 0.01328125 0.01449275
0 0.5109375 0.24689440 0.0171875 0.02380952
0 0.41015625 0.23395445 0.0109375 0.01449275
0 0.54648437 0.23757763 0.01171875 0.02380952
0 0.48007812 0.21169772 0.00703125 0.01345755
0 0.33125 0.20031055 0.009375 0.01345755
0 0.50898437 0.18685300 0.01484375 0.01552795
0 0.565625 0.18374741 0.009375 0.01345755
0 0.39765625 0.15890269 0.0171875 0.02380952
0 0.37695312 0.14958592 0.01328125 0.01759834
0 0.42773437 0.14544513 0.01171875 0.01759834
0 0.45195312 0.13716356 0.01640625 0.01966873
0 0.35585937 0.11904761 0.01171875 0.01449275
0 0.42851562 0.09989648 0.01015625 0.01138716
0 0.61796875 0.09679089 0.0125 0.01966873
0 0.44765625 0.06573498 0.0171875 0.02380952
0 0.46601562 0.05952380 0.01796875 0.01552795