0 0.40742187 0.87370600 0.02265625 0.01449275
0 0.31953125 0.85144927 0.01875 0.02173913
0 0.35546875 0.85144927 0.046875 0.06314699
0 0.58515625 0.81935817 0.015625 0.02380952
0 0.65820312 0.76811594 0.01640625 0.02070393
0 0.42617187 0.74223602 0.01640625 0.03933747
0 0.55351562 0.74171842 0.01796875 0.05072463
0 0.5609375 0.53674948 0.021875 0.03830227
0 0.56914062 0.46997929 0.02890625 0.02898550
0 0.3078125 0.47360248 0.01875 0.04451345
0 0.415625 0.45755693 0.015625 0.02484472
0 0.58164062 0.43478260 0.02578125 0.01863354
0 0.45703125 0.42701863 0.015625 0.02587991
0 0.328125 0.38664596 0.0140625 0.02380952
0 0.51796875 0.29865424 0.0359375 0.03002070
0 0.3953125 0.29037267 0.015625 0.02380952
0 0.37617187 0.28623188 0.01640625 0.01759834
0 0.60507812 0.23188405 0.01640625 0.02484472
0 0.4390625 0.22360248 0.028125 0.02691511
0 0.58164062 0.12370600 0.02890625 0.04037267
0 0.37148437 0.09420289 0.01328125 0.02070393
0 0.61015625 0.07971014 0.0140625 0.05175983