0 0.35351562 0.93167701 0.01484375 0.01863354
0 0.68398437 0.91770186 0.01484375 0.03002070
0 0.36132812 0.82505175 0.00859375 0.01863354
0 0.54765625 0.66977225 0.0125 0.02070393
0 0.29375 0.65993788 0.009375 0.01345755
0 0.46484375 0.49430641 0.0171875 0.02173913
0 0.48710937 0.47412008 0.01171875 0.01863354
0 0.43242187 0.46169772 0.01328125 0.01242236
0 0.47226562 0.44668737 0.01015625 0.01345755
0 0.45273437 0.43737060 0.02109375 0.01345755
0 0.39101562 0.40010351 0.02265625 0.03002070
0 0.4296875 0.39182194 0.0140625 0.03002070
0 0.37460937 0.32919254 0.01484375 0.02070393
0 0.4796875 0.32194616 0.01875 0.02484472
0 0.52851562 0.30383022 0.01796875 0.02173913
0 0.3625 0.18271221 0.0171875 0.00724637
0 0.56054687 0.08385093 0.01171875 0.01242236