0 0.30585937 0.93788819 0.01484375 0.01863354
0 0.51289062 0.84472049 0.01953125 0.03519668
0 0.6625 0.83540372 0.0234375 0.03312629
0 0.29453125 0.82556935 0.0109375 0.02380952
0 0.6421875 0.78623188 0.015625 0.01345755
0 0.65664062 0.73706004 0.02109375 0.04140786
0 0.68203125 0.67908902 0.01875 0.03105590
0 0.57460937 0.57971014 0.01640625 0.01656314
0 0.34179687 0.55020703 0.01484375 0.02173913
0 0.49375 0.54554865 0.0140625 0.01656314
0 0.58867187 0.49378881 0.00859375 0.01449275
0 0.65039062 0.48809523 0.02421875 0.01966873
0 0.41914062 0.44616977 0.01484375 0.01863354
0 0.54414062 0.42236024 0.02265625 0.02070393
0 0.43046875 0.40993788 0.0109375 0.01863354
0 0.5875 0.24223602 0.015625 0.01863354
0 0.5125 0.23084886 0.0171875 0.01863354
0 0.39804687 0.22463768 0.01796875 0.02277432
0 0.55117187 0.12111801 0.01171875 0.01449275
0 0.3921875 0.09523809 0.01875 0.01863354
0 0.58984375 0.00931677 0.015625 0.01863354
0 0.54140625 0.01086956 0.0140625 0.02173913
0 0.34726562 0.00983436 0.02265625 0.01966873