0 0.38945312 0.98757763 0.01328125 0.01035196
0 0.45078125 0.92391304 0.0171875 0.02380952
0 0.30351562 0.91407867 0.01328125 0.01863354
0 0.37382812 0.90320910 0.01328125 0.01759834
0 0.67148437 0.89544513 0.01015625 0.01242236
0 0.559375 0.89389233 0.0140625 0.01966873
0 0.46367187 0.88819875 0.01796875 0.02484472
0 0.67070312 0.87060041 0.01171875 0.01449275
0 0.68320312 0.87163561 0.01171875 0.01863354
0 0.3609375 0.86853002 0.0171875 0.02277432
0 0.53203125 0.85093167 0.0109375 0.01449275
0 0.42226562 0.84782608 0.02109375 0.01035196
0 0.30585937 0.84989648 0.01484375 0.01449275
0 0.29375 0.83954451 0.0109375 0.01449275
0 0.5140625 0.83747412 0.009375 0.01242236
0 0.36523437 0.82039337 0.01015625 0.01345755
0 0.378125 0.79813664 0.0125 0.01449275
0 0.35507812 0.79658385 0.01328125 0.01138716
0 0.50664062 0.77225672 0.01015625 0.01035196
0 0.584375 0.77173913 0.0171875 0.02173913
0 0.65820312 0.76293995 0.00703125 0.01035196
0 0.35546875 0.76449275 0.0171875 0.02380952
0 0.31992187 0.75258799 0.00859375 0.01242236
0 0.49960937 0.72877846 0.01171875 0.01449275
0 0.54726562 0.72981366 0.01171875 0.02277432
0 0.3484375 0.71894409 0.0140625 0.01966873
0 0.63085937 0.64803312 0.01328125 0.01242236
0 0.59726562 0.62318840 0.00859375 0.02277432
0 0.63554687 0.57194616 0.01171875 0.01345755
0 0.60585937 0.55486542 0.01015625 0.01242236
0 0.4625 0.55124223 0.0171875 0.02380952
0 0.41601562 0.54399585 0.01171875 0.01138716
0 0.43710937 0.52329192 0.01171875 0.01966873
0 0.34609375 0.51449275 0.01875 0.02691511
0 0.59921875 0.50621118 0.0140625 0.02484472
0 0.52265625 0.49482401 0.009375 0.01242236
0 0.38398437 0.49016563 0.01171875 0.01345755
0 0.68632812 0.47774327 0.01171875 0.01345755
0 0.59375 0.48084886 0.01875 0.01966873
0 0.5265625 0.47567287 0.0109375 0.01759834
0 0.63046875 0.45289855 0.0125 0.01552795
0 0.39921875 0.44927536 0.0125 0.01449275
0 0.31328125 0.44720496 0.009375 0.01242236
0 0.478125 0.44616977 0.0140625 0.01449275
0 0.39101562 0.43581780 0.01796875 0.01242236
0 0.65234375 0.43685300 0.0140625 0.01863354
0 0.5734375 0.42546583 0.0109375 0.01242236
0 0.52109375 0.40786749 0.0125 0.01035196
0 0.5546875 0.41304347 0.025 0.02277432
0 0.30703125 0.38095238 0.0171875 0.02277432
0 0.43515625 0.38095238 0.0171875 0.02691511
0 0.403125 0.37732919 0.0171875 0.02380952
0 0.48671875 0.37163561 0.021875 0.01449275
0 0.55742187 0.37008281 0.01171875 0.01552795
0 0.53203125 0.36490683 0.0125 0.01552795
0 0.36210937 0.36024844 0.01328125 0.01656314
0 0.33007812 0.35766045 0.01484375 0.01138716
0 0.49375 0.33695652 0.0109375 0.02587991
0 0.41132812 0.33333333 0.02421875 0.03105590
0 0.50976562 0.30331262 0.01328125 0.02070393
0 0.46523437 0.29710144 0.01015625 0.01242236
0 0.6265625 0.28209109 0.0171875 0.02380952
0 0.37265625 0.27173913 0.0140625 0.01759834
0 0.56210937 0.25414078 0.01171875 0.01345755
0 0.4890625 0.25051759 0.0125 0.01449275
0 0.39023437 0.24585921 0.01328125 0.01552795
0 0.52773437 0.23861283 0.01328125 0.01345755
0 0.56015625 0.22670807 0.0109375 0.01242236
0 0.5984375 0.23913043 0.01875 0.04140786
0 0.46679687 0.19565217 0.01171875 0.01863354
0 0.39804687 0.20600414 0.03046875 0.04347826
0 0.51210937 0.19047619 0.01171875 0.01863354
0 0.4265625 0.18478260 0.0171875 0.02380952
0 0.46835937 0.17598343 0.01171875 0.01035196
0 0.38164062 0.17339544 0.02109375 0.01759834
0 0.61015625 0.17494824 0.01875 0.02484472
0 0.5484375 0.15993788 0.0171875 0.02380952
0 0.38398437 0.14182194 0.01171875 0.02277432
0 0.45546875 0.13354037 0.01875 0.01242236
0 0.36953125 0.12267080 0.0140625 0.01759834
0 0.428125 0.10869565 0.0109375 0.01656314
0 0.59257812 0.08436853 0.01328125 0.02380952
0 0.4765625 0.08850931 0.0171875 0.03416149
0 0.35078125 0.05952380 0.0171875 0.02380952
0 0.6390625 0.05020703 0.0078125 0.00931677
0 0.31328125 0.02898550 0.01875 0.01656314
0 0.68007812 0.02484472 0.01015625 0.01242236