0 0.51054687 0.99223602 0.01328125 0.01552795
0 0.39179687 0.96997929 0.00703125 0.01863354
0 0.365625 0.96066252 0.0171875 0.02070393
0 0.4171875 0.91097308 0.021875 0.02070393
0 0.3171875 0.89440993 0.025 0.03726708
0 0.49296875 0.88354037 0.0171875 0.02380952
0 0.34570312 0.87163561 0.01015625 0.01242236
0 0.55703125 0.85662525 0.0171875 0.02380952
0 0.63320312 0.85817805 0.03671875 0.04140786
0 0.5171875 0.83902691 0.0171875 0.02380952
0 0.29726562 0.83488612 0.01328125 0.01966873
0 0.47070312 0.83385093 0.00859375 0.02173913
0 0.6609375 0.81469979 0.009375 0.03105590
0 0.53515625 0.78985507 0.009375 0.01242236
0 0.59453125 0.78623188 0.0171875 0.02380952
0 0.32890625 0.76035196 0.009375 0.01138716
0 0.36914062 0.75258799 0.01171875 0.01656314
0 0.459375 0.75 0.0171875 0.02380952
0 0.43164062 0.73913043 0.01171875 0.01242236
0 0.3875 0.73913043 0.0109375 0.01242236
0 0.34804687 0.74327122 0.01015625 0.02484472
0 0.32617187 0.73654244 0.01484375 0.01552795
0 0.59648437 0.72877846 0.01015625 0.01656314
0 0.63515625 0.72153209 0.0125 0.01449275
0 0.56914062 0.72101449 0.01171875 0.01966873
0 0.34414062 0.71583850 0.01015625 0.01552795
0 0.4828125 0.70548654 0.015625 0.01552795
0 0.3390625 0.68322981 0.0140625 0.01656314
0 0.39296875 0.66407867 0.0140625 0.01552795
0 0.52773437 0.63612836 0.01015625 0.01759834
0 0.33476562 0.63819875 0.01796875 0.03002070
0 0.415625 0.62060041 0.0125 0.01552795
0 0.60351562 0.61749482 0.02421875 0.01552795
0 0.50703125 0.60041407 0.015625 0.02484472
0 0.67851562 0.59472049 0.02734375 0.01966873
0 0.48203125 0.58902691 0.0203125 0.01449275
0 0.36171875 0.58747412 0.0109375 0.01759834
0 0.578125 0.57660455 0.009375 0.01035196
0 0.34335937 0.55279503 0.01953125 0.01656314
0 0.50585937 0.54606625 0.00859375 0.01138716
0 0.55898437 0.54503105 0.01171875 0.01552795
0 0.65625 0.53519668 0.0140625 0.01242236
0 0.36289062 0.52898550 0.01015625 0.01242236
0 0.34921875 0.51501035 0.0109375 0.01345755
0 0.359375 0.48654244 0.0234375 0.01656314
0 0.36328125 0.47360248 0.0109375 0.01345755
0 0.43867187 0.47308488 0.01484375 0.01656314
0 0.559375 0.45755693 0.0109375 0.01035196
0 0.32851562 0.44358178 0.01015625 0.01345755
0 0.43125 0.44358178 0.0171875 0.02380952
0 0.40742187 0.44306418 0.01171875 0.03933747
0 0.64609375 0.43426501 0.0171875 0.02380952
0 0.68515625 0.42598343 0.0140625 0.01759834
0 0.6140625 0.42908902 0.0171875 0.02380952
0 0.37773437 0.42391304 0.01171875 0.01345755
0 0.50585937 0.42028985 0.01640625 0.02691511
0 0.29921875 0.40269151 0.0140625 0.01863354
0 0.56289062 0.39078674 0.01328125 0.03209109
0 0.58984375 0.37784679 0.009375 0.01035196
0 0.64140625 0.37629399 0.015625 0.01138716
0 0.42460937 0.36749482 0.01015625 0.01863354
0 0.57578125 0.30848861 0.0140625 0.01656314
0 0.35039062 0.29658385 0.01171875 0.01552795
0 0.5296875 0.29451345 0.0171875 0.02380952
0 0.47851562 0.28519668 0.01484375 0.01552795
0 0.57929687 0.26190476 0.01171875 0.01449275
0 0.48984375 0.25258799 0.0109375 0.01449275
0 0.41523437 0.25 0.01015625 0.01759834
0 0.48398437 0.22877846 0.01328125 0.02070393
0 0.63125 0.21428571 0.0140625 0.02070393
0 0.5203125 0.21118012 0.0234375 0.03519668
0 0.54765625 0.19720496 0.0109375 0.01345755
0 0.38007812 0.19358178 0.00859375 0.03519668
0 0.5546875 0.17650103 0.009375 0.01759834
0 0.64804687 0.18271221 0.01015625 0.03830227
0 0.41523437 0.14492753 0.01171875 0.01656314
0 0.56992187 0.13923395 0.01640625 0.01966873
0 0.59492187 0.13509316 0.01171875 0.01552795
0 0.37578125 0.12163561 0.0171875 0.02380952
0 0.55664062 0.06366459 0.01328125 0.01345755
0 0.59570312 0.05745341 0.00859375 0.01345755
0 0.4765625 0.05175983 0.0125 0.01863354
0 0.53789062 0.04658385 0.01640625 0.02277432
0 0.51914062 0.02018633 0.01328125 0.01138716
0 0.44882812 0.02329192 0.01171875 0.03623188
0 0.38203125 0.01190476 0.0171875 0.02380952