0 0.35820312 0.76397515 0.01796875 0.02070393
0 0.37929687 0.74275362 0.01796875 0.01552795
0 0.58789062 0.68012422 0.01171875 0.02070393
0 0.51132812 0.57763975 0.02265625 0.05175983
0 0.59453125 0.53674948 0.021875 0.03830227
0 0.5109375 0.50672877 0.0140625 0.01966873
0 0.4953125 0.50672877 0.0140625 0.02173913
0 0.34492187 0.47463768 0.01640625 0.03002070
0 0.5921875 0.46532091 0.021875 0.04244306
0 0.4578125 0.42960662 0.0171875 0.03105590
0 0.43164062 0.42339544 0.01640625 0.03105590
0 0.328125 0.38664596 0.0140625 0.02380952
0 0.38046875 0.38095238 0.0171875 0.02070393
0 0.39101562 0.35973084 0.02265625 0.01552795
0 0.37617187 0.28985507 0.01640625 0.02484472
0 0.60507812 0.23188405 0.01640625 0.02484472
0 0.43554687 0.15890269 0.02109375 0.02173913