0 0.31171875 0.96635610 0.0171875 0.01966873
0 0.38398437 0.95703933 0.01484375 0.01759834
0 0.33945312 0.95910973 0.00859375 0.03623188
0 0.63515625 0.92598343 0.0171875 0.02380952
0 0.58554687 0.91821946 0.01171875 0.01242236
0 0.55898437 0.91459627 0.01484375 0.01345755
0 0.34296875 0.90527950 0.0171875 0.02380952
0 0.43984375 0.88250517 0.009375 0.01138716
0 0.38828125 0.87836438 0.0234375 0.02173913
0 0.3296875 0.86594202 0.0125 0.01759834
0 0.66601562 0.84937888 0.01171875 0.01345755
0 0.36171875 0.84006211 0.009375 0.01138716
0 0.55429687 0.84420289 0.01796875 0.02173913
0 0.68203125 0.83592132 0.01875 0.01345755
0 0.58242187 0.83488612 0.01015625 0.01345755
0 0.31132812 0.83126293 0.00859375 0.01656314
0 0.42539062 0.82867494 0.00859375 0.01345755
0 0.34375 0.82142857 0.0171875 0.02380952
0 0.32539062 0.80641821 0.00859375 0.01449275
0 0.64414062 0.80279503 0.00859375 0.01138716
0 0.53125 0.79347826 0.0171875 0.02380952
0 0.35273437 0.78053830 0.01171875 0.01449275
0 0.47695312 0.77743271 0.01328125 0.01863354
0 0.42148437 0.77277432 0.01171875 0.01552795
0 0.57539062 0.76345755 0.01015625 0.01345755
0 0.32773437 0.75569358 0.00703125 0.01035196
0 0.48398437 0.74689440 0.01328125 0.01345755
0 0.67851562 0.73498964 0.01171875 0.01449275
0 0.3484375 0.73188405 0.015625 0.01449275
0 0.45429687 0.72515527 0.01484375 0.01138716
0 0.403125 0.70238095 0.0171875 0.02380952
0 0.65039062 0.70238095 0.02421875 0.02587991
0 0.52929687 0.69358178 0.01015625 0.01656314
0 0.4859375 0.69875776 0.01875 0.03519668
0 0.35664062 0.67908902 0.01328125 0.01242236
0 0.67070312 0.68944099 0.01640625 0.03519668
0 0.59257812 0.64285714 0.01484375 0.01656314
0 0.56875 0.64182194 0.015625 0.01863354
0 0.67382812 0.63819875 0.01328125 0.01759834
0 0.62734375 0.63405797 0.0171875 0.01552795
0 0.51875 0.62525879 0.015625 0.01863354
0 0.49179687 0.62111801 0.01015625 0.01242236
0 0.35351562 0.59679089 0.01015625 0.01138716
0 0.4328125 0.59265010 0.0171875 0.02380952
0 0.45351562 0.57815734 0.01171875 0.01552795
0 0.521875 0.56677018 0.0171875 0.02380952
0 0.3265625 0.55434782 0.0125 0.01345755
0 0.38242187 0.54606625 0.01640625 0.02587991
0 0.490625 0.52380952 0.009375 0.02277432
0 0.36835937 0.51138716 0.01171875 0.01656314
0 0.4203125 0.51293995 0.009375 0.02380952
0 0.3078125 0.50879917 0.021875 0.01552795
0 0.68828125 0.49844720 0.0078125 0.01552795
0 0.63164062 0.49171842 0.01171875 0.01656314
0 0.37070312 0.47877846 0.00859375 0.01138716
0 0.41367187 0.45289855 0.02421875 0.01138716
0 0.53554687 0.45134575 0.01484375 0.01035196
0 0.384375 0.44875776 0.0109375 0.01345755
0 0.53984375 0.42650103 0.0125 0.01656314
0 0.64726562 0.40476190 0.01015625 0.01449275
0 0.52539062 0.40320910 0.01171875 0.02173913
0 0.671875 0.39596273 0.015625 0.02173913
0 0.31992187 0.39285714 0.01484375 0.01552795
0 0.35351562 0.38509316 0.01015625 0.01242236
0 0.60546875 0.38457556 0.0109375 0.01345755
0 0.40429687 0.37784679 0.01171875 0.01449275
0 0.36484375 0.37629399 0.0109375 0.01552795
0 0.37304687 0.35507246 0.03359375 0.01656314
0 0.48515625 0.34575569 0.0109375 0.01449275
0 0.54453125 0.34627329 0.0125 0.01759834
0 0.61679687 0.33229813 0.01171875 0.01449275
0 0.375 0.31780538 0.0109375 0.01242236
0 0.55117187 0.30072463 0.01484375 0.01759834
0 0.37851562 0.29658385 0.01953125 0.01966873
0 0.64570312 0.28830227 0.01015625 0.01345755
0 0.4453125 0.29140786 0.0171875 0.02380952
0 0.38164062 0.27484472 0.01328125 0.01345755
0 0.52539062 0.27536231 0.01171875 0.01656314
0 0.56757812 0.26656314 0.01328125 0.01759834
0 0.44804687 0.24378881 0.01484375 0.01345755
0 0.41992187 0.24275362 0.01015625 0.01345755
0 0.54257812 0.19824016 0.01328125 0.01552795
0 0.49804687 0.17805383 0.01171875 0.01656314
0 0.6375 0.16718426 0.01875 0.01966873
0 0.3890625 0.16200828 0.009375 0.01552795
0 0.34453125 0.14440993 0.0125 0.01759834
0 0.58046875 0.14182194 0.0140625 0.01863354
0 0.42109375 0.13146997 0.009375 0.01035196
0 0.45429687 0.13354037 0.01171875 0.01656314
0 0.53710937 0.09627329 0.01171875 0.01449275
0 0.48398437 0.09109730 0.01640625 0.01656314
0 0.54453125 0.05745341 0.009375 0.01345755
0 0.62695312 0.05072463 0.01640625 0.01035196
0 0.3359375 0.02122153 0.0171875 0.02380952
0 0.40234375 0.00724637 0.0109375 0.01449275