0 0.471875 0.98240165 0.00625 0.01242236
0 0.58632812 0.97619047 0.01953125 0.00828157
0 0.56445312 0.90579710 0.01640625 0.01656314
0 0.49335937 0.88043478 0.00859375 0.02380952
0 0.58242187 0.83385093 0.00546875 0.01552795
0 0.50390625 0.83126293 0.015625 0.02070393
0 0.42851562 0.81004140 0.01015625 0.01138716
0 0.54570312 0.79710144 0.01484375 0.01863354
0 0.63320312 0.78623188 0.01640625 0.01138716
0 0.64960937 0.78623188 0.01171875 0.01552795
0 0.47539062 0.74741200 0.01484375 0.01449275
0 0.31953125 0.61594202 0.0125 0.01863354
0 0.42734375 0.51242236 0.00625 0.00828157
0 0.41757812 0.49068322 0.01640625 0.02691511
0 0.5078125 0.47463768 0.021875 0.03830227
0 0.43789062 0.40838509 0.01796875 0.01966873
0 0.59023437 0.36801242 0.02109375 0.02173913
0 0.48164062 0.35300207 0.02265625 0.03519668
0 0.509375 0.31314699 0.0078125 0.01552795
0 0.45585937 0.24016563 0.01796875 0.02277432
0 0.521875 0.22826086 0.0171875 0.00931677
0 0.42304687 0.02484472 0.01796875 0.02691511