0 0.28476562 0.94358178 0.01171875 0.00931677
0 0.65820312 0.94824016 0.01796875 0.02484472
0 0.68867187 0.92184265 0.01640625 0.01759834
0 0.34882812 0.78519668 0.01171875 0.01759834
0 0.66054687 0.75931677 0.00859375 0.01552795
0 0.378125 0.75569358 0.01875 0.02898550
0 0.58828125 0.75155279 0.028125 0.03105590
0 0.64765625 0.70238095 0.0140625 0.02173913
0 0.334375 0.63354037 0.0109375 0.01449275
0 0.54921875 0.61387163 0.0140625 0.02070393
0 0.49335937 0.54606625 0.01640625 0.02587991
0 0.48398437 0.52587991 0.01328125 0.02277432
0 0.37890625 0.49068322 0.015625 0.01449275
0 0.52578125 0.49275362 0.01875 0.02484472
0 0.55585937 0.48550724 0.01953125 0.02691511
0 0.59765625 0.43271221 0.00625 0.02691511
0 0.56171875 0.27536231 0.0109375 0.03105590
0 0.5875 0.22204968 0.0140625 0.02173913
0 0.43359375 0.13457556 0.0109375 0.01035196
0 0.5515625 0.13405797 0.0203125 0.03002070
0 0.60898437 0.12370600 0.01484375 0.02587991
0 0.5203125 0.07919254 0.0125 0.01966873
0 0.42304687 0.00828157 0.01640625 0.01656314