0 0.57695312 0.98964803 0.00859375 0.01449275
0 0.3671875 0.94616977 0.0109375 0.02070393
0 0.48710937 0.90631469 0.01484375 0.01759834
0 0.52890625 0.90631469 0.015625 0.01966873
0 0.54179687 0.88871635 0.01328125 0.01759834
0 0.56171875 0.87370600 0.0109375 0.01449275
0 0.65585937 0.85093167 0.01171875 0.01242236
0 0.58476562 0.84886128 0.01640625 0.01449275
0 0.48476562 0.85351966 0.01953125 0.02587991
0 0.58320312 0.82401656 0.01015625 0.01449275
0 0.59960937 0.82091097 0.00859375 0.01242236
0 0.4109375 0.81987577 0.015625 0.01035196
0 0.484375 0.82091097 0.0140625 0.01656314
0 0.65742187 0.80952380 0.00859375 0.01242236
0 0.60351562 0.80434782 0.01484375 0.01863354
0 0.37929687 0.78985507 0.01015625 0.01656314
0 0.65078125 0.78364389 0.0171875 0.01863354
0 0.62617187 0.75776397 0.01015625 0.01449275
0 0.58320312 0.75724637 0.01484375 0.01759834
0 0.45273437 0.75414078 0.02109375 0.02795031
0 0.56835937 0.74430641 0.01015625 0.02070393
0 0.36054687 0.73498964 0.01328125 0.02277432
0 0.6375 0.73291925 0.0140625 0.02277432
0 0.50273437 0.71790890 0.01015625 0.01138716
0 0.440625 0.72308488 0.015625 0.02380952
0 0.55976562 0.71583850 0.01171875 0.01552795
0 0.42070312 0.68271221 0.01015625 0.01345755
0 0.390625 0.67443064 0.0140625 0.00931677
0 0.5984375 0.67494824 0.0078125 0.01656314
0 0.30742187 0.66149068 0.01953125 0.01449275
0 0.559375 0.65993788 0.0171875 0.02380952
0 0.43710937 0.64803312 0.00859375 0.02277432
0 0.60039062 0.64026915 0.02109375 0.01966873
0 0.6453125 0.63095238 0.0109375 0.01552795
0 0.365625 0.62991718 0.0171875 0.02380952
0 0.4203125 0.62784679 0.0171875 0.02380952
0 0.5796875 0.62163561 0.0171875 0.02380952
0 0.34453125 0.61387163 0.009375 0.01449275
0 0.65664062 0.59627329 0.01015625 0.01449275
0 0.63828125 0.59834368 0.0125 0.02277432
0 0.55898437 0.58747412 0.01171875 0.01345755
0 0.32578125 0.58850931 0.0171875 0.02380952
0 0.4578125 0.56573498 0.0078125 0.01966873
0 0.4734375 0.56159420 0.0171875 0.02380952
0 0.44414062 0.54761904 0.01015625 0.01242236
0 0.41289062 0.55227743 0.01640625 0.02173913
0 0.5421875 0.53364389 0.0140625 0.01759834
0 0.60664062 0.52070393 0.01640625 0.04140786
0 0.67773437 0.50569358 0.01328125 0.01966873
0 0.35117187 0.49482401 0.01171875 0.01035196
0 0.55429687 0.49534161 0.01171875 0.02173913
0 0.56171875 0.47722567 0.009375 0.01035196
0 0.58945312 0.47722567 0.01015625 0.01449275
0 0.45234375 0.48602484 0.0234375 0.03209109
0 0.57265625 0.47412008 0.0109375 0.02070393
0 0.321875 0.46687370 0.0109375 0.02070393
0 0.41679687 0.44461697 0.01015625 0.01138716
0 0.31445312 0.44099378 0.01015625 0.01656314
0 0.36914062 0.43581780 0.02265625 0.02484472
0 0.53046875 0.42805383 0.0125 0.01552795
0 0.49179687 0.42546583 0.01640625 0.01863354
0 0.64570312 0.41149068 0.01015625 0.01345755
0 0.4234375 0.40320910 0.009375 0.01345755
0 0.43476562 0.36749482 0.01015625 0.01035196
0 0.55546875 0.35973084 0.0140625 0.01759834
0 0.5734375 0.35144927 0.0109375 0.01345755
0 0.38398437 0.34989648 0.01171875 0.01656314
0 0.509375 0.34989648 0.015625 0.02070393
0 0.52578125 0.34161490 0.015625 0.01449275
0 0.42851562 0.28467908 0.01328125 0.01449275
0 0.603125 0.28312629 0.015625 0.02173913
0 0.5546875 0.28105590 0.0171875 0.02380952
0 0.59023437 0.26604554 0.01015625 0.01449275
0 0.56015625 0.25103519 0.0171875 0.02380952
0 0.4046875 0.21946169 0.021875 0.01242236
0 0.4515625 0.21739130 0.0109375 0.02277432
0 0.57851562 0.20600414 0.01171875 0.01449275
0 0.6390625 0.20962732 0.0171875 0.02380952
0 0.55078125 0.20186335 0.009375 0.01242236
0 0.34375 0.19099378 0.0109375 0.02173913
0 0.58203125 0.18685300 0.0140625 0.01759834
0 0.6484375 0.15476190 0.0125 0.02380952
0 0.33320312 0.15372670 0.01328125 0.02380952
0 0.60078125 0.13923395 0.015625 0.02795031
0 0.3375 0.08592132 0.0125 0.01449275
0 0.43671875 0.06262939 0.0171875 0.01966873
0 0.421875 0.05331262 0.0125 0.01345755
0 0.3484375 0.02484472 0.0078125 0.01656314
0 0.48945312 0.01759834 0.01328125 0.01863354
0 0.65820312 0.00828157 0.01484375 0.01656314