0 0.36640625 0.97670807 0.01875 0.01552795
0 0.54023437 0.97360248 0.01328125 0.02380952
0 0.325 0.96428571 0.0171875 0.02380952
0 0.55703125 0.95548654 0.0125 0.01035196
0 0.61601562 0.95393374 0.01484375 0.01966873
0 0.32070312 0.93788819 0.01328125 0.01863354
0 0.4015625 0.93633540 0.0171875 0.02173913
0 0.36523437 0.91977225 0.01484375 0.03416149
0 0.66171875 0.90579710 0.0140625 0.01656314
0 0.30351562 0.89544513 0.02421875 0.01449275
0 0.52890625 0.89699792 0.0140625 0.02173913
0 0.6015625 0.88923395 0.0171875 0.02277432
0 0.5109375 0.88768115 0.0171875 0.02380952
0 0.36953125 0.87991718 0.0265625 0.01035196
0 0.41914062 0.87888198 0.01015625 0.01242236
0 0.67460937 0.86542443 0.01015625 0.01449275
0 0.63125 0.85662525 0.0125 0.01966873
0 0.58945312 0.84161490 0.02265625 0.03105590
0 0.29765625 0.82298136 0.01875 0.02484472
0 0.5171875 0.81262939 0.0234375 0.01863354
0 0.32265625 0.79347826 0.0109375 0.01552795
0 0.5078125 0.77122153 0.0125 0.01035196
0 0.56445312 0.75207039 0.01484375 0.01552795
0 0.37851562 0.75 0.01328125 0.01966873
0 0.4015625 0.72929606 0.0109375 0.01552795
0 0.61523437 0.72412008 0.01015625 0.01345755
0 0.58164062 0.72256728 0.01484375 0.01656314
0 0.40703125 0.66614906 0.03125 0.02587991
0 0.66835937 0.65683229 0.01640625 0.01552795
0 0.55625 0.65579710 0.0140625 0.01966873
0 0.29648437 0.59886128 0.01640625 0.01966873
0 0.48359375 0.58850931 0.009375 0.01345755
0 0.515625 0.58850931 0.0140625 0.01759834
0 0.39882812 0.57194616 0.01171875 0.00931677
0 0.4390625 0.57815734 0.0140625 0.03623188
0 0.37617187 0.56262939 0.01171875 0.01966873
0 0.38125 0.53985507 0.015625 0.01552795
0 0.30976562 0.53674948 0.00703125 0.01759834
0 0.55429687 0.53209109 0.00859375 0.01449275
0 0.415625 0.53726708 0.0125 0.02691511
0 0.45742187 0.52380952 0.01171875 0.01449275
0 0.52382812 0.52018633 0.03046875 0.02380952
0 0.38398437 0.51449275 0.01171875 0.01449275
0 0.42304687 0.50879917 0.00703125 0.01552795
0 0.45585937 0.50155279 0.01640625 0.02173913
0 0.5734375 0.46325051 0.0140625 0.01345755
0 0.4296875 0.45652173 0.0125 0.01656314
0 0.35117187 0.44202898 0.01640625 0.02070393
0 0.31289062 0.43115942 0.01171875 0.01345755
0 0.43398437 0.40734989 0.02734375 0.01138716
0 0.52382812 0.40476190 0.02421875 0.03105590
0 0.5046875 0.38716356 0.0140625 0.01656314
0 0.3390625 0.38871635 0.0171875 0.02380952
0 0.48984375 0.37681159 0.009375 0.01242236
0 0.3671875 0.37008281 0.0078125 0.01966873
0 0.37617187 0.36180124 0.00859375 0.02380952
0 0.60039062 0.35403726 0.01171875 0.01449275
0 0.63398437 0.34886128 0.01171875 0.01656314
0 0.42265625 0.33540372 0.0109375 0.01449275
0 0.54882812 0.34213250 0.02109375 0.03830227
0 0.646875 0.31832298 0.015625 0.02795031
0 0.57226562 0.31107660 0.01015625 0.01552795
0 0.3703125 0.30434782 0.009375 0.01035196
0 0.51796875 0.28364389 0.0125 0.01449275
0 0.40078125 0.26708074 0.0109375 0.01242236
0 0.46835937 0.24896480 0.02265625 0.02380952
0 0.6 0.23291925 0.0140625 0.02277432
0 0.36367187 0.20445134 0.01015625 0.01345755
0 0.57226562 0.20289855 0.01171875 0.01449275
0 0.5515625 0.20082815 0.0203125 0.02691511
0 0.45507812 0.17753623 0.01171875 0.01345755
0 0.42382812 0.17598343 0.01328125 0.01449275
0 0.62617187 0.17028985 0.01328125 0.01552795
0 0.5578125 0.14596273 0.021875 0.02898550
0 0.52929687 0.10921325 0.00859375 0.01759834
0 0.56914062 0.08902691 0.00859375 0.01449275
0 0.46484375 0.08954451 0.0140625 0.02173913
0 0.33515625 0.07971014 0.0109375 0.01656314
0 0.5984375 0.04554865 0.0203125 0.01242236
0 0.65429687 0.02432712 0.01328125 0.01345755
0 0.6203125 0.02018633 0.0140625 0.01759834
0 0.53203125 0.01293995 0.009375 0.01138716