0 0.36171875 0.89596273 0.0078125 0.00931677
0 0.43125 0.88975155 0.0125 0.01966873
0 0.36992187 0.86956521 0.01328125 0.01863354
0 0.61640625 0.83643892 0.0078125 0.01242236
0 0.5328125 0.77743271 0.0140625 0.01863354
0 0.45273437 0.75258799 0.01484375 0.01449275
0 0.30351562 0.75362318 0.02421875 0.03105590
0 0.61875 0.74120082 0.0265625 0.03312629
0 0.45078125 0.65683229 0.009375 0.01552795
0 0.59140625 0.65579710 0.015625 0.01966873
0 0.653125 0.59575569 0.0140625 0.02587991
0 0.44609375 0.52122153 0.0140625 0.01966873
0 0.43203125 0.50828157 0.0140625 0.01656314
0 0.53476562 0.49534161 0.01015625 0.02795031
0 0.4125 0.49120082 0.0125 0.01966873
0 0.6078125 0.43478260 0.0140625 0.01863354
0 0.60195312 0.40734989 0.01171875 0.00931677
0 0.615625 0.32039337 0.0171875 0.02173913
0 0.44609375 0.29244306 0.025 0.03416149
0 0.50429687 0.25207039 0.01484375 0.02380952
0 0.55 0.23550724 0.01875 0.02380952
0 0.39023437 0.23291925 0.02109375 0.02277432
0 0.48515625 0.20341614 0.0171875 0.01966873
0 0.5546875 0.13509316 0.0203125 0.01966873
0 0.6109375 0.13250517 0.0171875 0.02898550
0 0.3625 0.07867494 0.0140625 0.01863354
0 0.5703125 0.07039337 0.0203125 0.01242236
0 0.54375 0.02432712 0.0234375 0.01966873