0 0.54414062 0.99068322 0.01796875 0.01863354
0 0.68359375 0.95807453 0.0171875 0.02380952
0 0.46328125 0.93944099 0.0140625 0.01759834
0 0.57148437 0.91097308 0.01328125 0.01863354
0 0.47695312 0.88354037 0.01640625 0.01138716
0 0.66054687 0.87681159 0.01328125 0.01449275
0 0.61796875 0.87422360 0.009375 0.01345755
0 0.42578125 0.87111801 0.0140625 0.00931677
0 0.4078125 0.86904761 0.0171875 0.02380952
0 0.665625 0.85766045 0.015625 0.01759834
0 0.5828125 0.84730848 0.0078125 0.01552795
0 0.51835937 0.83695652 0.01171875 0.01759834
0 0.55273437 0.83229813 0.01171875 0.01656314
0 0.609375 0.83592132 0.0171875 0.03209109
0 0.40507812 0.81625258 0.01015625 0.01552795
0 0.53242187 0.81366459 0.00703125 0.02484472
0 0.640625 0.80641821 0.009375 0.01242236
0 0.42148437 0.80383022 0.01171875 0.01552795
0 0.5375 0.78674948 0.009375 0.01242236
0 0.45820312 0.75051759 0.01015625 0.01242236
0 0.35 0.73136645 0.0109375 0.01759834
0 0.4 0.71739130 0.0171875 0.03105590
0 0.61445312 0.70445134 0.01015625 0.01552795
0 0.34453125 0.68115942 0.0203125 0.02691511
0 0.57851562 0.67184265 0.02890625 0.04140786
0 0.35898437 0.64648033 0.02109375 0.01138716
0 0.4765625 0.63923395 0.0140625 0.01966873
0 0.61953125 0.63716356 0.0171875 0.02380952
0 0.56601562 0.63198757 0.01015625 0.01345755
0 0.59179687 0.61283643 0.00859375 0.01035196
0 0.60664062 0.61231884 0.01796875 0.01345755
0 0.63203125 0.60610766 0.0171875 0.02380952
0 0.61015625 0.55279503 0.0078125 0.01242236
0 0.3796875 0.55072463 0.0109375 0.01449275
0 0.565625 0.54658385 0.0125 0.01863354
0 0.3609375 0.53157349 0.0140625 0.01345755
0 0.6609375 0.52846790 0.0109375 0.01759834
0 0.678125 0.52122153 0.0203125 0.03002070
0 0.30742187 0.49534161 0.01015625 0.01345755
0 0.46210937 0.49430641 0.01171875 0.01552795
0 0.37382812 0.48602484 0.01328125 0.01552795
0 0.390625 0.47049689 0.0171875 0.02380952
0 0.41171875 0.46066252 0.0109375 0.01656314
0 0.49609375 0.45600414 0.0171875 0.02380952
0 0.46914062 0.45186335 0.01953125 0.02587991
0 0.43867187 0.43892339 0.01796875 0.03105590
0 0.6625 0.43374741 0.0125 0.02277432
0 0.31328125 0.42287784 0.0203125 0.03002070
0 0.43710937 0.40269151 0.01015625 0.01242236
0 0.5671875 0.38819875 0.0140625 0.01242236
0 0.4265625 0.38302277 0.0109375 0.01863354
0 0.478125 0.37888198 0.0109375 0.01449275
0 0.33632812 0.37474120 0.01171875 0.01449275
0 0.35429687 0.35455486 0.00859375 0.01138716
0 0.44648437 0.31987577 0.01015625 0.01449275
0 0.40234375 0.31573498 0.0234375 0.01449275
0 0.3609375 0.30848861 0.0140625 0.01242236
0 0.62226562 0.28260869 0.01015625 0.01242236
0 0.47109375 0.28830227 0.0171875 0.02380952
0 0.37382812 0.28985507 0.01328125 0.02691511
0 0.50507812 0.28002070 0.01015625 0.01345755
0 0.57851562 0.25362318 0.01015625 0.02070393
0 0.3453125 0.23809523 0.0171875 0.01449275
0 0.49375 0.23343685 0.0109375 0.01552795
0 0.52734375 0.22670807 0.0078125 0.01242236
0 0.60078125 0.22515527 0.0125 0.01759834
0 0.44335937 0.21118012 0.01796875 0.01035196
0 0.3640625 0.20910973 0.0125 0.02691511
0 0.63984375 0.20031055 0.0125 0.01345755
0 0.49648437 0.19047619 0.01640625 0.01656314
0 0.47148437 0.17391304 0.01015625 0.01449275
0 0.56289062 0.16459627 0.01328125 0.01656314
0 0.48398437 0.16200828 0.01015625 0.01345755
0 0.3953125 0.16097308 0.0171875 0.02380952
0 0.5046875 0.15372670 0.0125 0.02380952
0 0.36757812 0.13561076 0.00859375 0.00828157
0 0.35898437 0.14751552 0.00703125 0.03416149
0 0.528125 0.11853002 0.0125 0.01138716
0 0.4171875 0.11231884 0.0109375 0.01345755
0 0.34648437 0.11076604 0.01171875 0.02484472
0 0.60078125 0.10403726 0.0078125 0.01759834
0 0.4546875 0.10144927 0.0125 0.01863354
0 0.39492187 0.09213250 0.01328125 0.01242236
0 0.61445312 0.08902691 0.01328125 0.02277432
0 0.3703125 0.07298136 0.0109375 0.01552795
0 0.44296875 0.07660455 0.0171875 0.02898550
0 0.46757812 0.06107660 0.01171875 0.02484472
0 0.42148437 0.05590062 0.01328125 0.01656314
0 0.53867187 0.04761904 0.01328125 0.01242236
0 0.35195312 0.01086956 0.00859375 0.02173913