0 0.58671875 0.99223602 0.0140625 0.01552795
0 0.3546875 0.99223602 0.0109375 0.01552795
0 0.571875 0.99171842 0.0140625 0.01656314
0 0.4078125 0.98291925 0.0171875 0.02380952
0 0.45234375 0.97308488 0.009375 0.01242236
0 0.52070312 0.96842650 0.01640625 0.02380952
0 0.64921875 0.90734989 0.0171875 0.02380952
0 0.42304687 0.89285714 0.01015625 0.01138716
0 0.55429687 0.88043478 0.00859375 0.01552795
0 0.5890625 0.87370600 0.009375 0.01656314
0 0.48984375 0.86180124 0.0125 0.01345755
0 0.4125 0.84109730 0.0125 0.01552795
0 0.58476562 0.84057971 0.01171875 0.02070393
0 0.59921875 0.81469979 0.0109375 0.01449275
0 0.646875 0.81107660 0.00625 0.00931677
0 0.41015625 0.80434782 0.025 0.03312629
0 0.47421875 0.76190476 0.0109375 0.03105590
0 0.68554687 0.73964803 0.01171875 0.01552795
0 0.35859375 0.73706004 0.009375 0.01656314
0 0.32382812 0.73291925 0.01484375 0.01863354
0 0.55273437 0.71842650 0.01484375 0.01035196
0 0.29453125 0.71376811 0.0125 0.01552795
0 0.65703125 0.68788819 0.0109375 0.01552795
0 0.67226562 0.67443064 0.01328125 0.01552795
0 0.29726562 0.67132505 0.01796875 0.01345755
0 0.52617187 0.66821946 0.01015625 0.01345755
0 0.45976562 0.65942028 0.01171875 0.01449275
0 0.55585937 0.64130434 0.01328125 0.01552795
0 0.66367187 0.61645962 0.00703125 0.01138716
0 0.65117187 0.59420289 0.01171875 0.01449275
0 0.49570312 0.60248447 0.01640625 0.03312629
0 0.5078125 0.58333333 0.0109375 0.02380952
0 0.63867187 0.55797101 0.02578125 0.02070393
0 0.41953125 0.55279503 0.0203125 0.01656314
0 0.3640625 0.54658385 0.0125 0.01449275
0 0.65273437 0.54192546 0.01015625 0.02173913
0 0.48085937 0.52795031 0.01171875 0.01656314
0 0.5453125 0.50828157 0.009375 0.01449275
0 0.5578125 0.50310559 0.0109375 0.01242236
0 0.33085937 0.50103519 0.01484375 0.01863354
0 0.40234375 0.48602484 0.009375 0.02795031
0 0.64453125 0.47670807 0.0140625 0.01552795
0 0.47851562 0.47929606 0.01640625 0.02070393
0 0.49609375 0.47049689 0.009375 0.01345755
0 0.33398437 0.46687370 0.01015625 0.01035196
0 0.63320312 0.46066252 0.01328125 0.01449275
0 0.55078125 0.45445134 0.0125 0.01449275
0 0.59960937 0.44772256 0.01015625 0.01345755
0 0.578125 0.43115942 0.009375 0.01552795
0 0.64765625 0.42960662 0.0109375 0.01656314
0 0.47382812 0.42753623 0.01015625 0.02484472
0 0.54648437 0.42028985 0.02109375 0.01449275
0 0.4078125 0.41925465 0.0125 0.01242236
0 0.37890625 0.40217391 0.0109375 0.01552795
0 0.63007812 0.39389233 0.01171875 0.01345755
0 0.48867187 0.39182194 0.01484375 0.01345755
0 0.64921875 0.37577639 0.0109375 0.01242236
0 0.53554687 0.37267080 0.01015625 0.01242236
0 0.46054687 0.35869565 0.01328125 0.01552795
0 0.5203125 0.35248447 0.0109375 0.01759834
0 0.3765625 0.34730848 0.0125 0.01966873
0 0.403125 0.33385093 0.0109375 0.01552795
0 0.6 0.32505175 0.0109375 0.01449275
0 0.63359375 0.32298136 0.0203125 0.01449275
0 0.56367187 0.30952380 0.00859375 0.01449275
0 0.58828125 0.29606625 0.0109375 0.01242236
0 0.42578125 0.29813664 0.009375 0.01656314
0 0.4640625 0.29554865 0.009375 0.01345755
0 0.50195312 0.29554865 0.01171875 0.02795031
0 0.54765625 0.26345755 0.0109375 0.01345755
0 0.4625 0.26293995 0.0203125 0.02070393
0 0.48007812 0.22308488 0.01328125 0.02380952
0 0.4265625 0.21376811 0.009375 0.01345755
0 0.575 0.21014492 0.0109375 0.02691511
0 0.44492187 0.20600414 0.01484375 0.02277432
0 0.53085937 0.19616977 0.00859375 0.01966873
0 0.60390625 0.19616977 0.0171875 0.02380952
0 0.5078125 0.17546583 0.0171875 0.02380952
0 0.41171875 0.16977225 0.0125 0.01656314
0 0.6015625 0.15683229 0.0109375 0.01345755
0 0.39726562 0.14233954 0.01640625 0.01552795
0 0.42734375 0.12732919 0.0234375 0.02898550
0 0.41875 0.08799171 0.0140625 0.01449275
0 0.47929687 0.08850931 0.00703125 0.02380952
0 0.38554687 0.08281573 0.01171875 0.01449275
0 0.44882812 0.09316770 0.02421875 0.05797101
0 0.28242187 0.03726708 0.00703125 0.01449275
0 0.59960937 0.00569358 0.00859375 0.01138716
0 0.5 0.00465838 0.01875 0.00931677