0 0.509375 0.83436853 0.0234375 0.02691511
0 0.35195312 0.78416149 0.01328125 0.02380952
0 0.58789062 0.71739130 0.01640625 0.02484472
0 0.62421875 0.71325051 0.015625 0.01863354
0 0.56171875 0.70393374 0.0203125 0.04140786
0 0.61210937 0.60300207 0.01953125 0.03002070
0 0.659375 0.56159420 0.0359375 0.01966873
0 0.3390625 0.53416149 0.0453125 0.05590062
0 0.52382812 0.51915113 0.02265625 0.03002070
0 0.31953125 0.47929606 0.0140625 0.02484472
0 0.57460937 0.47308488 0.01796875 0.02277432
0 0.3953125 0.46066252 0.0140625 0.01863354
0 0.40585937 0.40683229 0.01796875 0.01656314
0 0.38046875 0.38095238 0.0171875 0.02070393
0 0.42265625 0.29554865 0.0296875 0.02173913