0 0.40390625 0.96583850 0.0171875 0.01242236
0 0.54023437 0.96997929 0.00859375 0.02484472
0 0.62421875 0.96480331 0.0140625 0.02898550
0 0.56757812 0.90786749 0.01171875 0.02277432
0 0.35429687 0.90320910 0.01328125 0.01345755
0 0.29570312 0.90424430 0.01484375 0.02380952
0 0.56484375 0.87525879 0.009375 0.01138716
0 0.3921875 0.87060041 0.009375 0.01242236
0 0.4859375 0.86594202 0.0125 0.01552795
0 0.61132812 0.84057971 0.01640625 0.01656314
0 0.4875 0.83695652 0.009375 0.01345755
0 0.42929687 0.83229813 0.01015625 0.01449275
0 0.3421875 0.82919254 0.0125 0.01242236
0 0.64492187 0.82505175 0.00859375 0.01242236
0 0.62304687 0.82660455 0.01171875 0.01552795
0 0.31992187 0.81366459 0.00859375 0.01449275
0 0.403125 0.80693581 0.009375 0.01552795
0 0.63828125 0.80124223 0.0109375 0.01449275
0 0.60351562 0.79192546 0.01640625 0.01449275
0 0.66953125 0.78571428 0.0140625 0.01656314
0 0.33789062 0.77277432 0.01171875 0.01138716
0 0.65507812 0.77536231 0.01171875 0.01863354
0 0.68554687 0.77122153 0.01171875 0.01656314
0 0.62382812 0.76501035 0.01640625 0.01035196
0 0.49453125 0.76242236 0.009375 0.01345755
0 0.38632812 0.75 0.01953125 0.03416149
0 0.61953125 0.72360248 0.0140625 0.01242236
0 0.61523437 0.70031055 0.01171875 0.01759834
0 0.384375 0.70031055 0.0171875 0.02380952
0 0.44414062 0.68426501 0.01796875 0.03933747
0 0.59140625 0.67028985 0.0140625 0.01552795
0 0.52226562 0.67132505 0.01171875 0.01966873
0 0.64726562 0.66407867 0.00859375 0.01138716
0 0.42890625 0.65890269 0.0140625 0.01552795
0 0.578125 0.65113871 0.0109375 0.01656314
0 0.4390625 0.63302277 0.009375 0.01345755
0 0.45703125 0.62732919 0.0234375 0.01035196
0 0.66289062 0.58643892 0.01015625 0.01345755
0 0.5015625 0.58902691 0.0078125 0.02070393
0 0.41835937 0.58488612 0.01328125 0.01656314
0 0.3421875 0.57971014 0.009375 0.01242236
0 0.37539062 0.56780538 0.01796875 0.01138716
0 0.50546875 0.52018633 0.0125 0.01552795
0 0.67421875 0.51811594 0.0125 0.01759834
0 0.6265625 0.51501035 0.009375 0.01552795
0 0.465625 0.49378881 0.009375 0.01242236
0 0.62734375 0.49327122 0.0171875 0.02380952
0 0.309375 0.48291925 0.009375 0.01345755
0 0.52460937 0.46790890 0.00859375 0.01656314
0 0.30820312 0.45807453 0.02265625 0.02380952
0 0.60078125 0.44720496 0.0078125 0.01242236
0 0.4328125 0.45031055 0.015625 0.02070393
0 0.33125 0.44616977 0.025 0.01656314
0 0.67265625 0.43219461 0.0109375 0.01345755
0 0.59960937 0.42701863 0.01171875 0.01552795
0 0.56757812 0.41459627 0.01015625 0.01138716
0 0.62382812 0.41304347 0.01171875 0.01035196
0 0.6359375 0.40476190 0.0109375 0.01449275
0 0.45039062 0.38716356 0.01015625 0.01656314
0 0.60429687 0.38095238 0.01015625 0.01449275
0 0.378125 0.36904761 0.0171875 0.02380952
0 0.53085937 0.36283643 0.01796875 0.01552795
0 0.64453125 0.36128364 0.0140625 0.01449275
0 0.6234375 0.36697722 0.021875 0.02795031
0 0.3453125 0.36180124 0.009375 0.01759834
0 0.5078125 0.34627329 0.0109375 0.01345755
0 0.4640625 0.34782608 0.0125 0.01863354
0 0.59140625 0.34109730 0.0171875 0.02380952
0 0.41210937 0.32815734 0.00859375 0.01449275
0 0.33828125 0.32401656 0.0125 0.01449275
0 0.4875 0.30486542 0.0109375 0.01345755
0 0.37226562 0.30590062 0.01484375 0.01552795
0 0.35859375 0.29296066 0.0109375 0.01449275
0 0.44101562 0.29554865 0.01171875 0.02587991
0 0.57695312 0.24327122 0.01015625 0.01449275
0 0.62109375 0.23447204 0.0140625 0.01759834
0 0.4390625 0.23757763 0.0171875 0.02380952
0 0.55507812 0.23033126 0.01796875 0.01345755
0 0.57617187 0.20238095 0.00859375 0.01138716
0 0.5984375 0.20031055 0.0140625 0.02173913
0 0.43125 0.19461697 0.0125 0.01449275
0 0.54023437 0.18581780 0.01015625 0.00931677
0 0.39296875 0.14440993 0.0171875 0.02380952
0 0.58125 0.13509316 0.0109375 0.01552795
0 0.64882812 0.11853002 0.01171875 0.01759834
0 0.3609375 0.10817805 0.0171875 0.04244306
0 0.4296875 0.09109730 0.0125 0.01242236
0 0.58828125 0.06884057 0.0140625 0.01138716
0 0.478125 0.03933747 0.0125 0.01035196
0 0.621875 0.01086956 0.0125 0.02173913