0 0.45703125 0.98033126 0.015625 0.02070393
0 0.51757812 0.96997929 0.01328125 0.02484472
0 0.69882812 0.96376811 0.01328125 0.01449275
0 0.31679687 0.97256728 0.03046875 0.03623188
0 0.60703125 0.92908902 0.0171875 0.02380952
0 0.4890625 0.91356107 0.0109375 0.02173913
0 0.36484375 0.89389233 0.021875 0.01966873
0 0.39804687 0.89026915 0.00859375 0.01449275
0 0.60898437 0.87732919 0.01328125 0.01345755
0 0.359375 0.86697722 0.0203125 0.02380952
0 0.56289062 0.85662525 0.01171875 0.01345755
0 0.31914062 0.83954451 0.01328125 0.01449275
0 0.38710937 0.84006211 0.01953125 0.02587991
0 0.44414062 0.82505175 0.01015625 0.01656314
0 0.59570312 0.81004140 0.01171875 0.01552795
0 0.50820312 0.78985507 0.01640625 0.02070393
0 0.35625 0.78571428 0.0109375 0.02277432
0 0.54921875 0.77018633 0.0171875 0.02691511
0 0.31484375 0.75983436 0.0109375 0.01242236
0 0.4421875 0.75931677 0.0171875 0.02380952
0 0.29960937 0.75 0.01171875 0.01552795
0 0.425 0.73654244 0.0109375 0.01345755
0 0.38632812 0.73498964 0.01640625 0.01242236
0 0.66679687 0.73913043 0.01015625 0.02277432
0 0.6453125 0.72360248 0.0171875 0.01242236
0 0.29609375 0.72774327 0.0109375 0.02484472
0 0.571875 0.71894409 0.0109375 0.01345755
0 0.5265625 0.70859213 0.0125 0.01345755
0 0.32265625 0.68374741 0.0171875 0.02380952
0 0.35898437 0.66097308 0.01796875 0.04244306
0 0.65546875 0.63871635 0.0109375 0.01449275
0 0.5546875 0.63664596 0.0109375 0.01449275
0 0.47070312 0.61490683 0.02109375 0.02070393
0 0.30351562 0.61128364 0.01171875 0.01966873
0 0.49492187 0.60662525 0.01640625 0.01863354
0 0.6328125 0.60817805 0.0171875 0.02380952
0 0.5640625 0.59523809 0.0171875 0.01449275
0 0.66484375 0.58902691 0.0125 0.01863354
0 0.42109375 0.57091097 0.0109375 0.01345755
0 0.6390625 0.56521739 0.0125 0.01242236
0 0.39179687 0.54451345 0.01015625 0.01449275
0 0.31914062 0.53364389 0.01640625 0.02173913
0 0.44101562 0.52691511 0.01484375 0.02070393
0 0.56875 0.51811594 0.0171875 0.01138716
0 0.68476562 0.51293995 0.01171875 0.01552795
0 0.49375 0.51397515 0.0171875 0.02380952
0 0.58632812 0.50207039 0.01015625 0.01035196
0 0.384375 0.49896480 0.009375 0.01449275
0 0.60117187 0.50051759 0.01796875 0.02173913
0 0.56914062 0.48291925 0.01640625 0.01138716
0 0.41328125 0.48447204 0.0140625 0.01656314
0 0.40078125 0.46376811 0.0171875 0.02277432
0 0.31679687 0.44616977 0.01484375 0.01242236
0 0.38007812 0.44151138 0.01796875 0.03002070
0 0.60664062 0.43012422 0.01796875 0.01552795
0 0.30507812 0.43219461 0.02421875 0.02587991
0 0.4609375 0.41563146 0.0140625 0.01759834
0 0.63554687 0.38975155 0.01015625 0.01345755
0 0.52578125 0.38819875 0.0171875 0.01863354
0 0.40273437 0.38043478 0.01015625 0.01552795
0 0.4875 0.37888198 0.015625 0.01449275
0 0.42382812 0.36024844 0.01640625 0.01656314
0 0.521875 0.34213250 0.0125 0.01345755
0 0.52695312 0.30434782 0.00859375 0.01035196
0 0.48828125 0.30900621 0.0125 0.01966873
0 0.5453125 0.30331262 0.0078125 0.02070393
0 0.34296875 0.29296066 0.0140625 0.01035196
0 0.35546875 0.27536231 0.0125 0.01449275
0 0.48515625 0.27380952 0.0171875 0.02380952
0 0.62226562 0.24430641 0.01015625 0.02277432
0 0.50546875 0.23757763 0.0109375 0.01552795
0 0.5296875 0.19616977 0.0171875 0.02380952
0 0.56796875 0.18995859 0.0140625 0.01552795
0 0.409375 0.18271221 0.0203125 0.01966873
0 0.44414062 0.16252587 0.02734375 0.01863354
0 0.5296875 0.11853002 0.0125 0.01138716
0 0.51289062 0.10196687 0.00859375 0.01345755
0 0.44375 0.08850931 0.0140625 0.03002070
0 0.37148437 0.06469979 0.01015625 0.01138716
0 0.43789062 0.02536231 0.00859375 0.01138716
0 0.64765625 0.02122153 0.0171875 0.02380952
0 0.36679687 0.01397515 0.01796875 0.01966873