0 0.39765625 0.98291925 0.0125 0.01966873
0 0.63203125 0.96273291 0.00625 0.02898550
0 0.61367187 0.89855072 0.01015625 0.01656314
0 0.59335937 0.87525879 0.01171875 0.01345755
0 0.42890625 0.70289855 0.0140625 0.02070393
0 0.50742187 0.70341614 0.01953125 0.02587991
0 0.62851562 0.69720496 0.01484375 0.02173913
0 0.56445312 0.68892339 0.01796875 0.01345755
0 0.40820312 0.67546583 0.02109375 0.02587991
0 0.31679687 0.48861283 0.01953125 0.02691511
0 0.4125 0.46014492 0.0125 0.01552795
0 0.54882812 0.45703933 0.01484375 0.01966873
0 0.62382812 0.34730848 0.01171875 0.02173913
0 0.5921875 0.27950310 0.0125 0.01863354
0 0.56953125 0.26138716 0.021875 0.02795031
0 0.63242187 0.24741200 0.01796875 0.02484472
0 0.409375 0.05486542 0.015625 0.02070393