0 0.49414062 0.89337474 0.02265625 0.02277432
0 0.44375 0.85766045 0.009375 0.01345755
0 0.54296875 0.84523809 0.015625 0.02380952
0 0.62226562 0.79037267 0.01484375 0.01759834
0 0.590625 0.73757763 0.0171875 0.01966873
0 0.43046875 0.73188405 0.0125 0.01449275
0 0.39453125 0.73395445 0.0140625 0.02484472
0 0.6328125 0.46325051 0.00625 0.01966873
0 0.32539062 0.40734989 0.02109375 0.01966873
0 0.63085937 0.38612836 0.01015625 0.01035196
0 0.65078125 0.36542443 0.021875 0.02691511
0 0.60351562 0.30900621 0.01953125 0.03416149
0 0.35976562 0.22826086 0.01328125 0.01345755
0 0.61640625 0.20186335 0.0171875 0.02277432
0 0.47421875 0.15838509 0.0109375 0.02484472
0 0.37460937 0.15269151 0.01171875 0.01552795
0 0.42460937 0.11801242 0.02265625 0.03933747
0 0.54023437 0.00258799 0.00859375 0.00517598