0 0.2953125 0.89026915 0.0140625 0.01863354
0 0.63632812 0.89803312 0.01796875 0.04037267
0 0.36835937 0.85714285 0.01328125 0.01035196
0 0.64101562 0.79968944 0.01484375 0.01552795
0 0.47695312 0.77277432 0.02109375 0.01759834
0 0.38789062 0.70910973 0.01484375 0.03519668
0 0.640625 0.60300207 0.0109375 0.01966873
0 0.41914062 0.45548654 0.02578125 0.02070393
0 0.58828125 0.44616977 0.0109375 0.01449275
0 0.40742187 0.35300207 0.02421875 0.04140786
0 0.48632812 0.29296066 0.01484375 0.02070393
0 0.3546875 0.27950310 0.0171875 0.02484472
0 0.52382812 0.27536231 0.01640625 0.01863354
0 0.46523437 0.21325051 0.01015625 0.01242236
0 0.37773437 0.14855072 0.00703125 0.02587991
0 0.40351562 0.14026915 0.01640625 0.01759834
0 0.57695312 0.08074534 0.02578125 0.03312629
0 0.3703125 0.06314699 0.0078125 0.01035196