0 0.48320312 0.89026915 0.01796875 0.02484472
0 0.62773437 0.88612836 0.01640625 0.02070393
0 0.6390625 0.86283643 0.01875 0.02380952
0 0.42578125 0.82401656 0.015625 0.03105590
0 0.58554687 0.83178053 0.01796875 0.04865424
0 0.37539062 0.78674948 0.01640625 0.04968944
0 0.32421875 0.77225672 0.034375 0.07660455
0 0.56953125 0.73291925 0.0171875 0.02277432
0 0.60703125 0.65372670 0.01875 0.01759834
0 0.55742187 0.65269151 0.01171875 0.02173913
0 0.46328125 0.54658385 0.028125 0.02277432
0 0.36601562 0.53571428 0.02734375 0.01759834
0 0.41289062 0.51915113 0.02265625 0.03002070
0 0.46445312 0.48136645 0.01484375 0.02277432
0 0.3890625 0.45755693 0.0140625 0.02484472
0 0.371875 0.45652173 0.01875 0.02484472
0 0.61445312 0.40942028 0.02890625 0.03830227
0 0.5390625 0.33540372 0.0171875 0.01242236
0 0.3984375 0.33488612 0.009375 0.02380952
0 0.609375 0.31211180 0.01875 0.01552795
0 0.51953125 0.15631469 0.0125 0.02691511
0 0.59921875 0.07971014 0.0140625 0.05175983