0 0.375 0.97981366 0.0140625 0.01759834
0 0.38789062 0.95962732 0.01328125 0.02070393
0 0.60625 0.95238095 0.0078125 0.01656314
0 0.58476562 0.95082815 0.01328125 0.01345755
0 0.38515625 0.90890269 0.009375 0.01656314
0 0.31132812 0.88509316 0.01640625 0.01863354
0 0.46054687 0.84161490 0.01484375 0.01656314
0 0.30234375 0.83540372 0.009375 0.01035196
0 0.315625 0.82763975 0.0109375 0.01759834
0 0.50703125 0.82401656 0.009375 0.01242236
0 0.61171875 0.82349896 0.0171875 0.02380952
0 0.59648437 0.81004140 0.01171875 0.01759834
0 0.45039062 0.79813664 0.01328125 0.01656314
0 0.33085937 0.77639751 0.01953125 0.01863354
0 0.31757812 0.74689440 0.01171875 0.02173913
0 0.51914062 0.72463768 0.01015625 0.01449275
0 0.29257812 0.72722567 0.00859375 0.02587991
0 0.3515625 0.72412008 0.0125 0.02173913
0 0.55273437 0.71532091 0.01484375 0.01242236
0 0.37929687 0.70755693 0.01484375 0.01552795
0 0.54921875 0.67546583 0.0078125 0.01138716
0 0.58984375 0.66977225 0.0078125 0.01656314
0 0.67734375 0.65786749 0.0109375 0.01759834
0 0.64179687 0.65372670 0.01171875 0.01759834
0 0.5625 0.64544513 0.0078125 0.01138716
0 0.39296875 0.61438923 0.009375 0.01138716
0 0.61953125 0.60817805 0.015625 0.01345755
0 0.51484375 0.61128364 0.0171875 0.02380952
0 0.6734375 0.60403726 0.0171875 0.02380952
0 0.47578125 0.60559006 0.015625 0.03312629
0 0.56523437 0.59730848 0.01171875 0.03105590
0 0.44765625 0.57505175 0.0203125 0.01552795
0 0.49726562 0.55331262 0.01015625 0.01552795
0 0.32695312 0.54813664 0.01015625 0.01759834
0 0.38085937 0.54347826 0.01171875 0.01449275
0 0.396875 0.53778467 0.009375 0.01345755
0 0.41015625 0.53674948 0.0078125 0.01759834
0 0.54609375 0.52018633 0.0125 0.01345755
0 0.6828125 0.52018633 0.0171875 0.02380952
0 0.5828125 0.50569358 0.0171875 0.02380952
0 0.34414062 0.50258799 0.01484375 0.01759834
0 0.30859375 0.50103519 0.0171875 0.01656314
0 0.49453125 0.49792960 0.0296875 0.01656314
0 0.4796875 0.48136645 0.009375 0.01242236
0 0.3640625 0.47929606 0.015625 0.02277432
0 0.44882812 0.47204968 0.01484375 0.01863354
0 0.68632812 0.45962732 0.01171875 0.01035196
0 0.58671875 0.45548654 0.015625 0.01242236
0 0.54375 0.47049689 0.0359375 0.04658385
0 0.43515625 0.45548654 0.0109375 0.01656314
0 0.6 0.43064182 0.01875 0.02484472
0 0.37421875 0.42028985 0.0078125 0.01242236
0 0.66914062 0.42443064 0.01484375 0.02484472
0 0.56640625 0.41563146 0.0125 0.01552795
0 0.45429687 0.41459627 0.01171875 0.01552795
0 0.30976562 0.39130434 0.00859375 0.01863354
0 0.34726562 0.36542443 0.01640625 0.02070393
0 0.5734375 0.35973084 0.0203125 0.01552795
0 0.40507812 0.35662525 0.01796875 0.02795031
0 0.60859375 0.33902691 0.009375 0.02173913
0 0.35507812 0.33281573 0.01796875 0.01138716
0 0.41171875 0.33281573 0.0109375 0.01345755
0 0.6203125 0.30175983 0.0171875 0.03416149
0 0.35976562 0.30279503 0.01953125 0.04037267
0 0.54453125 0.29037267 0.0109375 0.01966873
0 0.46484375 0.26811594 0.01875 0.02691511
0 0.39648437 0.25983436 0.01015625 0.01242236
0 0.4046875 0.21583850 0.0125 0.01759834
0 0.39414062 0.21014492 0.01171875 0.03105590
0 0.51054687 0.18892339 0.00859375 0.01138716
0 0.609375 0.16925465 0.0109375 0.01552795
0 0.37148437 0.16252587 0.01171875 0.01656314
0 0.56367187 0.15320910 0.01484375 0.01656314
0 0.61953125 0.15217391 0.0171875 0.01656314
0 0.5734375 0.13509316 0.0171875 0.02380952
0 0.421875 0.12629399 0.0109375 0.01656314
0 0.64335937 0.12163561 0.00859375 0.01345755
0 0.33164062 0.10714285 0.01015625 0.01552795
0 0.5640625 0.10766045 0.0125 0.01863354
0 0.509375 0.10662525 0.009375 0.01863354
0 0.34101562 0.07298136 0.01171875 0.01138716
0 0.34179687 0.05538302 0.01796875 0.01552795
0 0.40039062 0.05124223 0.01796875 0.01138716
0 0.60664062 0.02536231 0.02265625 0.02173913