0 0.4578125 0.83281573 0.015625 0.01966873
0 0.65078125 0.79710144 0.0390625 0.03726708
0 0.3171875 0.75258799 0.0203125 0.03726708
0 0.40976562 0.73240165 0.01640625 0.02173913
0 0.58789062 0.71739130 0.01640625 0.02484472
0 0.58789062 0.68012422 0.01171875 0.02070393
0 0.62851562 0.65165631 0.01328125 0.02173913
0 0.66992187 0.61490683 0.03046875 0.02898550
0 0.47148437 0.55848861 0.01171875 0.03209109
0 0.42695312 0.54554865 0.02421875 0.02484472
0 0.59609375 0.50207039 0.0234375 0.03312629
0 0.42382812 0.45755693 0.03203125 0.02484472
0 0.45898437 0.44979296 0.01328125 0.02587991
0 0.56328125 0.42546583 0.0171875 0.02898550
0 0.45664062 0.37474120 0.01328125 0.02277432
0 0.37578125 0.32763975 0.0171875 0.02795031
0 0.42265625 0.31677018 0.0296875 0.02070393
0 0.50820312 0.28571428 0.01640625 0.01656314
0 0.58828125 0.24120082 0.0140625 0.02070393