0 0.315625 0.86594202 0.0109375 0.02587991
0 0.42578125 0.82401656 0.015625 0.03105590
0 0.37929687 0.74275362 0.01796875 0.01552795
0 0.56132812 0.75724637 0.03359375 0.05279503
0 0.58867187 0.69358178 0.01796875 0.02070393
0 0.6265625 0.69358178 0.01875 0.02277432
0 0.64765625 0.68064182 0.0125 0.02173913
0 0.571875 0.61594202 0.0296875 0.02277432
0 0.65546875 0.39233954 0.0234375 0.02898550
0 0.47617187 0.32763975 0.01328125 0.01552795
0 0.5734375 0.32608695 0.040625 0.04761904
0 0.48476562 0.27484472 0.03046875 0.02173913
0 0.42265625 0.27432712 0.0296875 0.02070393
0 0.55585937 0.23809523 0.01640625 0.02277432
0 0.38359375 0.09420289 0.0109375 0.02070393