0 0.31640625 0.80693581 0.015625 0.01966873
0 0.44179687 0.75103519 0.01640625 0.02173913
0 0.56132812 0.75 0.03359375 0.06728778
0 0.58867187 0.69358178 0.01796875 0.02070393
0 0.66992187 0.61490683 0.03046875 0.02898550
0 0.36132812 0.54399585 0.03671875 0.03416149
0 0.43164062 0.45859213 0.01640625 0.02070393
0 0.45703125 0.42701863 0.015625 0.02587991
0 0.43476562 0.39078674 0.01640625 0.01759834
0 0.4765625 0.29554865 0.0140625 0.02173913
0 0.64023437 0.27380952 0.01640625 0.01966873
0 0.60507812 0.23188405 0.01640625 0.02484472
0 0.50429687 0.22360248 0.01328125 0.02691511
0 0.4390625 0.15631469 0.028125 0.02691511