0 0.4578125 0.81521739 0.015625 0.02380952
0 0.64101562 0.80020703 0.01953125 0.02898550
0 0.62617187 0.65217391 0.01796875 0.02277432
0 0.51171875 0.56262939 0.01875 0.02173913
0 0.3890625 0.45755693 0.0140625 0.02484472
0 0.60664062 0.41252587 0.01328125 0.02587991
0 0.4359375 0.37784679 0.0140625 0.01656314
0 0.3953125 0.33488612 0.015625 0.02380952
0 0.59804687 0.32815734 0.01640625 0.02484472
0 0.5390625 0.32091097 0.0171875 0.03105590
0 0.60898437 0.28053830 0.02109375 0.01449275
0 0.58828125 0.24120082 0.0140625 0.02070393