0 0.4953125 0.97256728 0.009375 0.01759834
0 0.53789062 0.97204968 0.00703125 0.01863354
0 0.51992187 0.95238095 0.02734375 0.01863354
0 0.32460937 0.94824016 0.01640625 0.02277432
0 0.58085937 0.94772256 0.01796875 0.04244306
0 0.328125 0.92546583 0.015625 0.02070393
0 0.49570312 0.89803312 0.00859375 0.00931677
0 0.61601562 0.89751552 0.01171875 0.01242236
0 0.45625 0.89699792 0.0109375 0.01345755
0 0.65117187 0.88302277 0.00859375 0.01449275
0 0.63203125 0.87577639 0.0125 0.01656314
0 0.66914062 0.86024844 0.01171875 0.01449275
0 0.63671875 0.85300207 0.0171875 0.02070393
0 0.51328125 0.85093167 0.0125 0.01863354
0 0.59375 0.84265010 0.0078125 0.01656314
0 0.63554687 0.82246376 0.01015625 0.00931677
0 0.3203125 0.81677018 0.009375 0.01242236
0 0.46484375 0.81521739 0.0171875 0.02380952
0 0.5953125 0.81211180 0.0171875 0.03209109
0 0.31171875 0.79037267 0.0140625 0.01759834
0 0.66289062 0.76397515 0.01328125 0.01035196
0 0.38515625 0.75931677 0.0078125 0.00931677
0 0.57070312 0.76035196 0.01484375 0.01759834
0 0.68476562 0.74482401 0.01328125 0.02380952
0 0.30117187 0.73447204 0.01171875 0.01966873
0 0.41523437 0.71480331 0.02109375 0.01552795
0 0.58046875 0.70859213 0.0171875 0.02380952
0 0.46875 0.70859213 0.0171875 0.02380952
0 0.64453125 0.68633540 0.0109375 0.01449275
0 0.68046875 0.65010351 0.0125 0.01449275
0 0.47382812 0.65165631 0.01484375 0.01759834
0 0.32734375 0.64855072 0.0125 0.03209109
0 0.6421875 0.62991718 0.0109375 0.01345755
0 0.4546875 0.62267080 0.0125 0.01552795
0 0.48085937 0.62060041 0.01171875 0.02587991
0 0.38046875 0.60093167 0.0171875 0.01138716
0 0.57382812 0.57712215 0.01640625 0.01138716
0 0.37421875 0.57608695 0.015625 0.01759834
0 0.47617187 0.56107660 0.02109375 0.01656314
0 0.40859375 0.56159420 0.0171875 0.03416149
0 0.6375 0.54089026 0.0109375 0.01552795
0 0.56875 0.53053830 0.009375 0.01966873
0 0.409375 0.52536231 0.0125 0.02380952
0 0.65625 0.52380952 0.015625 0.02484472
0 0.40507812 0.49275362 0.01015625 0.01449275
0 0.36875 0.48033126 0.009375 0.01656314
0 0.57421875 0.46532091 0.0109375 0.01552795
0 0.60703125 0.44358178 0.0109375 0.01552795
0 0.628125 0.44151138 0.0125 0.01552795
0 0.57617187 0.43840579 0.01328125 0.02795031
0 0.64648437 0.41356107 0.01171875 0.01966873
0 0.51992187 0.41356107 0.01953125 0.02795031
0 0.46132812 0.38768115 0.01484375 0.01966873
0 0.64296875 0.37577639 0.015625 0.01449275
0 0.62109375 0.36283643 0.0109375 0.02380952
0 0.475 0.34937888 0.0171875 0.02380952
0 0.42265625 0.34989648 0.0203125 0.02484472
0 0.5890625 0.33281573 0.009375 0.01552795
0 0.54570312 0.32919254 0.01171875 0.01863354
0 0.38476562 0.33178053 0.01953125 0.02587991
0 0.4921875 0.32712215 0.015625 0.02070393
0 0.42265625 0.30020703 0.0109375 0.01242236
0 0.45859375 0.28623188 0.0125 0.01966873
0 0.50390625 0.27639751 0.009375 0.01449275
0 0.34726562 0.27484472 0.01328125 0.01552795
0 0.47929687 0.24016563 0.01015625 0.01035196
0 0.40273437 0.23809523 0.01484375 0.01656314
0 0.62617187 0.22049689 0.00703125 0.01242236
0 0.4546875 0.20548654 0.0171875 0.02380952
0 0.48085937 0.19409937 0.01015625 0.01966873
0 0.565625 0.18892339 0.0078125 0.01138716
0 0.59492187 0.17908902 0.01171875 0.02691511
0 0.39414062 0.17028985 0.01484375 0.01345755
0 0.52109375 0.15683229 0.0109375 0.01345755
0 0.3390625 0.14233954 0.0171875 0.02380952
0 0.43554687 0.14906832 0.02578125 0.04968944
0 0.5734375 0.11387163 0.0078125 0.01863354
0 0.35820312 0.11904761 0.02109375 0.02898550
0 0.49882812 0.10921325 0.01015625 0.02380952
0 0.33710937 0.09989648 0.01171875 0.01345755
0 0.61835937 0.09679089 0.01171875 0.01345755
0 0.3484375 0.07556935 0.0109375 0.01035196
0 0.46640625 0.07919254 0.025 0.02380952
0 0.43320312 0.04192546 0.01328125 0.01552795
0 0.28554687 0.03778467 0.01171875 0.00931677
0 0.68789062 0.03778467 0.01484375 0.01966873
0 0.64023437 0.01708074 0.01796875 0.01966873
0 0.29492187 0.01397515 0.00859375 0.01966873
0 0.58632812 0.00465838 0.01484375 0.00931677
0 0.41484375 0.00465838 0.0109375 0.00931677