0 0.49804687 0.99430641 0.01171875 0.01138716
0 0.65273437 0.98291925 0.01796875 0.01345755
0 0.55546875 0.97204968 0.0125 0.01242236
0 0.3890625 0.97877846 0.01875 0.02587991
0 0.5796875 0.97722567 0.01875 0.03312629
0 0.66835937 0.96790890 0.01328125 0.01863354
0 0.55390625 0.93064182 0.015625 0.01863354
0 0.6140625 0.90734989 0.0171875 0.02380952
0 0.54960937 0.90734989 0.01015625 0.02380952
0 0.52578125 0.90165631 0.0125 0.01242236
0 0.46601562 0.90113871 0.00859375 0.01759834
0 0.30351562 0.90113871 0.01640625 0.02380952
0 0.5765625 0.87267080 0.009375 0.01242236
0 0.29804687 0.86542443 0.01171875 0.01656314
0 0.33945312 0.85973084 0.01328125 0.01759834
0 0.54570312 0.86387163 0.01796875 0.03623188
0 0.45039062 0.85351966 0.01484375 0.01966873
0 0.55703125 0.82712215 0.009375 0.02484472
0 0.50859375 0.82142857 0.0125 0.01552795
0 0.45898437 0.80952380 0.01171875 0.01449275
0 0.50234375 0.80486542 0.009375 0.01345755
0 0.67929687 0.80072463 0.01015625 0.01759834
0 0.3265625 0.77846790 0.009375 0.01242236
0 0.41875 0.77173913 0.0078125 0.01966873
0 0.67773437 0.76915113 0.02109375 0.02898550
0 0.56835937 0.74689440 0.01640625 0.02380952
0 0.44296875 0.74378881 0.0171875 0.02380952
0 0.46445312 0.71118012 0.01015625 0.01656314
0 0.59296875 0.70962732 0.0109375 0.01552795
0 0.49882812 0.69927536 0.01640625 0.01966873
0 0.65507812 0.68685300 0.01015625 0.01345755
0 0.60078125 0.69772256 0.03125 0.03519668
0 0.40742187 0.67960662 0.01171875 0.02795031
0 0.43125 0.67080745 0.0234375 0.01449275
0 0.578125 0.65062111 0.0125 0.01552795
0 0.62304687 0.64648033 0.01640625 0.01966873
0 0.51640625 0.63043478 0.0109375 0.01449275
0 0.47070312 0.60196687 0.01640625 0.01759834
0 0.37382812 0.59937888 0.01171875 0.01449275
0 0.29609375 0.59420289 0.015625 0.01035196
0 0.50625 0.59265010 0.0125 0.02380952
0 0.29921875 0.56935817 0.021875 0.01035196
0 0.44140625 0.56418219 0.0109375 0.02277432
0 0.5203125 0.55745341 0.0171875 0.02587991
0 0.55742187 0.53312629 0.00859375 0.01242236
0 0.43867187 0.51086956 0.01171875 0.01345755
0 0.59257812 0.50828157 0.01171875 0.01656314
0 0.39648437 0.50569358 0.01328125 0.01759834
0 0.41210937 0.49430641 0.01328125 0.01552795
0 0.57929687 0.48913043 0.01015625 0.01759834
0 0.63242187 0.48913043 0.01015625 0.02173913
0 0.484375 0.44409937 0.01875 0.02484472
0 0.5546875 0.42184265 0.009375 0.01966873
0 0.47578125 0.41873706 0.0109375 0.01759834
0 0.59179687 0.41252587 0.01953125 0.01552795
0 0.44570312 0.40993788 0.01640625 0.01656314
0 0.56015625 0.39906832 0.0125 0.01966873
0 0.42851562 0.39389233 0.01015625 0.01759834
0 0.67851562 0.38768115 0.01015625 0.01345755
0 0.63085937 0.38405797 0.01015625 0.01035196
0 0.5609375 0.36697722 0.0203125 0.02795031
0 0.64257812 0.34834368 0.02109375 0.02380952
0 0.4140625 0.34368530 0.01875 0.03519668
0 0.5265625 0.33488612 0.0171875 0.02380952
0 0.39453125 0.32556935 0.0140625 0.01759834
0 0.5078125 0.29399585 0.0125 0.01035196
0 0.4296875 0.29761904 0.0171875 0.01759834
0 0.47695312 0.28933747 0.01015625 0.01138716
0 0.58789062 0.28881987 0.01328125 0.01449275
0 0.53125 0.28674948 0.0109375 0.01242236
0 0.60742187 0.26035196 0.01015625 0.01552795
0 0.37539062 0.25828157 0.01171875 0.02173913
0 0.52539062 0.22774327 0.00859375 0.02484472
0 0.40507812 0.22153209 0.01953125 0.01242236
0 0.3890625 0.19099378 0.0171875 0.02380952
0 0.64960937 0.16252587 0.01015625 0.02277432
0 0.51523437 0.15269151 0.01171875 0.01552795
0 0.48515625 0.14958592 0.0171875 0.02380952
0 0.38125 0.11490683 0.009375 0.01242236
0 0.48789062 0.10973084 0.02109375 0.02691511
0 0.57578125 0.09420289 0.015625 0.02070393
0 0.428125 0.08850931 0.009375 0.01345755
0 0.46796875 0.08643892 0.0125 0.01759834
0 0.3515625 0.07194616 0.009375 0.01759834
0 0.33242187 0.06728778 0.01015625 0.01242236
0 0.43359375 0.06418219 0.0171875 0.02070393