0 0.39335937 0.98498964 0.01484375 0.01966873
0 0.36015625 0.97670807 0.009375 0.01345755
0 0.67890625 0.95859213 0.0109375 0.01656314
0 0.61132812 0.93167701 0.01015625 0.01242236
0 0.48632812 0.93115942 0.01328125 0.02173913
0 0.3515625 0.92184265 0.009375 0.01966873
0 0.30234375 0.91770186 0.0171875 0.02380952
0 0.6 0.89130434 0.0140625 0.01656314
0 0.43476562 0.88975155 0.01171875 0.01552795
0 0.58515625 0.89026915 0.015625 0.02484472
0 0.63046875 0.87939958 0.015625 0.00931677
0 0.56640625 0.88250517 0.009375 0.01759834
0 0.35625 0.86180124 0.009375 0.01138716
0 0.46289062 0.85248447 0.01171875 0.01552795
0 0.60859375 0.85196687 0.025 0.03726708
0 0.68320312 0.83799171 0.01640625 0.02380952
0 0.58828125 0.83126293 0.0140625 0.01242236
0 0.36875 0.82867494 0.0109375 0.01345755
0 0.49414062 0.79347826 0.01015625 0.01345755
0 0.68085937 0.77536231 0.00703125 0.01242236
0 0.60039062 0.77950310 0.01640625 0.02070393
0 0.61445312 0.76604554 0.01171875 0.01449275
0 0.32226562 0.75672877 0.01484375 0.01863354
0 0.51132812 0.75517598 0.01328125 0.01759834
0 0.61601562 0.74378881 0.01171875 0.01552795
0 0.43203125 0.72877846 0.0203125 0.01035196
0 0.57695312 0.71739130 0.00859375 0.01449275
0 0.6046875 0.71480331 0.0109375 0.01345755
0 0.40546875 0.69824016 0.021875 0.01759834
0 0.66835937 0.67494824 0.01015625 0.01449275
0 0.29414062 0.65527950 0.01171875 0.02070393
0 0.640625 0.62991718 0.0109375 0.01138716
0 0.66679687 0.63095238 0.01015625 0.01552795
0 0.40703125 0.62732919 0.0109375 0.02070393
0 0.32382812 0.62629399 0.01640625 0.01863354
0 0.66328125 0.61283643 0.0109375 0.01242236
0 0.45429687 0.59265010 0.01171875 0.01138716
0 0.5984375 0.58436853 0.0109375 0.01138716
0 0.68671875 0.57039337 0.0109375 0.01863354
0 0.62929687 0.56935817 0.01171875 0.01863354
0 0.46054687 0.56625258 0.01328125 0.01242236
0 0.440625 0.56573498 0.015625 0.01966873
0 0.51015625 0.56780538 0.0078125 0.02795031
0 0.3921875 0.54813664 0.009375 0.01552795
0 0.67578125 0.54503105 0.0171875 0.02380952
0 0.54570312 0.54399585 0.02265625 0.04037267
0 0.55351562 0.45445134 0.01171875 0.01242236
0 0.42578125 0.44409937 0.0234375 0.01656314
0 0.30273437 0.44047619 0.01171875 0.01966873
0 0.33242187 0.41666666 0.01796875 0.00931677
0 0.61015625 0.41459627 0.009375 0.01138716
0 0.29414062 0.42080745 0.01171875 0.02380952
0 0.509375 0.41149068 0.0171875 0.02380952
0 0.64804687 0.39906832 0.00859375 0.01345755
0 0.47539062 0.39648033 0.01796875 0.01863354
0 0.41210937 0.39026915 0.01015625 0.01449275
0 0.65859375 0.38198757 0.0109375 0.01449275
0 0.58203125 0.37422360 0.0109375 0.01345755
0 0.61289062 0.36853002 0.01640625 0.01863354
0 0.64414062 0.34834368 0.01328125 0.01552795
0 0.51015625 0.34368530 0.009375 0.01656314
0 0.6390625 0.32815734 0.009375 0.01863354
0 0.49179687 0.33747412 0.01796875 0.03726708
0 0.6234375 0.31832298 0.0140625 0.01138716
0 0.51953125 0.30952380 0.0140625 0.01035196
0 0.3734375 0.30486542 0.0171875 0.02380952
0 0.6296875 0.29244306 0.0109375 0.01138716
0 0.49257812 0.29347826 0.01796875 0.01966873
0 0.61523437 0.27277432 0.01171875 0.01552795
0 0.384375 0.26966873 0.0171875 0.02380952
0 0.5046875 0.26086956 0.009375 0.01863354
0 0.62226562 0.22981366 0.01484375 0.01242236
0 0.63320312 0.20652173 0.01328125 0.01966873
0 0.3625 0.20755693 0.009375 0.02173913
0 0.5421875 0.19254658 0.009375 0.01242236
0 0.52265625 0.19409937 0.0125 0.01552795
0 0.5578125 0.18892339 0.0125 0.01345755
0 0.4796875 0.17184265 0.009375 0.01242236
0 0.40859375 0.17494824 0.0109375 0.01863354
0 0.4453125 0.15786749 0.0171875 0.02380952
0 0.4609375 0.13768115 0.021875 0.03519668
0 0.53671875 0.11853002 0.015625 0.01966873
0 0.49140625 0.10817805 0.0140625 0.01552795
0 0.35625 0.09420289 0.0171875 0.01449275
0 0.57578125 0.10248447 0.01875 0.03726708
0 0.34882812 0.05486542 0.01015625 0.01449275
0 0.37304687 0.04865424 0.00859375 0.02277432
0 0.48515625 0.02846790 0.0171875 0.02380952
0 0.43046875 0.01708074 0.0140625 0.01138716
0 0.67070312 0.01293995 0.00703125 0.02587991