0 0.40390625 0.98498964 0.0234375 0.03002070
0 0.34804687 0.97308488 0.00859375 0.02070393
0 0.57304687 0.96066252 0.01328125 0.01035196
0 0.678125 0.96480331 0.0453125 0.03519668
0 0.29414062 0.92857142 0.01640625 0.02277432
0 0.4984375 0.88561076 0.0140625 0.01138716
0 0.51601562 0.88302277 0.00859375 0.01449275
0 0.54375 0.88250517 0.0109375 0.01552795
0 0.34765625 0.87991718 0.0109375 0.01656314
0 0.6796875 0.87474120 0.01875 0.01449275
0 0.609375 0.86801242 0.009375 0.01759834
0 0.64804687 0.85714285 0.01171875 0.01449275
0 0.575 0.85248447 0.0171875 0.02380952
0 0.39882812 0.84316770 0.01171875 0.01759834
0 0.42460937 0.83385093 0.01015625 0.01345755
0 0.65429687 0.82608695 0.01015625 0.01449275
0 0.55390625 0.83074534 0.0171875 0.02380952
0 0.37734375 0.82712215 0.0109375 0.01656314
0 0.37617187 0.80331262 0.00859375 0.01242236
0 0.47773437 0.79089026 0.01484375 0.03105590
0 0.6 0.77536231 0.0140625 0.01656314
0 0.503125 0.77795031 0.0171875 0.02380952
0 0.36679687 0.75672877 0.01640625 0.01035196
0 0.44492187 0.74689440 0.01015625 0.01552795
0 0.39648437 0.75155279 0.02578125 0.03105590
0 0.4734375 0.74016563 0.0109375 0.01656314
0 0.61640625 0.73654244 0.009375 0.01552795
0 0.40585937 0.70652173 0.01484375 0.01138716
0 0.45664062 0.70703933 0.01171875 0.01449275
0 0.56171875 0.69358178 0.0078125 0.01035196
0 0.59882812 0.69202898 0.01953125 0.02173913
0 0.44453125 0.68737060 0.01875 0.02277432
0 0.509375 0.65320910 0.0140625 0.01863354
0 0.38632812 0.64389233 0.01015625 0.02070393
0 0.51289062 0.62836438 0.01640625 0.01242236
0 0.38125 0.61594202 0.015625 0.01035196
0 0.51015625 0.59213250 0.0125 0.01656314
0 0.46875 0.57505175 0.0171875 0.02380952
0 0.49140625 0.55538302 0.0171875 0.02380952
0 0.4625 0.54710144 0.009375 0.01138716
0 0.50585937 0.54761904 0.01171875 0.01656314
0 0.33125 0.54606625 0.0140625 0.01966873
0 0.41679687 0.53778467 0.01015625 0.02173913
0 0.65390625 0.49741200 0.009375 0.01138716
0 0.59140625 0.49741200 0.0203125 0.01138716
0 0.33125 0.49896480 0.009375 0.01449275
0 0.64257812 0.49844720 0.01171875 0.01552795
0 0.53671875 0.48033126 0.0078125 0.00828157
0 0.60664062 0.47877846 0.00859375 0.01138716
0 0.62890625 0.43633540 0.0109375 0.02173913
0 0.403125 0.43064182 0.0109375 0.01449275
0 0.50585937 0.39389233 0.01015625 0.01138716
0 0.365625 0.39182194 0.0109375 0.01966873
0 0.53671875 0.37939958 0.0171875 0.02380952
0 0.49257812 0.36128364 0.01796875 0.01656314
0 0.54414062 0.33902691 0.01015625 0.01966873
0 0.57890625 0.33592132 0.0125 0.01759834
0 0.56484375 0.32815734 0.0125 0.01035196
0 0.39609375 0.32608695 0.009375 0.01035196
0 0.48125 0.32608695 0.0171875 0.01449275
0 0.61679687 0.31159420 0.01015625 0.01242236
0 0.42070312 0.29192546 0.01328125 0.02070393
0 0.60039062 0.29606625 0.01484375 0.03105590
0 0.40507812 0.26242236 0.01171875 0.01345755
0 0.59179687 0.25724637 0.01015625 0.01345755
0 0.48320312 0.24016563 0.01484375 0.01449275
0 0.40859375 0.22101449 0.009375 0.01552795
0 0.38828125 0.21325051 0.0125 0.01449275
0 0.62851562 0.20859213 0.00703125 0.01138716
0 0.36523437 0.20031055 0.01484375 0.01552795
0 0.4671875 0.20031055 0.0171875 0.02380952
0 0.51992187 0.18892339 0.01640625 0.01759834
0 0.49140625 0.17494824 0.0109375 0.02484472
0 0.50585937 0.15320910 0.01015625 0.01449275
0 0.41171875 0.14906832 0.0125 0.01035196
0 0.55546875 0.12422360 0.0203125 0.01449275
0 0.61835937 0.12267080 0.02109375 0.02795031
0 0.515625 0.11283643 0.0171875 0.01449275
0 0.49921875 0.11231884 0.0125 0.01759834
0 0.57890625 0.10144927 0.0109375 0.01242236
0 0.59726562 0.09057971 0.01015625 0.01345755
0 0.61132812 0.08178053 0.01484375 0.01863354
0 0.58125 0.07505175 0.01875 0.00931677
0 0.53710937 0.07194616 0.02734375 0.02587991
0 0.359375 0.06469979 0.0109375 0.01552795
0 0.553125 0.05279503 0.0140625 0.01863354
0 0.45273437 0.02484472 0.01484375 0.01242236
0 0.37695312 0.02950310 0.01015625 0.02173913
0 0.29414062 0.01863354 0.01328125 0.01656314