0 0.43359375 0.96946169 0.0171875 0.02380952
0 0.39296875 0.95393374 0.0109375 0.01552795
0 0.38242187 0.90269151 0.01484375 0.01656314
0 0.49960937 0.89285714 0.01171875 0.01138716
0 0.57773437 0.89182194 0.01171875 0.01552795
0 0.31328125 0.88768115 0.0125 0.01759834
0 0.39414062 0.87732919 0.01171875 0.01759834
0 0.61015625 0.87629399 0.0171875 0.02380952
0 0.32070312 0.86024844 0.01328125 0.01449275
0 0.3640625 0.85093167 0.009375 0.01242236
0 0.490625 0.83178053 0.009375 0.01138716
0 0.45546875 0.83281573 0.0171875 0.02380952
0 0.29648437 0.82039337 0.01640625 0.02380952
0 0.35546875 0.80900621 0.0125 0.01759834
0 0.57109375 0.80797101 0.0171875 0.02380952
0 0.4421875 0.79865424 0.0125 0.01552795
0 0.53554687 0.79296066 0.01328125 0.01863354
0 0.37851562 0.78416149 0.01171875 0.01138716
0 0.3609375 0.78519668 0.009375 0.01345755
0 0.646875 0.78416149 0.0109375 0.01552795
0 0.5921875 0.77277432 0.0171875 0.02380952
0 0.44882812 0.76242236 0.01171875 0.01345755
0 0.61523437 0.75310559 0.01015625 0.01552795
0 0.40898437 0.75 0.00859375 0.01138716
0 0.50351562 0.74637681 0.01328125 0.01863354
0 0.340625 0.74637681 0.0078125 0.01863354
0 0.46953125 0.72877846 0.015625 0.01242236
0 0.44023437 0.71273291 0.01171875 0.01552795
0 0.5765625 0.71066252 0.0109375 0.01345755
0 0.60546875 0.68995859 0.015625 0.01759834
0 0.52304687 0.64078674 0.02265625 0.01035196
0 0.43632812 0.63354037 0.01015625 0.01656314
0 0.50351562 0.62784679 0.01171875 0.02173913
0 0.57578125 0.62525879 0.01875 0.02277432
0 0.65546875 0.61697722 0.0109375 0.01656314
0 0.67734375 0.62060041 0.0078125 0.03002070
0 0.52617187 0.61387163 0.01171875 0.02070393
0 0.4265625 0.60196687 0.0078125 0.01552795
0 0.37421875 0.60610766 0.025 0.03002070
0 0.5609375 0.57867494 0.0109375 0.01449275
0 0.62578125 0.55848861 0.0078125 0.01345755
0 0.33828125 0.56728778 0.0203125 0.03933747
0 0.37617187 0.54658385 0.00859375 0.01242236
0 0.38515625 0.55020703 0.0109375 0.02587991
0 0.35078125 0.53778467 0.0109375 0.01552795
0 0.32734375 0.52070393 0.0109375 0.01449275
0 0.503125 0.51449275 0.009375 0.01449275
0 0.37226562 0.49792960 0.01796875 0.01449275
0 0.6640625 0.46221532 0.015625 0.01345755
0 0.3421875 0.46118012 0.0234375 0.01138716
0 0.43046875 0.46014492 0.0171875 0.02380952
0 0.62695312 0.44668737 0.01015625 0.01138716
0 0.31601562 0.45289855 0.01328125 0.03416149
0 0.675 0.44668737 0.01875 0.03209109
0 0.29726562 0.43426501 0.01328125 0.01345755
0 0.50078125 0.42701863 0.0234375 0.02795031
0 0.63007812 0.41304347 0.01015625 0.01449275
0 0.4703125 0.40579710 0.009375 0.01863354
0 0.35585937 0.40217391 0.01328125 0.01552795
0 0.43476562 0.39596273 0.01015625 0.01552795
0 0.60273437 0.39492753 0.01484375 0.01552795
0 0.46835937 0.37732919 0.01015625 0.01759834
0 0.60976562 0.37060041 0.01796875 0.01656314
0 0.55273437 0.36853002 0.01484375 0.01656314
0 0.39609375 0.37008281 0.0171875 0.02380952
0 0.44140625 0.35507246 0.0171875 0.01242236
0 0.34921875 0.35559006 0.0140625 0.01552795
0 0.35625 0.32349896 0.0140625 0.00931677
0 0.64648437 0.32091097 0.01640625 0.01242236
0 0.4765625 0.32246376 0.0140625 0.01552795
0 0.41328125 0.32298136 0.0125 0.01863354
0 0.56015625 0.30797101 0.0171875 0.02380952
0 0.42382812 0.29865424 0.01171875 0.01345755
0 0.55078125 0.28209109 0.0140625 0.01966873
0 0.35195312 0.27795031 0.01328125 0.01345755
0 0.45976562 0.27484472 0.02265625 0.01552795
0 0.6375 0.27122153 0.0140625 0.01242236
0 0.5 0.25103519 0.0125 0.01345755
0 0.54882812 0.23188405 0.01171875 0.01449275
0 0.43203125 0.22929606 0.0109375 0.01345755
0 0.58125 0.21894409 0.0171875 0.02380952
0 0.57929687 0.19151138 0.01015625 0.01242236
0 0.4 0.18685300 0.0171875 0.01138716
0 0.434375 0.18167701 0.0171875 0.02587991
0 0.396875 0.16925465 0.0125 0.01552795
0 0.41132812 0.14648033 0.01796875 0.01138716
0 0.42773437 0.12836438 0.01640625 0.01449275
0 0.52890625 0.12060041 0.0078125 0.02380952
0 0.59335937 0.09472049 0.01171875 0.01345755
0 0.52109375 0.09730848 0.021875 0.02070393
0 0.43320312 0.07556935 0.00703125 0.02484472
0 0.57890625 0.06418219 0.0171875 0.01449275
0 0.32460937 0.03157349 0.01796875 0.02380952
0 0.46523437 0.00879917 0.01015625 0.01759834