0 0.40625 0.88975155 0.0203125 0.01552795
0 0.44179687 0.83281573 0.01640625 0.02173913
0 0.60859375 0.71687370 0.0140625 0.02380952
0 0.63398437 0.71118012 0.01484375 0.01449275
0 0.5890625 0.66718426 0.01875 0.01966873
0 0.5109375 0.50672877 0.0140625 0.01966873
0 0.41054687 0.45755693 0.02578125 0.02484472
0 0.371875 0.45652173 0.01875 0.02484472
0 0.32617187 0.43840579 0.01484375 0.03002070
0 0.5734375 0.42236024 0.0203125 0.02277432
0 0.40820312 0.36024844 0.02421875 0.02277432
0 0.51015625 0.30590062 0.0203125 0.01552795
0 0.59765625 0.23964803 0.0203125 0.02795031