0 0.67148437 0.86231884 0.01953125 0.02484472
0 0.40976562 0.82349896 0.01640625 0.04037267
0 0.49921875 0.80124223 0.0234375 0.02070393
0 0.57070312 0.75724637 0.05234375 0.05279503
0 0.40976562 0.74171842 0.01640625 0.04037267
0 0.66992187 0.61387163 0.03046875 0.03105590
0 0.67265625 0.54399585 0.021875 0.03002070
0 0.578125 0.43167701 0.0296875 0.04140786
0 0.48632812 0.37888198 0.01640625 0.02691511
0 0.6390625 0.36283643 0.01875 0.01759834
0 0.53515625 0.31314699 0.025 0.02795031
0 0.609375 0.29658385 0.01875 0.01552795
0 0.56796875 0.22101449 0.015625 0.02173913
0 0.44335937 0.20962732 0.02421875 0.01966873
0 0.35703125 0.12681159 0.0203125 0.02587991
0 0.38242187 0.06728778 0.01328125 0.02277432