0 0.52265625 0.98706004 0.0171875 0.02380952
0 0.57226562 0.96325051 0.01953125 0.01138716
0 0.37734375 0.96325051 0.0171875 0.02380952
0 0.42695312 0.94099378 0.01484375 0.01449275
0 0.51445312 0.93944099 0.01953125 0.01552795
0 0.47578125 0.89906832 0.0125 0.01345755
0 0.60664062 0.89906832 0.00859375 0.01759834
0 0.54804687 0.88405797 0.01328125 0.01449275
0 0.6703125 0.86853002 0.0125 0.01449275
0 0.45429687 0.84368530 0.01015625 0.01449275
0 0.51054687 0.85714285 0.02109375 0.04347826
0 0.3890625 0.84109730 0.0125 0.02173913
0 0.6515625 0.83385093 0.0109375 0.01552795
0 0.52539062 0.82971014 0.01328125 0.00931677
0 0.5390625 0.83488612 0.0171875 0.02173913
0 0.56367187 0.82246376 0.01015625 0.01966873
0 0.30703125 0.81728778 0.0125 0.01759834
0 0.55234375 0.80590062 0.0078125 0.01759834
0 0.32382812 0.79813664 0.01640625 0.01242236
0 0.32578125 0.78157349 0.021875 0.01242236
0 0.54257812 0.77277432 0.01171875 0.01345755
0 0.503125 0.76449275 0.009375 0.01138716
0 0.68046875 0.76604554 0.0203125 0.01863354
0 0.62773437 0.74689440 0.01953125 0.01759834
0 0.51953125 0.74792960 0.0171875 0.02380952
0 0.41132812 0.74171842 0.01328125 0.01345755
0 0.465625 0.74585921 0.0171875 0.02380952
0 0.3890625 0.73809523 0.00625 0.01242236
0 0.3546875 0.73136645 0.0125 0.01552795
0 0.54726562 0.73033126 0.01171875 0.02380952
0 0.59375 0.69979296 0.0125 0.01449275
0 0.46289062 0.68685300 0.01328125 0.02173913
0 0.4375 0.68167701 0.0109375 0.01138716
0 0.665625 0.68426501 0.009375 0.01863354
0 0.35195312 0.67236024 0.01484375 0.01966873
0 0.51679687 0.66925465 0.01171875 0.01552795
0 0.5671875 0.66200828 0.0171875 0.02380952
0 0.31640625 0.65372670 0.0109375 0.01552795
0 0.6734375 0.63198757 0.0171875 0.02380952
0 0.43046875 0.62474120 0.0171875 0.02380952
0 0.64921875 0.59679089 0.0125 0.01345755
0 0.3484375 0.59989648 0.0265625 0.02173913
0 0.38203125 0.57142857 0.009375 0.01242236
0 0.5234375 0.54710144 0.0078125 0.01552795
0 0.634375 0.54037267 0.0140625 0.02484472
0 0.62890625 0.49016563 0.0140625 0.01966873
0 0.66640625 0.48602484 0.0171875 0.02380952
0 0.5609375 0.49171842 0.0171875 0.03519668
0 0.63515625 0.45186335 0.0140625 0.01759834
0 0.59765625 0.44616977 0.0125 0.01656314
0 0.38203125 0.43581780 0.015625 0.01863354
0 0.42539062 0.43115942 0.00859375 0.01138716
0 0.56796875 0.42857142 0.009375 0.01656314
0 0.41328125 0.39855072 0.009375 0.01449275
0 0.31875 0.39492753 0.0140625 0.01552795
0 0.48632812 0.37474120 0.01328125 0.01242236
0 0.3421875 0.36645962 0.0125 0.01863354
0 0.378125 0.35610766 0.0078125 0.01242236
0 0.51875 0.33747412 0.0109375 0.02070393
0 0.39765625 0.33333333 0.009375 0.01449275
0 0.62304687 0.30797101 0.01640625 0.02587991
0 0.57070312 0.30900621 0.02890625 0.03416149
0 0.41367187 0.29296066 0.01171875 0.01449275
0 0.38554687 0.29140786 0.01328125 0.01552795
0 0.3328125 0.27898550 0.0140625 0.02380952
0 0.371875 0.27173913 0.0125 0.01552795
0 0.4171875 0.24430641 0.0125 0.01449275
0 0.33632812 0.22256728 0.01796875 0.01449275
0 0.57226562 0.21790890 0.01640625 0.01759834
0 0.471875 0.20652173 0.0171875 0.02380952
0 0.64101562 0.19254658 0.00859375 0.01656314
0 0.48359375 0.18374741 0.0078125 0.01345755
0 0.453125 0.17184265 0.0171875 0.01863354
0 0.41132812 0.16873706 0.01796875 0.02484472
0 0.43125 0.16045548 0.0109375 0.01449275
0 0.403125 0.12888198 0.009375 0.01138716
0 0.42851562 0.12939958 0.01640625 0.02277432
0 0.52226562 0.13405797 0.01328125 0.03416149
0 0.35195312 0.12370600 0.01015625 0.01345755
0 0.44726562 0.12111801 0.01015625 0.01035196
0 0.60351562 0.10714285 0.01171875 0.01759834
0 0.44140625 0.09057971 0.0109375 0.01552795
0 0.41875 0.08281573 0.0109375 0.01242236
0 0.38554687 0.08022774 0.00859375 0.01759834
0 0.52929687 0.07505175 0.01171875 0.01759834
0 0.61054687 0.05641821 0.01328125 0.00931677
0 0.62890625 0.04399585 0.0078125 0.01138716
0 0.5765625 0.03416149 0.021875 0.01656314
0 0.31640625 0.02070393 0.0109375 0.02070393
0 0.53203125 0.01293995 0.015625 0.02380952
0 0.43007812 0.00621118 0.02265625 0.01242236