0 0.67773437 0.95134575 0.01328125 0.02070393
0 0.57421875 0.84006211 0.021875 0.01966873
0 0.63984375 0.79968944 0.0125 0.01345755
0 0.57851562 0.76501035 0.02421875 0.04347826
0 0.4265625 0.73602484 0.015625 0.02070393
0 0.56132812 0.72567287 0.01171875 0.02070393
0 0.58320312 0.71066252 0.01328125 0.01966873
0 0.60078125 0.70289855 0.0203125 0.02070393
0 0.61640625 0.63612836 0.0171875 0.01966873
0 0.43242187 0.58592132 0.00546875 0.02277432
0 0.49414062 0.53674948 0.01328125 0.01759834
0 0.34960937 0.42857142 0.01484375 0.02070393
0 0.6078125 0.40890269 0.009375 0.01449275
0 0.3796875 0.38819875 0.015625 0.01656314
0 0.609375 0.38509316 0.0203125 0.02691511
0 0.42070312 0.37111801 0.02734375 0.02173913
0 0.371875 0.28985507 0.015625 0.02277432
0 0.56328125 0.28416149 0.009375 0.03002070
0 0.55585937 0.24792960 0.01640625 0.01966873
0 0.35039062 0.20962732 0.01796875 0.02795031
0 0.58515625 0.10455486 0.009375 0.01449275