0 0.62773437 0.88612836 0.01640625 0.02070393
0 0.4875 0.86335403 0.025 0.02898550
0 0.453125 0.85559006 0.021875 0.01552795
0 0.40976562 0.82349896 0.01640625 0.04037267
0 0.47539062 0.80072463 0.01640625 0.01966873
0 0.34023437 0.77122153 0.02265625 0.02070393
0 0.63828125 0.76759834 0.015625 0.02173913
0 0.40976562 0.73240165 0.01640625 0.02173913
0 0.59765625 0.69409937 0.0125 0.01552795
0 0.62617187 0.65217391 0.01796875 0.02277432
0 0.65078125 0.58385093 0.040625 0.03726708
0 0.57773437 0.54347826 0.02421875 0.01449275
0 0.33007812 0.49120082 0.06328125 0.14182194
0 0.609375 0.29658385 0.01875 0.01552795
0 0.52773437 0.29606625 0.01640625 0.02484472