0 0.49921875 0.87784679 0.015625 0.01656314
0 0.53867187 0.84368530 0.02109375 0.02691511
0 0.59492187 0.82505175 0.01640625 0.01449275
0 0.64023437 0.83488612 0.03203125 0.06107660
0 0.61210937 0.60300207 0.01953125 0.03002070
0 0.653125 0.57453416 0.0328125 0.01863354
0 0.5109375 0.50672877 0.0140625 0.01966873
0 0.465625 0.48550724 0.0171875 0.03105590
0 0.3078125 0.47360248 0.01875 0.04451345
0 0.57460937 0.35351966 0.02734375 0.02587991
0 0.375 0.33436853 0.015625 0.02484472
0 0.42265625 0.31677018 0.0296875 0.02070393
0 0.4765625 0.29554865 0.0140625 0.02173913