0 0.35664062 0.99482401 0.00859375 0.01035196
0 0.32695312 0.97360248 0.01796875 0.01759834
0 0.42695312 0.95082815 0.01640625 0.01552795
0 0.3359375 0.94254658 0.01875 0.01759834
0 0.30742187 0.94358178 0.00859375 0.02587991
0 0.57304687 0.91459627 0.01171875 0.01759834
0 0.45976562 0.91200828 0.00859375 0.01449275
0 0.571875 0.88405797 0.0109375 0.01449275
0 0.61484375 0.87111801 0.009375 0.01552795
0 0.56015625 0.87060041 0.028125 0.03726708
0 0.46914062 0.85041407 0.01640625 0.02587991
0 0.59101562 0.84006211 0.01171875 0.01966873
0 0.38789062 0.82867494 0.01796875 0.02173913
0 0.40078125 0.81728778 0.009375 0.01759834
0 0.58789062 0.81314699 0.01015625 0.01345755
0 0.65039062 0.80383022 0.01015625 0.01138716
0 0.60195312 0.80227743 0.01171875 0.01656314
0 0.60351562 0.78053830 0.01484375 0.01449275
0 0.45078125 0.78312629 0.0171875 0.02380952
0 0.5140625 0.77380952 0.0171875 0.02380952
0 0.6390625 0.77536231 0.0109375 0.02898550
0 0.31328125 0.75362318 0.0265625 0.03312629
0 0.6609375 0.72463768 0.0171875 0.02484472
0 0.62265625 0.71221532 0.009375 0.01242236
0 0.4859375 0.71118012 0.0125 0.01449275
0 0.57382812 0.71014492 0.01015625 0.01656314
0 0.62148437 0.67857142 0.01171875 0.01552795
0 0.3953125 0.65890269 0.0078125 0.00931677
0 0.64296875 0.65890269 0.01875 0.01345755
0 0.32617187 0.64906832 0.01640625 0.01656314
0 0.48398437 0.63561076 0.01171875 0.01449275
0 0.64414062 0.60817805 0.01484375 0.01759834
0 0.61835937 0.60300207 0.00859375 0.01138716
0 0.42109375 0.59782608 0.0140625 0.01966873
0 0.6796875 0.58022774 0.0109375 0.01345755
0 0.475 0.58229813 0.0171875 0.02380952
0 0.65625 0.55952380 0.0109375 0.01345755
0 0.66367187 0.54503105 0.00859375 0.01138716
0 0.51914062 0.54606625 0.01328125 0.01552795
0 0.6359375 0.54140786 0.009375 0.01035196
0 0.47109375 0.53830227 0.009375 0.01242236
0 0.58867187 0.53105590 0.01484375 0.01449275
0 0.44921875 0.52846790 0.0171875 0.02380952
0 0.32578125 0.51656314 0.0109375 0.01242236
0 0.4265625 0.51656314 0.028125 0.02070393
0 0.54453125 0.51552795 0.0296875 0.02277432
0 0.465625 0.49896480 0.0140625 0.01656314
0 0.425 0.49534161 0.025 0.01966873
0 0.44882812 0.48706004 0.01640625 0.01138716
0 0.33867187 0.48706004 0.01328125 0.01552795
0 0.52460937 0.47101449 0.01328125 0.01863354
0 0.46445312 0.45652173 0.01015625 0.01656314
0 0.49804687 0.45600414 0.02109375 0.02587991
0 0.63007812 0.43478260 0.01171875 0.01449275
0 0.60273437 0.43892339 0.01484375 0.02277432
0 0.64335937 0.43478260 0.01171875 0.01656314
0 0.57851562 0.43064182 0.01328125 0.01449275
0 0.55898437 0.41356107 0.01171875 0.01345755
0 0.40820312 0.41200828 0.02109375 0.02898550
0 0.35429687 0.38612836 0.01328125 0.01863354
0 0.40273437 0.36645962 0.01015625 0.01449275
0 0.48164062 0.32194616 0.01171875 0.01242236
0 0.57421875 0.29503105 0.015625 0.01035196
0 0.38710937 0.28416149 0.01640625 0.01759834
0 0.6390625 0.27846790 0.0125 0.01863354
0 0.4109375 0.26449275 0.0171875 0.02380952
0 0.51015625 0.25207039 0.009375 0.01345755
0 0.47695312 0.21480331 0.01171875 0.01552795
0 0.53515625 0.18633540 0.0140625 0.01656314
0 0.39726562 0.15942028 0.01484375 0.01656314
0 0.415625 0.15683229 0.0171875 0.02380952
0 0.37304687 0.13975155 0.00703125 0.01035196
0 0.4203125 0.13095238 0.0140625 0.01345755
0 0.40429687 0.11128364 0.00859375 0.01759834
0 0.58164062 0.10351966 0.01484375 0.01863354
0 0.51210937 0.09575569 0.01171875 0.01345755
0 0.39335937 0.09472049 0.01640625 0.02173913
0 0.41445312 0.06573498 0.01015625 0.02587991
0 0.58320312 0.04658385 0.01484375 0.02277432
0 0.51875 0.03726708 0.0140625 0.02070393
0 0.65273437 0.02587991 0.01015625 0.02070393
0 0.49882812 0.02225672 0.02421875 0.02380952
0 0.609375 0.01345755 0.0078125 0.01035196
0 0.63671875 0.00465838 0.0078125 0.00931677