0 0.675 0.87422360 0.0140625 0.01966873
0 0.50234375 0.82556935 0.0125 0.01345755
0 0.44101562 0.81780538 0.01484375 0.01863354
0 0.46914062 0.70496894 0.01328125 0.01863354
0 0.60859375 0.69875776 0.0171875 0.02898550
0 0.646875 0.66977225 0.0125 0.01656314
0 0.31445312 0.66511387 0.01640625 0.01345755
0 0.58710937 0.65217391 0.01484375 0.02070393
0 0.58125 0.60248447 0.015625 0.01863354
0 0.50195312 0.53519668 0.01796875 0.02691511
0 0.31289062 0.50258799 0.01640625 0.01966873
0 0.56835937 0.49792960 0.01171875 0.01656314
0 0.66757812 0.44772256 0.01953125 0.03830227
0 0.29453125 0.42753623 0.0125 0.01035196
0 0.40039062 0.39492753 0.00859375 0.01966873
0 0.68359375 0.39803312 0.0171875 0.02795031
0 0.61914062 0.39337474 0.03046875 0.02691511
0 0.33164062 0.38302277 0.01640625 0.02691511
0 0.58125 0.34368530 0.0109375 0.01863354
0 0.52695312 0.28519668 0.02421875 0.03623188
0 0.43554687 0.24120082 0.01953125 0.02070393
0 0.49609375 0.17546583 0.0234375 0.02587991
0 0.51289062 0.06780538 0.01484375 0.02587991
0 0.3125 0.00621118 0.0109375 0.01242236