0 0.36328125 0.99378881 0.009375 0.01242236
0 0.5015625 0.97153209 0.0171875 0.01552795
0 0.3328125 0.97412008 0.0171875 0.02277432
0 0.3984375 0.96842650 0.0171875 0.02380952
0 0.35390625 0.96118012 0.009375 0.02795031
0 0.64921875 0.92546583 0.009375 0.01863354
0 0.33476562 0.91925465 0.01015625 0.01242236
0 0.60390625 0.90838509 0.0125 0.02380952
0 0.46992187 0.90993788 0.01796875 0.03105590
0 0.6546875 0.88405797 0.0078125 0.01449275
0 0.628125 0.87681159 0.0109375 0.01449275
0 0.39414062 0.86697722 0.00859375 0.01345755
0 0.36679687 0.86697722 0.01171875 0.01759834
0 0.509375 0.85041407 0.009375 0.01552795
0 0.465625 0.85973084 0.03125 0.03830227
0 0.53007812 0.84730848 0.00859375 0.01966873
0 0.50273437 0.83799171 0.00546875 0.00724637
0 0.29492187 0.84006211 0.01328125 0.01138716
0 0.68398437 0.83074534 0.01015625 0.01345755
0 0.4515625 0.82142857 0.0265625 0.02587991
0 0.57929687 0.79710144 0.01484375 0.02070393
0 0.65742187 0.78674948 0.01171875 0.01242236
0 0.35390625 0.78002070 0.015625 0.01759834
0 0.49726562 0.76501035 0.01171875 0.01656314
0 0.58398437 0.75207039 0.01015625 0.01345755
0 0.45859375 0.74016563 0.0109375 0.02070393
0 0.54882812 0.73084886 0.01328125 0.01656314
0 0.32617187 0.72929606 0.03046875 0.02380952
0 0.56640625 0.68012422 0.0109375 0.01449275
0 0.64921875 0.64544513 0.0140625 0.01552795
0 0.38164062 0.64855072 0.00859375 0.02173913
0 0.32578125 0.64855072 0.0171875 0.02380952
0 0.51015625 0.65165631 0.0234375 0.03416149
0 0.42734375 0.63716356 0.0109375 0.01345755
0 0.33046875 0.61904761 0.015625 0.01449275
0 0.67617187 0.60507246 0.01015625 0.01345755
0 0.59492187 0.59575569 0.01171875 0.01552795
0 0.29648437 0.59057971 0.01484375 0.01345755
0 0.45234375 0.58643892 0.0171875 0.02380952
0 0.3421875 0.58126293 0.0171875 0.02380952
0 0.41796875 0.57712215 0.009375 0.01759834
0 0.34140625 0.55072463 0.0109375 0.01449275
0 0.35351562 0.54917184 0.00859375 0.01345755
0 0.41484375 0.53881987 0.0125 0.01552795
0 0.45859375 0.51708074 0.0125 0.01552795
0 0.6265625 0.51035196 0.009375 0.01656314
0 0.52851562 0.50155279 0.01484375 0.02587991
0 0.43632812 0.48757763 0.00859375 0.01242236
0 0.55273437 0.49068322 0.01328125 0.03726708
0 0.52148437 0.48188405 0.00859375 0.02380952
0 0.50898437 0.47204968 0.00859375 0.01242236
0 0.3140625 0.47101449 0.0109375 0.01863354
0 0.52578125 0.45186335 0.015625 0.01138716
0 0.39296875 0.44616977 0.0125 0.01863354
0 0.37773437 0.44358178 0.01328125 0.02173913
0 0.3515625 0.43219461 0.0140625 0.01345755
0 0.50976562 0.42494824 0.01484375 0.01345755
0 0.31054687 0.42184265 0.01171875 0.01345755
0 0.43085937 0.42236024 0.01015625 0.01656314
0 0.30625 0.38457556 0.0171875 0.02380952
0 0.3484375 0.36076604 0.0078125 0.00931677
0 0.40117187 0.35973084 0.01171875 0.01345755
0 0.5640625 0.34730848 0.009375 0.01966873
0 0.64648437 0.33799171 0.01015625 0.01345755
0 0.43671875 0.32712215 0.025 0.02277432
0 0.51054687 0.31521739 0.03046875 0.02380952
0 0.55390625 0.29917184 0.0109375 0.02070393
0 0.465625 0.29554865 0.0125 0.01759834
0 0.353125 0.29140786 0.0171875 0.02380952
0 0.61484375 0.26759834 0.0171875 0.01759834
0 0.45351562 0.25776397 0.01171875 0.01656314
0 0.4390625 0.25207039 0.0140625 0.01138716
0 0.59765625 0.23964803 0.028125 0.02795031
0 0.41796875 0.23136645 0.0125 0.01345755
0 0.44179687 0.22567287 0.01171875 0.01449275
0 0.378125 0.21894409 0.0109375 0.02173913
0 0.55390625 0.21739130 0.009375 0.02070393
0 0.50625 0.19616977 0.0171875 0.02380952
0 0.396875 0.19099378 0.021875 0.03416149
0 0.5859375 0.13612836 0.0171875 0.02380952
0 0.55234375 0.12629399 0.0234375 0.01035196
0 0.63242187 0.10559006 0.01015625 0.01035196
0 0.33789062 0.11076604 0.02265625 0.02484472
0 0.61132812 0.10144927 0.01015625 0.01035196
0 0.53515625 0.03623188 0.0125 0.02070393
0 0.67617187 0.02950310 0.00859375 0.01345755
0 0.41875 0.02846790 0.0203125 0.01138716
0 0.68632812 0.01242236 0.01015625 0.01242236
0 0.36757812 0.00983436 0.01640625 0.01759834
0 0.63789062 0.00569358 0.01015625 0.01138716