0 0.40390625 0.85610766 0.0203125 0.02691511
0 0.5234375 0.84472049 0.0234375 0.01863354
0 0.42578125 0.82401656 0.015625 0.03105590
0 0.3171875 0.79347826 0.0203125 0.02795031
0 0.55976562 0.76811594 0.01640625 0.02277432
0 0.35820312 0.76397515 0.01796875 0.02070393
0 0.35898437 0.73395445 0.01484375 0.01449275
0 0.58789062 0.71997929 0.01640625 0.01966873
0 0.55859375 0.69047619 0.0140625 0.01449275
0 0.55859375 0.63198757 0.0265625 0.03623188
0 0.5609375 0.53674948 0.021875 0.03830227
0 0.43164062 0.43840579 0.01796875 0.01966873
0 0.58359375 0.33902691 0.0203125 0.01966873
0 0.60898437 0.28053830 0.02109375 0.01449275
0 0.59765625 0.23964803 0.0203125 0.02795031