0 0.63671875 0.88043478 0.034375 0.03209109
0 0.53867187 0.84368530 0.02109375 0.02691511
0 0.66992187 0.84523809 0.01484375 0.03416149
0 0.60507812 0.82142857 0.01640625 0.01966873
0 0.35703125 0.80641821 0.0203125 0.02484472
0 0.3171875 0.78467908 0.0203125 0.04554865
0 0.6203125 0.77743271 0.021875 0.06418219
0 0.4578125 0.75207039 0.015625 0.01966873
0 0.61367187 0.73395445 0.01796875 0.01656314
0 0.57773437 0.54347826 0.02421875 0.01449275
0 0.44453125 0.54399585 0.0234375 0.01552795
0 0.59296875 0.47515527 0.0234375 0.02277432
0 0.32695312 0.47153209 0.01484375 0.02173913
0 0.43476562 0.39440993 0.01640625 0.02484472
0 0.540625 0.38198757 0.021875 0.03312629
0 0.6390625 0.36283643 0.01875 0.01759834
0 0.47929687 0.32091097 0.01953125 0.02898550
0 0.42265625 0.31677018 0.0296875 0.02070393
0 0.60898437 0.28053830 0.02109375 0.01449275
0 0.5765625 0.25931677 0.01875 0.02380952
0 0.61445312 0.21946169 0.02890625 0.03726708