0 0.48828125 0.97774327 0.0140625 0.01759834
0 0.29882812 0.97101449 0.01171875 0.01449275
0 0.55898437 0.96894409 0.02421875 0.03933747
0 0.35234375 0.95238095 0.009375 0.01449275
0 0.59960937 0.92028985 0.01015625 0.01863354
0 0.65898437 0.91045548 0.01015625 0.01345755
0 0.5421875 0.89389233 0.0171875 0.02380952
0 0.43984375 0.88509316 0.015625 0.01449275
0 0.39492187 0.88250517 0.01328125 0.01759834
0 0.35273437 0.87577639 0.01328125 0.01449275
0 0.41640625 0.87888198 0.0140625 0.02484472
0 0.64492187 0.86749482 0.01328125 0.01449275
0 0.61640625 0.85351966 0.0171875 0.02380952
0 0.36328125 0.82971014 0.0078125 0.00931677
0 0.4 0.82091097 0.0125 0.01449275
0 0.53398437 0.81728778 0.01015625 0.01138716
0 0.58359375 0.79606625 0.0125 0.03105590
0 0.5046875 0.78571428 0.0125 0.01242236
0 0.29921875 0.78881987 0.021875 0.02277432
0 0.51757812 0.77277432 0.00859375 0.01552795
0 0.31757812 0.75621118 0.01328125 0.03209109
0 0.50429687 0.74689440 0.01484375 0.01759834
0 0.52265625 0.71583850 0.009375 0.01345755
0 0.59492187 0.69979296 0.01484375 0.01656314
0 0.39296875 0.67598343 0.0125 0.01449275
0 0.68085937 0.66614906 0.01328125 0.02173913
0 0.6078125 0.65113871 0.009375 0.01449275
0 0.52304687 0.63923395 0.01328125 0.01759834
0 0.63359375 0.64233954 0.0171875 0.02587991
0 0.34375 0.61180124 0.0125 0.01449275
0 0.57226562 0.59782608 0.01328125 0.01966873
0 0.41679687 0.59523809 0.01015625 0.01449275
0 0.60546875 0.60507246 0.0296875 0.03623188
0 0.32148437 0.56884057 0.01796875 0.01759834
0 0.50898437 0.55745341 0.00859375 0.00931677
0 0.54375 0.55693581 0.0171875 0.02070393
0 0.31445312 0.54865424 0.01015625 0.01449275
0 0.39296875 0.53881987 0.0109375 0.00931677
0 0.38320312 0.53881987 0.00703125 0.00931677
0 0.62890625 0.54296066 0.0140625 0.01966873
0 0.56328125 0.52898550 0.0078125 0.01242236
0 0.62578125 0.52536231 0.0078125 0.01345755
0 0.68554687 0.52587991 0.01328125 0.01656314
0 0.48945312 0.51449275 0.01015625 0.01449275
0 0.51953125 0.51552795 0.0109375 0.01863354
0 0.48203125 0.49792960 0.01875 0.02484472
0 0.5328125 0.49068322 0.0171875 0.03105590
0 0.30820312 0.47774327 0.01015625 0.01345755
0 0.39257812 0.46635610 0.01171875 0.02380952
0 0.45585937 0.45910973 0.01640625 0.02587991
0 0.33242187 0.46066252 0.02109375 0.02898550
0 0.36054687 0.45755693 0.02421875 0.02898550
0 0.53359375 0.43737060 0.0109375 0.01552795
0 0.35507812 0.43115942 0.01171875 0.01759834
0 0.6234375 0.41821946 0.0109375 0.01656314
0 0.44453125 0.41977225 0.0140625 0.01966873
0 0.5 0.41459627 0.0171875 0.01138716
0 0.65859375 0.40217391 0.0109375 0.01345755
0 0.52265625 0.40320910 0.0078125 0.02173913
0 0.43203125 0.39182194 0.009375 0.01552795
0 0.29960937 0.38509316 0.01640625 0.02070393
0 0.53320312 0.35766045 0.00859375 0.01552795
0 0.4171875 0.35351966 0.0140625 0.01138716
0 0.62851562 0.35248447 0.00859375 0.01138716
0 0.47695312 0.31935817 0.01953125 0.01552795
0 0.38125 0.31418219 0.0109375 0.01552795
0 0.52578125 0.28881987 0.0140625 0.01656314
0 0.596875 0.28571428 0.04375 0.04554865
0 0.475 0.25258799 0.0140625 0.03105590
0 0.62890625 0.22670807 0.0140625 0.01863354
0 0.49140625 0.21790890 0.015625 0.01345755
0 0.34570312 0.20134575 0.01015625 0.01345755
0 0.44570312 0.19358178 0.01484375 0.01863354
0 0.33007812 0.19151138 0.00703125 0.01656314
0 0.44921875 0.16149068 0.009375 0.01656314
0 0.625 0.15683229 0.0171875 0.02380952
0 0.51171875 0.15269151 0.0125 0.01552795
0 0.6453125 0.15476190 0.0171875 0.02380952
0 0.59765625 0.14803312 0.0125 0.01656314
0 0.35429687 0.14182194 0.01015625 0.01242236
0 0.525 0.14233954 0.0125 0.01759834
0 0.53164062 0.12267080 0.01484375 0.01345755
0 0.40429687 0.10093167 0.01640625 0.02587991
0 0.36210937 0.07919254 0.01171875 0.01966873
0 0.5078125 0.08281573 0.015625 0.02898550
0 0.36328125 0.05641821 0.0125 0.02380952
0 0.4015625 0.00983436 0.01875 0.01138716