0 0.57773437 0.96066252 0.02421875 0.02484472
0 0.5171875 0.93271221 0.0125 0.01242236
0 0.64765625 0.77846790 0.0171875 0.02070393
0 0.49023437 0.73240165 0.01796875 0.01966873
0 0.63828125 0.64492753 0.0296875 0.02484472
0 0.6375 0.61749482 0.01875 0.01966873
0 0.5640625 0.60196687 0.0203125 0.01966873
0 0.50507812 0.51293995 0.02109375 0.02795031
0 0.38125 0.47670807 0.0234375 0.02173913
0 0.55351562 0.46790890 0.02109375 0.02484472
0 0.29921875 0.38768115 0.0140625 0.01345755
0 0.61679687 0.38664596 0.01015625 0.01759834
0 0.44140625 0.37111801 0.0140625 0.01138716
0 0.62539062 0.32971014 0.01328125 0.01966873
0 0.471875 0.29296066 0.0203125 0.02691511
0 0.59453125 0.28053830 0.015625 0.02070393
0 0.35429687 0.28105590 0.00546875 0.03002070
0 0.33320312 0.25879917 0.01484375 0.03105590
0 0.46484375 0.22670807 0.0171875 0.02898550
0 0.51953125 0.21790890 0.0125 0.01759834
0 0.58515625 0.17857142 0.0203125 0.02380952
0 0.546875 0.17287784 0.021875 0.02070393
0 0.33984375 0.16770186 0.0234375 0.02277432
0 0.49453125 0.08954451 0.0234375 0.03623188
0 0.51875 0.04710144 0.0171875 0.02173913