0 0.58671875 0.89182194 0.0265625 0.04037267
0 0.53789062 0.83850931 0.01328125 0.01863354
0 0.37460937 0.78623188 0.01015625 0.01966873
0 0.3390625 0.78312629 0.0171875 0.02587991
0 0.35859375 0.76086956 0.0140625 0.02070393
0 0.45390625 0.70703933 0.0171875 0.02277432
0 0.29804687 0.69565217 0.01953125 0.02484472
0 0.4703125 0.66304347 0.0140625 0.01759834
0 0.61914062 0.64803312 0.01640625 0.01449275
0 0.32070312 0.61801242 0.01484375 0.01863354
0 0.55234375 0.61231884 0.0203125 0.02795031
0 0.37929687 0.43840579 0.02421875 0.02173913
0 0.52109375 0.42908902 0.0171875 0.01759834
0 0.40820312 0.42546583 0.01640625 0.01863354
0 0.55859375 0.36697722 0.009375 0.00931677
0 0.63242187 0.32401656 0.02421875 0.01656314
0 0.39414062 0.29658385 0.01796875 0.01552795
0 0.55742187 0.29503105 0.02421875 0.02898550
0 0.5109375 0.21066252 0.015625 0.02380952
0 0.38632812 0.11697722 0.02109375 0.02898550