0 0.30234375 0.94047619 0.009375 0.01138716
0 0.68945312 0.93892339 0.00859375 0.01035196
0 0.60546875 0.93737060 0.015625 0.01759834
0 0.52109375 0.92132505 0.015625 0.01035196
0 0.40078125 0.92753623 0.0125 0.02898550
0 0.684375 0.91563146 0.0078125 0.01966873
0 0.33945312 0.90734989 0.01328125 0.01759834
0 0.640625 0.90527950 0.025 0.02380952
0 0.54414062 0.89182194 0.01328125 0.01345755
0 0.6703125 0.87732919 0.009375 0.01345755
0 0.38476562 0.87732919 0.01328125 0.01552795
0 0.48203125 0.87525879 0.0109375 0.01759834
0 0.4375 0.87732919 0.0171875 0.03002070
0 0.51679687 0.82246376 0.01796875 0.01552795
0 0.40585937 0.81677018 0.01015625 0.01656314
0 0.29804687 0.80590062 0.00859375 0.01138716
0 0.50820312 0.79503105 0.01171875 0.01449275
0 0.36171875 0.77432712 0.0125 0.01449275
0 0.58359375 0.77743271 0.015625 0.02691511
0 0.44140625 0.76552795 0.0171875 0.02380952
0 0.31054687 0.74896480 0.01171875 0.01552795
0 0.60039062 0.74741200 0.01171875 0.01449275
0 0.32226562 0.73964803 0.01015625 0.01345755
0 0.6484375 0.73291925 0.0140625 0.01656314
0 0.36914062 0.72567287 0.01171875 0.01449275
0 0.4125 0.72308488 0.0140625 0.01138716
0 0.29648437 0.71325051 0.01171875 0.01656314
0 0.66484375 0.70496894 0.021875 0.01242236
0 0.43398437 0.68012422 0.02265625 0.02898550
0 0.63671875 0.66821946 0.0125 0.01552795
0 0.55703125 0.64751552 0.0171875 0.02380952
0 0.50117187 0.64389233 0.02734375 0.02070393
0 0.34453125 0.62370600 0.0078125 0.01966873
0 0.57890625 0.61853002 0.0171875 0.02380952
0 0.50390625 0.61180124 0.0109375 0.01449275
0 0.47851562 0.60662525 0.02109375 0.01656314
0 0.45273437 0.58902691 0.01328125 0.02070393
0 0.33203125 0.59057971 0.0171875 0.02380952
0 0.3734375 0.57505175 0.0125 0.01966873
0 0.40195312 0.57142857 0.01015625 0.01449275
0 0.66289062 0.55745341 0.00703125 0.01138716
0 0.44414062 0.55590062 0.01015625 0.01449275
0 0.55546875 0.55020703 0.0125 0.01345755
0 0.5390625 0.55072463 0.0125 0.01656314
0 0.3859375 0.54968944 0.0171875 0.02070393
0 0.46015625 0.54140786 0.0125 0.01449275
0 0.35507812 0.52846790 0.01015625 0.01552795
0 0.328125 0.51708074 0.009375 0.01138716
0 0.41953125 0.49327122 0.0125 0.01345755
0 0.46210937 0.48291925 0.01015625 0.01138716
0 0.53046875 0.48447204 0.0125 0.01863354
0 0.66757812 0.47567287 0.00859375 0.01138716
0 0.34492187 0.45910973 0.01484375 0.01552795
0 0.57539062 0.46066252 0.01640625 0.02691511
0 0.3140625 0.45134575 0.0234375 0.01242236
0 0.60507812 0.44720496 0.01171875 0.01242236
0 0.45664062 0.43840579 0.01171875 0.01345755
0 0.41640625 0.43685300 0.0125 0.01656314
0 0.44804687 0.42028985 0.01171875 0.01656314
0 0.64101562 0.41718426 0.01015625 0.01449275
0 0.371875 0.40786749 0.0125 0.01656314
0 0.334375 0.40838509 0.0171875 0.02380952
0 0.48046875 0.39492753 0.0109375 0.02173913
0 0.61171875 0.36697722 0.0109375 0.01345755
0 0.47851562 0.36490683 0.01015625 0.01552795
0 0.64414062 0.35973084 0.00859375 0.01138716
0 0.59570312 0.34006211 0.01328125 0.01759834
0 0.421875 0.35041407 0.015625 0.03830227
0 0.478125 0.33902691 0.0171875 0.02380952
0 0.49882812 0.32919254 0.01015625 0.02898550
0 0.40195312 0.29968944 0.01484375 0.00931677
0 0.52421875 0.29813664 0.0109375 0.01242236
0 0.4421875 0.28726708 0.0078125 0.01552795
0 0.43007812 0.27795031 0.00859375 0.01138716
0 0.51210937 0.26138716 0.01015625 0.01345755
0 0.48867187 0.23498964 0.03046875 0.02484472
0 0.33710937 0.22877846 0.01953125 0.02484472
0 0.36054687 0.20962732 0.01171875 0.01138716
0 0.51914062 0.21997929 0.02109375 0.03416149
0 0.64257812 0.17339544 0.01015625 0.01759834
0 0.57695312 0.13561076 0.01640625 0.01656314
0 0.51953125 0.12991718 0.0171875 0.02380952
0 0.48398437 0.11542443 0.00859375 0.01759834
0 0.58125 0.10817805 0.0078125 0.01345755
0 0.63320312 0.10455486 0.00859375 0.01242236
0 0.42265625 0.07401656 0.0109375 0.01552795
0 0.5140625 0.05590062 0.009375 0.01449275
0 0.49804687 0.04865424 0.02109375 0.02484472
0 0.6703125 0.00310559 0.0125 0.00621118
0 0.32773437 0.00517598 0.00859375 0.01035196