0 0.51953125 0.84472049 0.0140625 0.01863354
0 0.29570312 0.71687370 0.01484375 0.01966873
0 0.64335937 0.68271221 0.01484375 0.03416149
0 0.57070312 0.61853002 0.01796875 0.02795031
0 0.62460937 0.59420289 0.01640625 0.01035196
0 0.49179687 0.57246376 0.01640625 0.02691511
0 0.4796875 0.44099378 0.0234375 0.03312629
0 0.43398437 0.39906832 0.01015625 0.01138716
0 0.58867187 0.31625258 0.01640625 0.01759834
0 0.62304687 0.30434782 0.02109375 0.02691511
0 0.3828125 0.13250517 0.0171875 0.01863354
0 0.40546875 0.10714285 0.01875 0.02380952