0 0.53671875 0.84472049 0.0171875 0.02484472
0 0.31796875 0.81832298 0.0203125 0.02380952
0 0.5859375 0.75828157 0.021875 0.02587991
0 0.44179687 0.74223602 0.01640625 0.03933747
0 0.64765625 0.68064182 0.0125 0.02173913
0 0.64726562 0.64648033 0.01640625 0.02380952
0 0.51132812 0.59472049 0.02265625 0.01759834
0 0.59609375 0.50207039 0.0234375 0.03312629
0 0.45742187 0.45238095 0.01640625 0.03105590
0 0.43164062 0.43840579 0.01796875 0.01966873
0 0.30859375 0.47153209 0.0203125 0.10248447
0 0.49375 0.32815734 0.0140625 0.02070393
0 0.5328125 0.30693581 0.0203125 0.01552795
0 0.609375 0.29658385 0.01875 0.01552795
0 0.63242187 0.28053830 0.01484375 0.02277432
0 0.46210937 0.25569358 0.03046875 0.02070393
0 0.62421875 0.22826086 0.0171875 0.02795031
0 0.50742187 0.15269151 0.01953125 0.01966873
0 0.57304687 0.12474120 0.01171875 0.02173913
0 0.38242187 0.06728778 0.01328125 0.02277432
0 0.63515625 0.07919254 0.0203125 0.05279503