0 0.41445312 0.99327122 0.01015625 0.01345755
0 0.39375 0.98188405 0.0125 0.02173913
0 0.42851562 0.95859213 0.01796875 0.02898550
0 0.5234375 0.94979296 0.0171875 0.02380952
0 0.30234375 0.94409937 0.0171875 0.03105590
0 0.684375 0.92494824 0.0171875 0.01759834
0 0.62109375 0.92080745 0.0171875 0.02380952
0 0.47382812 0.89544513 0.01171875 0.01449275
0 0.58671875 0.88612836 0.009375 0.01242236
0 0.4828125 0.87888198 0.009375 0.01242236
0 0.65820312 0.86853002 0.01171875 0.02277432
0 0.3984375 0.85403726 0.0109375 0.01449275
0 0.671875 0.85507246 0.0078125 0.01863354
0 0.53671875 0.84782608 0.0078125 0.01449275
0 0.51835937 0.84730848 0.01171875 0.01759834
0 0.49492187 0.83333333 0.01328125 0.01242236
0 0.684375 0.82712215 0.0140625 0.01656314
0 0.40078125 0.82194616 0.009375 0.01863354
0 0.62226562 0.80952380 0.00703125 0.01035196
0 0.48125 0.77536231 0.0109375 0.01656314
0 0.64882812 0.77070393 0.01328125 0.01759834
0 0.4984375 0.76604554 0.01875 0.01449275
0 0.5296875 0.76811594 0.01875 0.02691511
0 0.38125 0.76035196 0.0078125 0.02173913
0 0.43164062 0.75724637 0.02265625 0.02380952
0 0.4515625 0.74637681 0.0125 0.01035196
0 0.34375 0.73913043 0.009375 0.01656314
0 0.43828125 0.72204968 0.0171875 0.02380952
0 0.46953125 0.71480331 0.0140625 0.01345755
0 0.56757812 0.71325051 0.00859375 0.01242236
0 0.36796875 0.71273291 0.0171875 0.02380952
0 0.49453125 0.68840579 0.0078125 0.01035196
0 0.40234375 0.68737060 0.0125 0.01449275
0 0.35546875 0.68685300 0.0140625 0.01345755
0 0.58554687 0.68530020 0.01015625 0.01242236
0 0.63671875 0.65838509 0.01875 0.02898550
0 0.49960937 0.65217391 0.02890625 0.03105590
0 0.46914062 0.63819875 0.00859375 0.02587991
0 0.50664062 0.62422360 0.01015625 0.01656314
0 0.328125 0.61542443 0.015625 0.00931677
0 0.54921875 0.60403726 0.0140625 0.01966873
0 0.43984375 0.60144927 0.0125 0.01656314
0 0.50976562 0.57349896 0.01328125 0.01863354
0 0.490625 0.55590062 0.0140625 0.01863354
0 0.4265625 0.54606625 0.0109375 0.01138716
0 0.3359375 0.54710144 0.0140625 0.01552795
0 0.32109375 0.54606625 0.0109375 0.01345755
0 0.38046875 0.54347826 0.0078125 0.03312629
0 0.32109375 0.52639751 0.0109375 0.01345755
0 0.47421875 0.52536231 0.0078125 0.01552795
0 0.41484375 0.52173913 0.015625 0.01449275
0 0.3609375 0.52639751 0.0109375 0.03002070
0 0.565625 0.51552795 0.0171875 0.01035196
0 0.45351562 0.51708074 0.01328125 0.01966873
0 0.35039062 0.51449275 0.00859375 0.01449275
0 0.39257812 0.50517598 0.01640625 0.02070393
0 0.56484375 0.5 0.009375 0.01242236
0 0.33164062 0.49327122 0.02265625 0.01138716
0 0.60664062 0.46325051 0.01328125 0.01138716
0 0.33046875 0.46376811 0.0078125 0.01242236
0 0.37382812 0.47101449 0.01328125 0.03105590
0 0.36445312 0.45496894 0.00859375 0.01138716
0 0.45859375 0.42857142 0.009375 0.01035196
0 0.5828125 0.41977225 0.0171875 0.02380952
0 0.56757812 0.39855072 0.01171875 0.01449275
0 0.37265625 0.39803312 0.0125 0.01345755
0 0.61796875 0.39337474 0.0140625 0.01242236
0 0.31640625 0.39699792 0.0234375 0.03416149
0 0.3375 0.38561076 0.0171875 0.02380952
0 0.61132812 0.33488612 0.01171875 0.01138716
0 0.36914062 0.32971014 0.00859375 0.01138716
0 0.52578125 0.32867494 0.0171875 0.02380952
0 0.42539062 0.32867494 0.01484375 0.02380952
0 0.39140625 0.32453416 0.025 0.02380952
0 0.5875 0.31418219 0.0171875 0.02380952
0 0.60429687 0.26604554 0.01171875 0.01656314
0 0.35898437 0.26552795 0.01171875 0.01759834
0 0.50664062 0.24585921 0.01640625 0.02173913
0 0.578125 0.23861283 0.0109375 0.01345755
0 0.51953125 0.21635610 0.0109375 0.01449275
0 0.40742187 0.19824016 0.01640625 0.01552795
0 0.63867187 0.15734989 0.01171875 0.01449275
0 0.35429687 0.15527950 0.00859375 0.01242236
0 0.51601562 0.15631469 0.01015625 0.01656314
0 0.42148437 0.10559006 0.01484375 0.01242236
0 0.4921875 0.06987577 0.0140625 0.01552795
0 0.6015625 0.06055900 0.0109375 0.01138716
0 0.40625 0.05641821 0.0125 0.01552795
0 0.37890625 0.06055900 0.009375 0.02587991
0 0.65039062 0.03209109 0.01640625 0.01863354
0 0.44726562 0.01086956 0.01640625 0.01345755
0 0.59921875 0.01501035 0.0171875 0.02380952