0 0.49726562 0.97981366 0.01328125 0.00931677
0 0.41328125 0.96946169 0.0171875 0.02173913
0 0.52695312 0.93374741 0.01171875 0.01035196
0 0.47109375 0.92132505 0.0171875 0.01035196
0 0.56523437 0.92236024 0.01015625 0.02277432
0 0.6828125 0.92080745 0.0171875 0.02173913
0 0.546875 0.90424430 0.0171875 0.02380952
0 0.60234375 0.89751552 0.015625 0.01449275
0 0.44882812 0.89182194 0.02734375 0.02380952
0 0.33671875 0.88871635 0.0109375 0.01759834
0 0.6 0.87629399 0.0171875 0.02380952
0 0.48046875 0.85869565 0.009375 0.01138716
0 0.63515625 0.84886128 0.009375 0.01242236
0 0.44609375 0.84523809 0.0140625 0.01966873
0 0.54882812 0.84161490 0.01171875 0.01449275
0 0.50898437 0.84265010 0.01171875 0.01656314
0 0.57890625 0.83799171 0.0171875 0.02380952
0 0.29414062 0.81987577 0.01171875 0.01242236
0 0.51210937 0.81469979 0.01328125 0.01449275
0 0.46328125 0.81159420 0.0109375 0.01449275
0 0.60976562 0.80486542 0.01484375 0.01345755
0 0.6578125 0.78674948 0.0078125 0.01242236
0 0.58945312 0.77795031 0.00859375 0.01966873
0 0.55117187 0.76449275 0.01328125 0.01759834
0 0.4625 0.74689440 0.0125 0.01966873
0 0.296875 0.73602484 0.0171875 0.01035196
0 0.484375 0.72722567 0.0171875 0.02380952
0 0.4921875 0.70393374 0.0125 0.01449275
0 0.46328125 0.70703933 0.0109375 0.02484472
0 0.57304687 0.70341614 0.01484375 0.03209109
0 0.5921875 0.70134575 0.0109375 0.03830227
0 0.43164062 0.69151138 0.01328125 0.02070393
0 0.65039062 0.67028985 0.02578125 0.03002070
0 0.51953125 0.66149068 0.0109375 0.01449275
0 0.31640625 0.65113871 0.0109375 0.01656314
0 0.4703125 0.63509316 0.0140625 0.01966873
0 0.55742187 0.61024844 0.01328125 0.01759834
0 0.45507812 0.60351966 0.01953125 0.01449275
0 0.6515625 0.59782608 0.0203125 0.01552795
0 0.51054687 0.55175983 0.01015625 0.01449275
0 0.67695312 0.54917184 0.01171875 0.01345755
0 0.32617187 0.53985507 0.01015625 0.01345755
0 0.471875 0.54296066 0.0171875 0.02380952
0 0.66992187 0.53053830 0.01015625 0.01552795
0 0.38046875 0.51449275 0.0140625 0.02070393
0 0.52929687 0.51086956 0.01171875 0.01759834
0 0.41992187 0.51449275 0.01796875 0.02691511
0 0.6453125 0.49275362 0.009375 0.03105590
0 0.52265625 0.48395445 0.009375 0.01345755
0 0.459375 0.48136645 0.015625 0.02070393
0 0.5734375 0.47567287 0.009375 0.01552795
0 0.59414062 0.46532091 0.00859375 0.01759834
0 0.378125 0.45652173 0.0109375 0.01863354
0 0.33164062 0.44668737 0.01328125 0.01345755
0 0.3953125 0.43581780 0.015625 0.01863354
0 0.47617187 0.42960662 0.01484375 0.01863354
0 0.53984375 0.42650103 0.0140625 0.02691511
0 0.4703125 0.40942028 0.0171875 0.01345755
0 0.353125 0.40527950 0.0109375 0.01759834
0 0.56054687 0.38612836 0.01171875 0.01242236
0 0.5375 0.38819875 0.0125 0.03105590
0 0.33164062 0.36180124 0.01171875 0.01759834
0 0.58671875 0.35869565 0.0125 0.01966873
0 0.60195312 0.35507246 0.01171875 0.01656314
0 0.58242187 0.34265010 0.01640625 0.01035196
0 0.4140625 0.33592132 0.009375 0.01138716
0 0.63046875 0.32712215 0.0109375 0.01035196
0 0.56015625 0.32815734 0.0109375 0.01449275
0 0.4578125 0.30331262 0.0109375 0.01242236
0 0.56757812 0.30383022 0.01171875 0.01552795
0 0.4859375 0.28312629 0.0078125 0.01345755
0 0.5234375 0.27018633 0.0109375 0.01242236
0 0.55 0.27070393 0.0171875 0.02380952
0 0.50507812 0.26035196 0.01640625 0.02587991
0 0.37539062 0.25207039 0.01484375 0.01966873
0 0.34765625 0.22204968 0.0109375 0.01552795
0 0.38125 0.18374741 0.015625 0.01966873
0 0.38710937 0.15993788 0.01484375 0.01552795
0 0.51367187 0.13250517 0.01640625 0.01656314
0 0.3625 0.09679089 0.0109375 0.01345755
0 0.61796875 0.09523809 0.009375 0.01242236
0 0.42578125 0.09627329 0.0078125 0.01449275
0 0.5484375 0.09368530 0.0171875 0.02380952
0 0.43867187 0.08074534 0.01171875 0.01656314
0 0.37578125 0.07194616 0.0171875 0.02380952
0 0.5640625 0.06107660 0.0078125 0.01035196
0 0.61054687 0.08074534 0.01796875 0.05175983
0 0.67070312 0.02380952 0.01484375 0.02070393
0 0.41210937 0.01915113 0.01015625 0.01966873
0 0.29296875 0.01449275 0.0171875 0.01242236