0 0.40898437 0.98913043 0.00859375 0.01345755
0 0.56210937 0.98240165 0.01171875 0.02277432
0 0.5015625 0.94409937 0.021875 0.01449275
0 0.553125 0.91925465 0.0109375 0.02070393
0 0.375 0.90269151 0.0109375 0.01863354
0 0.60976562 0.89440993 0.01171875 0.01449275
0 0.44179687 0.88819875 0.01015625 0.02070393
0 0.659375 0.88405797 0.021875 0.02484472
0 0.4796875 0.85921325 0.025 0.01656314
0 0.30664062 0.85869565 0.01328125 0.01552795
0 0.50898437 0.83695652 0.01015625 0.01345755
0 0.67890625 0.82867494 0.025 0.01759834
0 0.63632812 0.82608695 0.01015625 0.01449275
0 0.60117187 0.81211180 0.00859375 0.01138716
0 0.39375 0.81107660 0.015625 0.01966873
0 0.32148437 0.80175983 0.01171875 0.01966873
0 0.39335937 0.76293995 0.00859375 0.01449275
0 0.63164062 0.76501035 0.01953125 0.02691511
0 0.578125 0.75569358 0.01875 0.01035196
0 0.35664062 0.73964803 0.01015625 0.01552795
0 0.60546875 0.73602484 0.034375 0.04761904
0 0.60117187 0.68064182 0.01953125 0.01138716
0 0.52773437 0.68167701 0.01328125 0.01345755
0 0.50195312 0.68064182 0.01015625 0.01552795
0 0.44960937 0.67598343 0.01484375 0.01242236
0 0.58632812 0.65113871 0.01328125 0.01449275
0 0.653125 0.64648033 0.0140625 0.01138716
0 0.6375 0.64544513 0.009375 0.01759834
0 0.5296875 0.64440993 0.009375 0.01759834
0 0.615625 0.63871635 0.0171875 0.02898550
0 0.4609375 0.63043478 0.0140625 0.01656314
0 0.3015625 0.62318840 0.009375 0.01449275
0 0.55273437 0.62008281 0.01015625 0.01449275
0 0.4734375 0.61438923 0.0140625 0.01345755
0 0.59140625 0.61024844 0.0109375 0.01345755
0 0.59453125 0.59523809 0.0140625 0.01035196
0 0.6125 0.59679089 0.0125 0.01552795
0 0.63242187 0.57246376 0.02109375 0.01656314
0 0.340625 0.56832298 0.0234375 0.01656314
0 0.33125 0.54606625 0.0109375 0.01759834
0 0.45 0.54089026 0.0203125 0.00931677
0 0.5765625 0.54140786 0.0109375 0.01242236
0 0.38476562 0.54761904 0.02109375 0.02691511
0 0.56601562 0.52898550 0.01015625 0.02484472
0 0.60546875 0.50983436 0.01875 0.00931677
0 0.48828125 0.49741200 0.0109375 0.01345755
0 0.54960937 0.50103519 0.01015625 0.02484472
0 0.33515625 0.49430641 0.0109375 0.01138716
0 0.46015625 0.49378881 0.009375 0.01449275
0 0.41523437 0.50362318 0.01796875 0.03830227
0 0.42773437 0.45703933 0.01015625 0.01345755
0 0.55195312 0.44824016 0.00859375 0.02277432
0 0.3390625 0.44358178 0.0125 0.01345755
0 0.42148437 0.43995859 0.01015625 0.01449275
0 0.33789062 0.42701863 0.01171875 0.01552795
0 0.5546875 0.41977225 0.0078125 0.00931677
0 0.6375 0.40269151 0.0078125 0.01242236
0 0.49648437 0.39544513 0.00859375 0.03105590
0 0.4734375 0.36697722 0.0234375 0.01552795
0 0.63984375 0.35455486 0.0171875 0.02380952
0 0.496875 0.33747412 0.0171875 0.01863354
0 0.63632812 0.32660455 0.01328125 0.01345755
0 0.59648437 0.32401656 0.01328125 0.01863354
0 0.39453125 0.30952380 0.009375 0.01242236
0 0.42539062 0.27950310 0.00859375 0.01242236
0 0.39453125 0.27950310 0.0109375 0.01242236
0 0.52617187 0.27018633 0.01015625 0.01656314
0 0.45625 0.26759834 0.015625 0.01138716
0 0.45976562 0.25155279 0.01015625 0.01449275
0 0.49375 0.24585921 0.0171875 0.02380952
0 0.65 0.22774327 0.009375 0.02070393
0 0.57539062 0.22101449 0.01171875 0.01345755
0 0.515625 0.21790890 0.0171875 0.02380952
0 0.55 0.20859213 0.0171875 0.02380952
0 0.54296875 0.18167701 0.009375 0.01345755
0 0.47304687 0.17650103 0.01171875 0.01966873
0 0.50507812 0.15269151 0.01796875 0.02380952
0 0.44453125 0.11283643 0.0125 0.01242236
0 0.48320312 0.10714285 0.01328125 0.01759834
0 0.61601562 0.08747412 0.01015625 0.01759834
0 0.4015625 0.08436853 0.0203125 0.01966873
0 0.36367187 0.06314699 0.01171875 0.01449275
0 0.54414062 0.06055900 0.01171875 0.01552795
0 0.51953125 0.02432712 0.0109375 0.02380952
0 0.4015625 0.01138716 0.0109375 0.02277432