0 0.421875 0.95600414 0.01875 0.02173913
0 0.34375 0.90113871 0.0140625 0.01552795
0 0.34960937 0.83540372 0.01796875 0.02484472
0 0.68554687 0.63405797 0.01171875 0.01966873
0 0.38320312 0.61956521 0.02421875 0.02795031
0 0.42304687 0.59989648 0.02421875 0.00724637
0 0.52421875 0.59989648 0.0203125 0.02795031
0 0.415625 0.56935817 0.025 0.02484472
0 0.396875 0.52173913 0.0171875 0.02277432
0 0.48046875 0.47101449 0.0171875 0.02070393
0 0.51601562 0.34057971 0.01484375 0.02484472
0 0.41992187 0.33178053 0.01953125 0.01759834
0 0.40625 0.06884057 0.0140625 0.01345755