0 0.37773437 0.98706004 0.02890625 0.02380952
0 0.359375 0.95703933 0.0109375 0.01759834
0 0.60390625 0.93478260 0.0171875 0.01035196
0 0.57734375 0.93995859 0.01875 0.02898550
0 0.2953125 0.91097308 0.009375 0.01242236
0 0.39765625 0.89855072 0.009375 0.01035196
0 0.46523437 0.88923395 0.00859375 0.01035196
0 0.5375 0.88302277 0.009375 0.01242236
0 0.31367187 0.88405797 0.01328125 0.01449275
0 0.33164062 0.89182194 0.01171875 0.03209109
0 0.559375 0.87525879 0.015625 0.02795031
0 0.43828125 0.85973084 0.0171875 0.02380952
0 0.32695312 0.84368530 0.00859375 0.02898550
0 0.5859375 0.82505175 0.0109375 0.01449275
0 0.42265625 0.82142857 0.009375 0.01345755
0 0.31484375 0.82142857 0.0140625 0.02173913
0 0.60664062 0.81314699 0.02578125 0.03209109
0 0.46132812 0.80279503 0.01015625 0.01552795
0 0.53398437 0.80434782 0.01953125 0.02277432
0 0.62226562 0.77795031 0.00703125 0.01345755
0 0.51992187 0.77536231 0.01953125 0.01863354
0 0.35976562 0.76449275 0.01640625 0.01138716
0 0.40820312 0.75983436 0.00703125 0.03105590
0 0.43710937 0.75414078 0.02265625 0.02380952
0 0.34921875 0.74896480 0.0125 0.01345755
0 0.40703125 0.71066252 0.0171875 0.02380952
0 0.5609375 0.68064182 0.0109375 0.01345755
0 0.50390625 0.67701863 0.0078125 0.01656314
0 0.36601562 0.66356107 0.01328125 0.01656314
0 0.56679687 0.63250517 0.01015625 0.01449275
0 0.30273437 0.63819875 0.02265625 0.03209109
0 0.49140625 0.61542443 0.0171875 0.02380952
0 0.46679687 0.60766045 0.01328125 0.01449275
0 0.36914062 0.58333333 0.01015625 0.01966873
0 0.42578125 0.57194616 0.0125 0.01552795
0 0.53125 0.56832298 0.015625 0.01449275
0 0.34921875 0.56366459 0.009375 0.01345755
0 0.59296875 0.54968944 0.0078125 0.01242236
0 0.55742187 0.54813664 0.01015625 0.01138716
0 0.64570312 0.52639751 0.01171875 0.01345755
0 0.32226562 0.51915113 0.01171875 0.01966873
0 0.47304687 0.50931677 0.01640625 0.01035196
0 0.29765625 0.51604554 0.0125 0.03209109
0 0.49023437 0.49327122 0.01171875 0.01345755
0 0.50859375 0.49275362 0.0109375 0.01863354
0 0.41210937 0.48291925 0.01015625 0.01138716
0 0.30351562 0.47567287 0.01328125 0.01759834
0 0.64492187 0.46532091 0.01953125 0.01552795
0 0.521875 0.46325051 0.0171875 0.02380952
0 0.553125 0.46118012 0.0203125 0.02587991
0 0.48242187 0.44616977 0.01328125 0.01242236
0 0.4328125 0.42650103 0.0125 0.01656314
0 0.61757812 0.41563146 0.01640625 0.01138716
0 0.45664062 0.41200828 0.01015625 0.01242236
0 0.309375 0.40476190 0.009375 0.01656314
0 0.37890625 0.39337474 0.0109375 0.01449275
0 0.29570312 0.39182194 0.01015625 0.01138716
0 0.65507812 0.38923395 0.01328125 0.01449275
0 0.39609375 0.37681159 0.0140625 0.01449275
0 0.46640625 0.36853002 0.009375 0.02484472
0 0.50234375 0.36076604 0.0125 0.02380952
0 0.63632812 0.34730848 0.02421875 0.02587991
0 0.51328125 0.32246376 0.0109375 0.01345755
0 0.61835937 0.29089026 0.01015625 0.01656314
0 0.48007812 0.26811594 0.01171875 0.01449275
0 0.4609375 0.26190476 0.009375 0.01242236
0 0.434375 0.25828157 0.0109375 0.01552795
0 0.52070312 0.24689440 0.01171875 0.01552795
0 0.40898437 0.23913043 0.01171875 0.01656314
0 0.58867187 0.23706004 0.01015625 0.01449275
0 0.50195312 0.22877846 0.01640625 0.01449275
0 0.49375 0.21894409 0.015625 0.01552795
0 0.47421875 0.22308488 0.0171875 0.02380952
0 0.36914062 0.21790890 0.01015625 0.01345755
0 0.60546875 0.19202898 0.021875 0.02173913
0 0.5640625 0.17236024 0.009375 0.02173913
0 0.471875 0.17339544 0.0171875 0.02380952
0 0.3578125 0.15683229 0.0109375 0.01138716
0 0.59257812 0.13095238 0.01015625 0.01552795
0 0.55351562 0.13354037 0.00703125 0.02484472
0 0.39648437 0.12474120 0.01171875 0.01966873
0 0.36289062 0.11853002 0.01796875 0.02380952
0 0.4359375 0.10144927 0.0125 0.01656314
0 0.61484375 0.09057971 0.0109375 0.01345755
0 0.38125 0.08385093 0.015625 0.02691511
0 0.47890625 0.03519668 0.0125 0.01242236
0 0.415625 0.03830227 0.0078125 0.02484472
0 0.51875 0.02536231 0.0140625 0.01345755