0 0.59804687 0.98757763 0.01171875 0.02277432
0 0.55 0.94720496 0.021875 0.02070393
0 0.49257812 0.87732919 0.00859375 0.03209109
0 0.58085937 0.84472049 0.01484375 0.02277432
0 0.37929687 0.75621118 0.01796875 0.02173913
0 0.48867187 0.73602484 0.01640625 0.01863354
0 0.36523437 0.73447204 0.00859375 0.01552795
0 0.34765625 0.62370600 0.0203125 0.02795031
0 0.49179687 0.60300207 0.01640625 0.01966873
0 0.62148437 0.59989648 0.02578125 0.03623188
0 0.31992187 0.51656314 0.02109375 0.02484472
0 0.66835937 0.47153209 0.01796875 0.02173913
0 0.33515625 0.33074534 0.01875 0.03002070
0 0.49414062 0.31055900 0.01953125 0.02691511
0 0.42695312 0.27587991 0.01328125 0.01966873
0 0.33007812 0.25724637 0.00859375 0.00931677
0 0.45078125 0.13612836 0.021875 0.02587991
0 0.58085937 0.10559006 0.01015625 0.02277432
0 0.62148437 0.03830227 0.01796875 0.03312629