0 0.39375 0.87681159 0.0171875 0.02070393
0 0.63945312 0.81573498 0.01171875 0.02277432
0 0.62421875 0.71325051 0.015625 0.01863354
0 0.5890625 0.67391304 0.01875 0.03312629
0 0.40703125 0.51552795 0.0203125 0.02691511
0 0.55585937 0.51345755 0.03203125 0.05590062
0 0.36757812 0.45703933 0.02734375 0.02587991
0 0.4078125 0.39544513 0.0234375 0.02277432
0 0.48476562 0.33799171 0.03046875 0.02173913
0 0.52773437 0.29296066 0.01640625 0.01863354
0 0.53984375 0.18788819 0.0171875 0.02173913
0 0.51171875 0.15631469 0.028125 0.02691511