0 0.64101562 0.99689440 0.01015625 0.00621118
0 0.44335937 0.99016563 0.01640625 0.01966873
0 0.52460937 0.89906832 0.01640625 0.03416149
0 0.55820312 0.87732919 0.02109375 0.02587991
0 0.67617187 0.87267080 0.02109375 0.02898550
0 0.67382812 0.79089026 0.02109375 0.02070393
0 0.54921875 0.73498964 0.015625 0.02277432
0 0.49921875 0.72981366 0.028125 0.03105590
0 0.30742187 0.71066252 0.01484375 0.02173913
0 0.44023437 0.69772256 0.01015625 0.01035196
0 0.684375 0.69513457 0.0140625 0.01759834
0 0.63476562 0.64182194 0.01328125 0.02070393
0 0.39921875 0.59523809 0.0203125 0.02484472
0 0.5234375 0.58074534 0.0125 0.00828157
0 0.39335937 0.54451345 0.01328125 0.02484472
0 0.48203125 0.38095238 0.0171875 0.02277432
0 0.3953125 0.34420289 0.015625 0.01759834
0 0.50820312 0.32815734 0.00859375 0.01863354
0 0.56445312 0.26086956 0.02421875 0.02691511
0 0.33164062 0.23033126 0.01171875 0.02173913
0 0.53476562 0.18737060 0.01171875 0.02691511
0 0.38710937 0.17908902 0.01796875 0.02277432
0 0.5078125 0.15683229 0.0125 0.02173913
0 0.58476562 0.16821946 0.03203125 0.04658385
0 0.525 0.15165631 0.01875 0.02173913
0 0.37070312 0.11180124 0.01953125 0.02277432
0 0.50390625 0.08385093 0.0171875 0.02070393
0 0.51015625 0.01190476 0.015625 0.01759834