0 0.43125 0.98395445 0.009375 0.01138716
0 0.29960937 0.94513457 0.01015625 0.02277432
0 0.40507812 0.92132505 0.01953125 0.01242236
0 0.43398437 0.92184265 0.02890625 0.02380952
0 0.33984375 0.91407867 0.0078125 0.01449275
0 0.62695312 0.89699792 0.01328125 0.01759834
0 0.46054687 0.87163561 0.01015625 0.01863354
0 0.41015625 0.84213250 0.009375 0.01345755
0 0.54882812 0.84161490 0.01484375 0.01656314
0 0.36835937 0.83385093 0.01171875 0.01552795
0 0.61289062 0.83436853 0.01328125 0.02070393
0 0.5171875 0.82815734 0.0109375 0.01656314
0 0.67695312 0.82039337 0.01015625 0.01138716
0 0.60351562 0.81677018 0.01171875 0.01449275
0 0.3390625 0.81107660 0.0078125 0.01138716
0 0.35742187 0.81573498 0.02109375 0.02691511
0 0.31484375 0.81211180 0.0109375 0.03623188
0 0.37421875 0.78157349 0.0125 0.01449275
0 0.39140625 0.75879917 0.0125 0.01656314
0 0.60351562 0.74534161 0.01640625 0.02277432
0 0.59296875 0.72619047 0.0109375 0.01552795
0 0.51679687 0.72101449 0.01796875 0.01138716
0 0.47851562 0.71842650 0.01328125 0.01656314
0 0.3125 0.71118012 0.0125 0.01449275
0 0.40078125 0.70962732 0.015625 0.01966873
0 0.61757812 0.70238095 0.02734375 0.01966873
0 0.3859375 0.68995859 0.0140625 0.01966873
0 0.61132812 0.68426501 0.01328125 0.01449275
0 0.32734375 0.67132505 0.0125 0.01345755
0 0.63203125 0.66925465 0.0109375 0.01345755
0 0.60273437 0.66614906 0.01328125 0.01759834
0 0.46992187 0.66252587 0.01484375 0.01863354
0 0.57070312 0.60507246 0.02109375 0.01345755
0 0.43242187 0.60559006 0.01171875 0.01656314
0 0.61015625 0.59057971 0.0125 0.01759834
0 0.46171875 0.58954451 0.0171875 0.02380952
0 0.66328125 0.55797101 0.009375 0.01242236
0 0.525 0.55331262 0.021875 0.00931677
0 0.34140625 0.54710144 0.0109375 0.01138716
0 0.57070312 0.54606625 0.01171875 0.03002070
0 0.34921875 0.52070393 0.0125 0.02070393
0 0.68007812 0.51966873 0.01328125 0.02070393
0 0.375 0.51604554 0.0171875 0.02380952
0 0.58203125 0.49327122 0.009375 0.02173913
0 0.5453125 0.48706004 0.0140625 0.01759834
0 0.31289062 0.47670807 0.00859375 0.01552795
0 0.39140625 0.46428571 0.0125 0.01552795
0 0.60742187 0.44720496 0.01484375 0.01449275
0 0.61484375 0.41614906 0.0171875 0.01242236
0 0.41132812 0.41252587 0.01171875 0.01345755
0 0.53398437 0.40527950 0.01171875 0.01552795
0 0.6328125 0.39544513 0.015625 0.01449275
0 0.55664062 0.37008281 0.01015625 0.01552795
0 0.62578125 0.37008281 0.0171875 0.02380952
0 0.528125 0.36231884 0.01875 0.01449275
0 0.625 0.34575569 0.0109375 0.01449275
0 0.60625 0.34937888 0.0171875 0.02380952
0 0.36796875 0.33178053 0.009375 0.01345755
0 0.58789062 0.33074534 0.01640625 0.01759834
0 0.4265625 0.31728778 0.0125 0.01759834
0 0.46210937 0.31211180 0.01640625 0.02173913
0 0.3390625 0.32453416 0.0265625 0.04658385
0 0.5765625 0.30486542 0.0140625 0.01552795
0 0.62460937 0.29813664 0.01953125 0.01449275
0 0.43242187 0.28778467 0.01015625 0.01449275
0 0.57851562 0.26863354 0.01953125 0.01345755
0 0.54570312 0.26708074 0.00859375 0.02277432
0 0.4015625 0.26242236 0.0125 0.01345755
0 0.45117187 0.26604554 0.01015625 0.02277432
0 0.43515625 0.24275362 0.0140625 0.01966873
0 0.3296875 0.22515527 0.0078125 0.01345755
0 0.38320312 0.20548654 0.00859375 0.01138716
0 0.47382812 0.18064182 0.00859375 0.01759834
0 0.44765625 0.18167701 0.0203125 0.03416149
0 0.415625 0.17339544 0.0171875 0.02380952
0 0.36171875 0.15062111 0.0140625 0.01966873
0 0.53203125 0.12474120 0.0171875 0.02380952
0 0.51171875 0.11749482 0.0140625 0.01552795
0 0.64804687 0.11749482 0.01328125 0.02380952
0 0.44804687 0.09161490 0.01015625 0.02587991
0 0.63203125 0.08229813 0.0109375 0.01138716
0 0.61796875 0.07867494 0.0109375 0.01449275
0 0.43125 0.07039337 0.0078125 0.01035196
0 0.559375 0.06573498 0.0109375 0.01345755
0 0.3375 0.06159420 0.01875 0.01966873
0 0.48398437 0.05641821 0.01328125 0.01966873
0 0.62421875 0.04503105 0.021875 0.01759834
0 0.31523437 0.02743271 0.00703125 0.01552795
0 0.584375 0.02277432 0.0109375 0.01035196
0 0.38398437 0.01190476 0.01484375 0.01552795