0 0.48203125 0.98809523 0.0171875 0.01966873
0 0.6671875 0.97515527 0.0078125 0.01449275
0 0.69609375 0.96273291 0.0078125 0.01035196
0 0.57226562 0.94875776 0.01640625 0.01138716
0 0.6203125 0.94927536 0.0125 0.01449275
0 0.61523437 0.96376811 0.02734375 0.04761904
0 0.40625 0.93115942 0.0171875 0.02380952
0 0.65351562 0.92287784 0.01015625 0.01552795
0 0.46054687 0.91045548 0.03046875 0.03830227
0 0.36953125 0.87888198 0.0109375 0.01449275
0 0.34648437 0.87629399 0.01328125 0.01552795
0 0.49023437 0.86956521 0.01328125 0.01656314
0 0.45234375 0.82815734 0.0125 0.01656314
0 0.53984375 0.83074534 0.0078125 0.02587991
0 0.38007812 0.81677018 0.01015625 0.01449275
0 0.58828125 0.79813664 0.0140625 0.01035196
0 0.55625 0.79710144 0.0140625 0.01449275
0 0.48007812 0.79089026 0.02578125 0.01863354
0 0.64023437 0.78623188 0.01015625 0.01138716
0 0.48828125 0.76708074 0.0140625 0.01242236
0 0.66679687 0.76708074 0.01171875 0.01449275
0 0.32929687 0.76501035 0.01484375 0.01449275
0 0.51328125 0.75983436 0.0109375 0.01449275
0 0.47539062 0.76293995 0.01484375 0.02691511
0 0.64570312 0.72049689 0.01015625 0.01449275
0 0.43085937 0.71325051 0.01171875 0.01656314
0 0.41640625 0.71066252 0.0078125 0.01138716
0 0.61601562 0.69461697 0.00703125 0.01863354
0 0.6390625 0.65217391 0.0109375 0.01656314
0 0.3796875 0.64285714 0.0078125 0.01656314
0 0.66992187 0.64078674 0.01640625 0.01449275
0 0.37265625 0.62577639 0.0125 0.01552795
0 0.640625 0.61801242 0.0078125 0.01242236
0 0.41914062 0.62060041 0.02109375 0.03002070
0 0.2953125 0.60093167 0.0109375 0.01345755
0 0.39414062 0.59937888 0.01171875 0.01242236
0 0.50976562 0.58643892 0.01015625 0.01345755
0 0.34453125 0.58540372 0.0171875 0.02380952
0 0.67265625 0.56366459 0.0109375 0.01138716
0 0.49414062 0.55848861 0.01484375 0.01552795
0 0.44335937 0.54192546 0.01328125 0.01966873
0 0.54570312 0.53778467 0.02109375 0.01759834
0 0.31210937 0.53416149 0.02109375 0.01863354
0 0.45507812 0.52743271 0.01015625 0.01966873
0 0.52617187 0.51086956 0.01015625 0.01552795
0 0.30976562 0.50828157 0.01953125 0.02484472
0 0.36835937 0.49327122 0.01171875 0.01759834
0 0.48554687 0.49482401 0.01796875 0.02277432
0 0.5921875 0.45289855 0.0109375 0.01552795
0 0.30546875 0.46583850 0.021875 0.04554865
0 0.64765625 0.43167701 0.0140625 0.01656314
0 0.35585937 0.42753623 0.01328125 0.02070393
0 0.30078125 0.42339544 0.015625 0.02070393
0 0.42890625 0.42391304 0.0171875 0.02380952
0 0.5140625 0.42028985 0.01875 0.02070393
0 0.39140625 0.40838509 0.0171875 0.02380952
0 0.62578125 0.40527950 0.0109375 0.01966873
0 0.43085937 0.39751552 0.01015625 0.01242236
0 0.55976562 0.39855072 0.01484375 0.02070393
0 0.32382812 0.38871635 0.01171875 0.01138716
0 0.621875 0.37267080 0.0109375 0.01449275
0 0.4796875 0.37370600 0.0125 0.01656314
0 0.47265625 0.34575569 0.0296875 0.02277432
0 0.5265625 0.34161490 0.009375 0.02898550
0 0.63515625 0.31159420 0.0109375 0.01242236
0 0.48359375 0.29813664 0.0125 0.01863354
0 0.51132812 0.29296066 0.01015625 0.01449275
0 0.33945312 0.29140786 0.01171875 0.01552795
0 0.47890625 0.27743271 0.0171875 0.02070393
0 0.36953125 0.21842650 0.0109375 0.01242236
0 0.62929687 0.22101449 0.02109375 0.02795031
0 0.578125 0.19927536 0.0125 0.01552795
0 0.38085937 0.15320910 0.01015625 0.01656314
0 0.38710937 0.11853002 0.00546875 0.00724637
0 0.61132812 0.10869565 0.01328125 0.01035196
0 0.52070312 0.11490683 0.00859375 0.02277432
0 0.3453125 0.09627329 0.0109375 0.01449275
0 0.63085937 0.08695652 0.01640625 0.01449275
0 0.38046875 0.09575569 0.0140625 0.03623188
0 0.46992187 0.07505175 0.01328125 0.01552795
0 0.55 0.07246376 0.009375 0.01242236
0 0.59726562 0.06728778 0.01171875 0.01449275
0 0.28398437 0.03260869 0.00859375 0.02380952
0 0.48085937 0.00879917 0.01953125 0.00931677
0 0.44257812 0.00310559 0.00703125 0.00621118
0 0.36523437 0.01345755 0.01796875 0.02691511