0 0.3671875 0.98706004 0.0109375 0.02587991
0 0.49921875 0.88768115 0.0125 0.01138716
0 0.63085937 0.88768115 0.01015625 0.01345755
0 0.59921875 0.87939958 0.0125 0.01759834
0 0.38945312 0.87525879 0.00859375 0.01759834
0 0.33125 0.87111801 0.0125 0.00931677
0 0.48359375 0.87008281 0.0109375 0.01552795
0 0.49921875 0.86335403 0.0109375 0.01035196
0 0.54609375 0.83902691 0.0140625 0.01759834
0 0.65078125 0.83540372 0.0125 0.01863354
0 0.4875 0.82815734 0.009375 0.01242236
0 0.44101562 0.82246376 0.01171875 0.01552795
0 0.428125 0.81677018 0.0125 0.01449275
0 0.45 0.81418219 0.0109375 0.01759834
0 0.33242187 0.81314699 0.01171875 0.01759834
0 0.53046875 0.80434782 0.0140625 0.01656314
0 0.66210937 0.79658385 0.01640625 0.02380952
0 0.29804687 0.77277432 0.01171875 0.01552795
0 0.43320312 0.76915113 0.01171875 0.01656314
0 0.45546875 0.77173913 0.0171875 0.02380952
0 0.32226562 0.75931677 0.01171875 0.01345755
0 0.40039062 0.75672877 0.01171875 0.02277432
0 0.5875 0.74741200 0.0125 0.01656314
0 0.38789062 0.74171842 0.01484375 0.01138716
0 0.68476562 0.74016563 0.01015625 0.01449275
0 0.49570312 0.73343685 0.01171875 0.01345755
0 0.34726562 0.72412008 0.01640625 0.01759834
0 0.40546875 0.70807453 0.0078125 0.01656314
0 0.440625 0.69565217 0.009375 0.01656314
0 0.68554687 0.69409937 0.01171875 0.02380952
0 0.29648437 0.69306418 0.01640625 0.02380952
0 0.54882812 0.67443064 0.01171875 0.01345755
0 0.4765625 0.66252587 0.0140625 0.02691511
0 0.54921875 0.65269151 0.0109375 0.00931677
0 0.46679687 0.65424430 0.01015625 0.02070393
0 0.5578125 0.64026915 0.0109375 0.01345755
0 0.5859375 0.63716356 0.0171875 0.02380952
0 0.60234375 0.61645962 0.0171875 0.02380952
0 0.37304687 0.61128364 0.00703125 0.02380952
0 0.575 0.60662525 0.0078125 0.02484472
0 0.34765625 0.60041407 0.009375 0.02484472
0 0.66367187 0.59057971 0.01484375 0.01345755
0 0.56171875 0.58022774 0.0171875 0.01759834
0 0.41601562 0.57815734 0.01484375 0.01552795
0 0.625 0.57453416 0.0234375 0.02277432
0 0.434375 0.57142857 0.0078125 0.02070393
0 0.64726562 0.56625258 0.01015625 0.01449275
0 0.5625 0.54089026 0.0125 0.01345755
0 0.65546875 0.53260869 0.0265625 0.01138716
0 0.525 0.52846790 0.009375 0.00931677
0 0.49960937 0.53157349 0.01640625 0.02380952
0 0.63476562 0.51604554 0.01328125 0.01552795
0 0.30664062 0.51138716 0.01640625 0.02277432
0 0.48671875 0.49741200 0.0171875 0.02380952
0 0.3578125 0.47774327 0.0171875 0.02380952
0 0.5140625 0.47619047 0.0109375 0.02484472
0 0.48164062 0.45910973 0.01171875 0.01345755
0 0.30742187 0.45910973 0.01015625 0.01345755
0 0.40273437 0.45807453 0.01328125 0.01552795
0 0.50273437 0.46066252 0.01640625 0.02277432
0 0.34023437 0.44668737 0.01328125 0.01759834
0 0.6546875 0.43633540 0.0171875 0.02380952
0 0.47851562 0.43271221 0.02421875 0.03312629
0 0.34101562 0.41821946 0.01171875 0.01449275
0 0.55351562 0.40838509 0.01171875 0.01345755
0 0.56757812 0.38302277 0.00859375 0.01242236
0 0.59960937 0.38146997 0.01171875 0.01345755
0 0.64960937 0.36128364 0.01328125 0.03105590
0 0.47382812 0.35351966 0.01171875 0.01552795
0 0.36914062 0.35610766 0.01640625 0.02484472
0 0.6015625 0.34937888 0.0140625 0.01552795
0 0.56601562 0.33229813 0.01015625 0.01242236
0 0.4921875 0.33178053 0.0109375 0.01345755
0 0.475 0.31366459 0.0125 0.01242236
0 0.378125 0.29865424 0.0171875 0.02380952
0 0.353125 0.28105590 0.0109375 0.01966873
0 0.59609375 0.27743271 0.0109375 0.01449275
0 0.53046875 0.27380952 0.0140625 0.01345755
0 0.5609375 0.27070393 0.0125 0.01345755
0 0.42773437 0.27484472 0.03203125 0.02380952
0 0.35625 0.25517598 0.0109375 0.01552795
0 0.54023437 0.25465838 0.00859375 0.01863354
0 0.49609375 0.25621118 0.01875 0.02173913
0 0.44257812 0.24275362 0.00859375 0.01966873
0 0.33203125 0.20238095 0.0109375 0.01552795
0 0.334375 0.17908902 0.0140625 0.01656314
0 0.44414062 0.14803312 0.01015625 0.01035196
0 0.64804687 0.12681159 0.01328125 0.02380952
0 0.3671875 0.11801242 0.021875 0.01656314
0 0.47890625 0.07194616 0.0171875 0.02380952
0 0.59609375 0.06987577 0.0171875 0.02380952
0 0.53984375 0.06987577 0.0171875 0.02380952
0 0.36367187 0.05538302 0.01015625 0.01759834
0 0.4296875 0.05383022 0.0140625 0.01656314
0 0.31328125 0.00621118 0.01875 0.01035196