0 0.5 0.89026915 0.0515625 0.02484472
0 0.63828125 0.82971014 0.021875 0.02587991
0 0.42578125 0.82401656 0.015625 0.03105590
0 0.61367187 0.73395445 0.01796875 0.01656314
0 0.59804687 0.71583850 0.01484375 0.01552795
0 0.58789062 0.68012422 0.01171875 0.02070393
0 0.559375 0.64026915 0.0234375 0.01966873
0 0.57890625 0.60300207 0.0203125 0.02795031
0 0.38164062 0.54710144 0.01640625 0.02173913
0 0.31953125 0.47929606 0.0140625 0.02484472
0 0.43164062 0.45859213 0.01640625 0.02070393
0 0.36210937 0.45755693 0.01640625 0.02484472
0 0.51015625 0.30590062 0.0203125 0.01552795
0 0.37617187 0.28985507 0.01640625 0.02484472
0 0.61640625 0.22153209 0.0328125 0.04140786
0 0.58164062 0.12370600 0.02890625 0.04037267