0 0.41953125 0.98498964 0.0171875 0.02380952
0 0.69882812 0.96894409 0.01328125 0.01035196
0 0.3390625 0.95600414 0.0171875 0.02380952
0 0.66484375 0.94202898 0.009375 0.01656314
0 0.66523437 0.91459627 0.01640625 0.00931677
0 0.42734375 0.91045548 0.0171875 0.02380952
0 0.48984375 0.89440993 0.009375 0.01656314
0 0.5375 0.89596273 0.0171875 0.02380952
0 0.51601562 0.88819875 0.00859375 0.01449275
0 0.50078125 0.88612836 0.0078125 0.01449275
0 0.634375 0.88871635 0.0171875 0.02380952
0 0.33476562 0.87370600 0.01328125 0.01656314
0 0.59453125 0.87318840 0.0171875 0.02380952
0 0.5109375 0.86542443 0.0078125 0.01449275
0 0.453125 0.87008281 0.0171875 0.02380952
0 0.68359375 0.86024844 0.0109375 0.01242236
0 0.4671875 0.86335403 0.0078125 0.02277432
0 0.6671875 0.83850931 0.0078125 0.01863354
0 0.45625 0.83488612 0.0171875 0.02380952
0 0.5453125 0.81469979 0.0109375 0.01449275
0 0.58007812 0.81159420 0.01484375 0.02691511
0 0.44453125 0.80434782 0.0078125 0.02277432
0 0.46171875 0.80434782 0.021875 0.02484472
0 0.61953125 0.79451345 0.009375 0.01345755
0 0.42929687 0.78830227 0.01171875 0.01345755
0 0.64726562 0.77536231 0.02109375 0.01242236
0 0.34921875 0.76811594 0.0109375 0.01242236
0 0.36328125 0.76708074 0.0109375 0.01242236
0 0.30976562 0.76915113 0.01015625 0.02070393
0 0.4734375 0.74948240 0.0140625 0.02070393
0 0.30078125 0.71687370 0.015625 0.01966873
0 0.54804687 0.71066252 0.01015625 0.01345755
0 0.38671875 0.70445134 0.0140625 0.01759834
0 0.38632812 0.67753623 0.01484375 0.01345755
0 0.5625 0.66407867 0.0109375 0.01345755
0 0.60234375 0.64389233 0.0109375 0.01242236
0 0.44570312 0.63612836 0.00703125 0.00931677
0 0.42226562 0.64130434 0.01171875 0.02587991
0 0.55546875 0.61904761 0.021875 0.01449275
0 0.51015625 0.62836438 0.0328125 0.03726708
0 0.665625 0.61438923 0.0109375 0.01759834
0 0.4859375 0.61387163 0.025 0.02070393
0 0.378125 0.61231884 0.028125 0.01966873
0 0.42734375 0.60403726 0.0171875 0.02380952
0 0.64804687 0.58850931 0.00859375 0.01138716
0 0.45859375 0.57142857 0.0109375 0.02277432
0 0.38046875 0.53674948 0.0171875 0.02380952
0 0.30429687 0.53364389 0.01015625 0.03209109
0 0.47695312 0.52018633 0.01328125 0.01552795
0 0.32148437 0.51656314 0.01171875 0.01449275
0 0.4703125 0.49430641 0.0109375 0.01552795
0 0.66367187 0.47049689 0.01484375 0.01345755
0 0.31523437 0.46739130 0.01796875 0.02795031
0 0.6421875 0.45755693 0.0109375 0.02484472
0 0.65742187 0.44772256 0.00859375 0.02795031
0 0.453125 0.43581780 0.015625 0.01242236
0 0.4703125 0.43633540 0.0171875 0.02380952
0 0.571875 0.41200828 0.0109375 0.01449275
0 0.31875 0.41149068 0.0140625 0.01552795
0 0.52304687 0.41149068 0.01015625 0.01759834
0 0.67265625 0.40942028 0.0171875 0.02380952
0 0.59375 0.40838509 0.0171875 0.02380952
0 0.3515625 0.39182194 0.0171875 0.02380952
0 0.57070312 0.38043478 0.01015625 0.01138716
0 0.49140625 0.36387163 0.0078125 0.01966873
0 0.53007812 0.35559006 0.00859375 0.01759834
0 0.56640625 0.35662525 0.0140625 0.02173913
0 0.43242187 0.32971014 0.01015625 0.01345755
0 0.58632812 0.29089026 0.01640625 0.02691511
0 0.50546875 0.27639751 0.0109375 0.01242236
0 0.43046875 0.26656314 0.0171875 0.02380952
0 0.47421875 0.25724637 0.025 0.02173913
0 0.39375 0.24275362 0.0140625 0.01759834
0 0.58476562 0.19358178 0.01015625 0.01242236
0 0.646875 0.18995859 0.015625 0.01552795
0 0.43164062 0.18219461 0.00859375 0.01863354
0 0.49492187 0.17857142 0.01484375 0.01759834
0 0.56210937 0.15527950 0.00859375 0.03105590
0 0.53398437 0.13871635 0.01484375 0.02277432
0 0.40625 0.13612836 0.0171875 0.03002070
0 0.47734375 0.12111801 0.0171875 0.01863354
0 0.45273437 0.11387163 0.01171875 0.01656314
0 0.54570312 0.10351966 0.01640625 0.01449275
0 0.57617187 0.09679089 0.01015625 0.01138716
0 0.56796875 0.06573498 0.0140625 0.01759834
0 0.51757812 0.06469979 0.01328125 0.01966873
0 0.42109375 0.04089026 0.0171875 0.02380952
0 0.64609375 0.02070393 0.009375 0.02484472