0 0.4359375 0.94047619 0.0140625 0.03830227
0 0.32578125 0.92494824 0.0140625 0.01552795
0 0.35703125 0.90010351 0.015625 0.02173913
0 0.40546875 0.87474120 0.0140625 0.02070393
0 0.32695312 0.84627329 0.01328125 0.01759834
0 0.48320312 0.84213250 0.01640625 0.01552795
0 0.32695312 0.79399585 0.02109375 0.02484472
0 0.46523437 0.73498964 0.01171875 0.01449275
0 0.50351562 0.64544513 0.01328125 0.01966873
0 0.5890625 0.64440993 0.0171875 0.02173913
0 0.68320312 0.61024844 0.01484375 0.01345755
0 0.3328125 0.51656314 0.015625 0.02070393
0 0.49648437 0.48188405 0.01171875 0.01966873
0 0.30429687 0.43995859 0.03203125 0.04140786
0 0.48984375 0.37163561 0.03125 0.02691511
0 0.48554687 0.31573498 0.02109375 0.02484472
0 0.54804687 0.25931677 0.01015625 0.02795031
0 0.49179687 0.22774327 0.02421875 0.01449275
0 0.525 0.13716356 0.01875 0.03830227
0 0.36835937 0.07608695 0.01953125 0.03002070