0 0.63945312 0.94513457 0.00703125 0.01656314
0 0.54375 0.92132505 0.0078125 0.01242236
0 0.5890625 0.91977225 0.0078125 0.02587991
0 0.5140625 0.91511387 0.0140625 0.01863354
0 0.40898437 0.90579710 0.01171875 0.01035196
0 0.66875 0.88457556 0.0171875 0.02380952
0 0.47109375 0.87370600 0.0109375 0.01449275
0 0.46210937 0.84265010 0.01171875 0.01656314
0 0.40039062 0.83178053 0.01171875 0.01138716
0 0.59101562 0.82401656 0.01015625 0.01449275
0 0.35273437 0.82763975 0.01328125 0.02173913
0 0.67851562 0.82142857 0.00703125 0.03623188
0 0.61484375 0.81004140 0.015625 0.01966873
0 0.63632812 0.80383022 0.01328125 0.01759834
0 0.29335937 0.79761904 0.01015625 0.02587991
0 0.40898437 0.77898550 0.01328125 0.01552795
0 0.45117187 0.75258799 0.01015625 0.01035196
0 0.3390625 0.75569358 0.021875 0.01863354
0 0.66171875 0.75828157 0.021875 0.02587991
0 0.49023437 0.74482401 0.03828125 0.01966873
0 0.38476562 0.73498964 0.00859375 0.01242236
0 0.6734375 0.71997929 0.0171875 0.02380952
0 0.3421875 0.71790890 0.0171875 0.02380952
0 0.60273437 0.67908902 0.01640625 0.02070393
0 0.39765625 0.66925465 0.0171875 0.02380952
0 0.49375 0.66511387 0.0140625 0.03002070
0 0.52929687 0.65734989 0.01015625 0.01656314
0 0.51640625 0.65165631 0.0125 0.01552795
0 0.46171875 0.64440993 0.0171875 0.02380952
0 0.5515625 0.63612836 0.009375 0.01345755
0 0.31835937 0.62267080 0.02109375 0.01552795
0 0.52070312 0.61024844 0.02734375 0.02380952
0 0.68203125 0.60662525 0.0078125 0.01863354
0 0.39726562 0.59575569 0.01640625 0.01759834
0 0.646875 0.59006211 0.0125 0.01449275
0 0.43554687 0.58281573 0.01796875 0.02070393
0 0.471875 0.57298136 0.009375 0.01138716
0 0.353125 0.56314699 0.021875 0.02691511
0 0.40703125 0.55952380 0.0140625 0.03209109
0 0.53359375 0.52950310 0.015625 0.02173913
0 0.3734375 0.53002070 0.03125 0.03519668
0 0.59296875 0.51863354 0.0171875 0.02898550
0 0.4046875 0.50621118 0.009375 0.01656314
0 0.30195312 0.49689440 0.01015625 0.01035196
0 0.55351562 0.50414078 0.01328125 0.02898550
0 0.34882812 0.50051759 0.01171875 0.02380952
0 0.46757812 0.49016563 0.01171875 0.01345755
0 0.64609375 0.47929606 0.015625 0.01863354
0 0.453125 0.47360248 0.0171875 0.02380952
0 0.50976562 0.46532091 0.00859375 0.01345755
0 0.57734375 0.46583850 0.0203125 0.02898550
0 0.32304687 0.44099378 0.01328125 0.01656314
0 0.37421875 0.43426501 0.0109375 0.01345755
0 0.3515625 0.43012422 0.0140625 0.01759834
0 0.66484375 0.41977225 0.0125 0.01552795
0 0.40820312 0.41925465 0.01171875 0.01656314
0 0.375 0.40631469 0.0171875 0.02380952
0 0.43203125 0.40010351 0.009375 0.01345755
0 0.396875 0.38975155 0.0171875 0.02380952
0 0.46210937 0.35455486 0.01484375 0.01966873
0 0.5671875 0.34472049 0.0125 0.02484472
0 0.42421875 0.32246376 0.0140625 0.01138716
0 0.39296875 0.30279503 0.0171875 0.02380952
0 0.37148437 0.28623188 0.01484375 0.01966873
0 0.64492187 0.25828157 0.01640625 0.01552795
0 0.4859375 0.25310559 0.0171875 0.02380952
0 0.52539062 0.21583850 0.01328125 0.01759834
0 0.35039062 0.20031055 0.01484375 0.01966873
0 0.39726562 0.18840579 0.00859375 0.01449275
0 0.50273437 0.18322981 0.01484375 0.01863354
0 0.43515625 0.18374741 0.0171875 0.02380952
0 0.628125 0.16614906 0.0125 0.01552795
0 0.61328125 0.14026915 0.0109375 0.01552795
0 0.33320312 0.13612836 0.01171875 0.01552795
0 0.3890625 0.10041407 0.0140625 0.01863354
0 0.61132812 0.09472049 0.00859375 0.01345755
0 0.421875 0.09989648 0.0078125 0.02380952
0 0.47109375 0.08643892 0.0140625 0.01966873
0 0.33984375 0.08022774 0.0171875 0.02380952
0 0.36367187 0.08074534 0.01015625 0.02691511
0 0.48671875 0.06521739 0.0140625 0.02691511
0 0.57929687 0.05383022 0.01796875 0.01035196
0 0.54804687 0.05590062 0.01640625 0.02070393
0 0.40273437 0.04606625 0.01171875 0.01552795