0 0.67148437 0.86231884 0.01953125 0.02484472
0 0.31796875 0.84109730 0.0140625 0.01552795
0 0.48671875 0.83488612 0.01875 0.02587991
0 0.35195312 0.78416149 0.01328125 0.02380952
0 0.65820312 0.76604554 0.01640625 0.02484472
0 0.35898437 0.73395445 0.01484375 0.01449275
0 0.56289062 0.71014492 0.03671875 0.04140786
0 0.58789062 0.68012422 0.01171875 0.02070393
0 0.55742187 0.65269151 0.01171875 0.02173913
0 0.5140625 0.54917184 0.0453125 0.02587991
0 0.36601562 0.53571428 0.02734375 0.01759834
0 0.57773437 0.52898550 0.02421875 0.01449275
0 0.5921875 0.47515527 0.021875 0.02277432
0 0.375 0.33436853 0.015625 0.02484472
0 0.47617187 0.32763975 0.01328125 0.01552795
0 0.49375 0.32815734 0.0140625 0.02070393
0 0.60898437 0.28053830 0.02109375 0.01449275
0 0.64023437 0.27380952 0.01640625 0.01966873
0 0.478125 0.27484472 0.0171875 0.02173913
0 0.5765625 0.25931677 0.01875 0.02380952