0 0.43320312 0.99171842 0.00703125 0.01656314
0 0.35195312 0.94151138 0.01484375 0.01759834
0 0.29453125 0.93633540 0.0109375 0.01345755
0 0.65585937 0.91770186 0.01015625 0.01138716
0 0.40234375 0.89182194 0.009375 0.01345755
0 0.5953125 0.86542443 0.0109375 0.01449275
0 0.43476562 0.86697722 0.02265625 0.02380952
0 0.64765625 0.85144927 0.0078125 0.01345755
0 0.4125 0.84316770 0.0109375 0.01345755
0 0.44648437 0.84161490 0.01171875 0.01863354
0 0.52382812 0.82971014 0.01328125 0.01759834
0 0.60585937 0.81884057 0.01171875 0.01449275
0 0.33828125 0.82039337 0.0125 0.02795031
0 0.64414062 0.81211180 0.01171875 0.01345755
0 0.67226562 0.81055900 0.01484375 0.01242236
0 0.34921875 0.81107660 0.0140625 0.01759834
0 0.61445312 0.79347826 0.00703125 0.01138716
0 0.6140625 0.75362318 0.015625 0.02070393
0 0.59648437 0.74585921 0.01484375 0.01759834
0 0.39726562 0.74689440 0.03046875 0.03416149
0 0.50546875 0.72670807 0.0125 0.01449275
0 0.56171875 0.72153209 0.0125 0.01656314
0 0.34375 0.72153209 0.0078125 0.02070393
0 0.44648437 0.71118012 0.01171875 0.01863354
0 0.65078125 0.69565217 0.015625 0.01863354
0 0.578125 0.69409937 0.0109375 0.01759834
0 0.49804687 0.68892339 0.01640625 0.01759834
0 0.33476562 0.67857142 0.00859375 0.01138716
0 0.665625 0.67391304 0.0125 0.01656314
0 0.39609375 0.66200828 0.0171875 0.02380952
0 0.490625 0.65269151 0.0125 0.01138716
0 0.34960937 0.64906832 0.02890625 0.01242236
0 0.55117187 0.63457556 0.01171875 0.01449275
0 0.50039062 0.61387163 0.01171875 0.01863354
0 0.63515625 0.60869565 0.0171875 0.01035196
0 0.4375 0.58385093 0.0125 0.01656314
0 0.45195312 0.57556935 0.01015625 0.01242236
0 0.62265625 0.56728778 0.0140625 0.01863354
0 0.65195312 0.56004140 0.01015625 0.01449275
0 0.35703125 0.54554865 0.0234375 0.03105590
0 0.68476562 0.53985507 0.01484375 0.02380952
0 0.50351562 0.52277432 0.01015625 0.01242236
0 0.55664062 0.49534161 0.01015625 0.01345755
0 0.30117187 0.48395445 0.00859375 0.01759834
0 0.65703125 0.48602484 0.0171875 0.02380952
0 0.63476562 0.48447204 0.02578125 0.02898550
0 0.33203125 0.45341614 0.0109375 0.01449275
0 0.30234375 0.43115942 0.0171875 0.02380952
0 0.51757812 0.42857142 0.04453125 0.02898550
0 0.38945312 0.42184265 0.02421875 0.02587991
0 0.4015625 0.39699792 0.009375 0.01345755
0 0.5734375 0.38354037 0.0078125 0.01759834
0 0.53554687 0.36387163 0.01953125 0.01966873
0 0.54414062 0.34265010 0.01171875 0.01035196
0 0.5796875 0.35093167 0.01875 0.02898550
0 0.4265625 0.34161490 0.009375 0.01242236
0 0.34257812 0.33850931 0.00703125 0.01242236
0 0.55859375 0.33229813 0.009375 0.01656314
0 0.41484375 0.31055900 0.0109375 0.02484472
0 0.59296875 0.30952380 0.0125 0.02898550
0 0.47539062 0.30900621 0.01015625 0.02795031
0 0.35976562 0.29451345 0.01640625 0.02173913
0 0.59960937 0.26811594 0.01171875 0.01449275
0 0.4078125 0.25155279 0.0125 0.01242236
0 0.41640625 0.23240165 0.009375 0.01345755
0 0.34257812 0.23033126 0.01015625 0.01552795
0 0.40273437 0.21687370 0.01328125 0.01138716
0 0.54375 0.21894409 0.0171875 0.02380952
0 0.59101562 0.21325051 0.02265625 0.03312629
0 0.55546875 0.19720496 0.009375 0.01759834
0 0.40625 0.17443064 0.0140625 0.01966873
0 0.44023437 0.16149068 0.01015625 0.01242236
0 0.56875 0.13405797 0.015625 0.01345755
0 0.61289062 0.12681159 0.01015625 0.01138716
0 0.40273437 0.10300207 0.01015625 0.01345755
0 0.6140625 0.06469979 0.0171875 0.01138716
0 0.36523437 0.05590062 0.01171875 0.01449275
0 0.54023437 0.04296066 0.00859375 0.01966873
0 0.52109375 0.04503105 0.0140625 0.02380952
0 0.32539062 0.03726708 0.01328125 0.01449275
0 0.5921875 0.03778467 0.009375 0.02587991
0 0.30742187 0.02743271 0.02734375 0.02587991
0 0.69375 0.01242236 0.0234375 0.02484472
0 0.30351562 0.00517598 0.01640625 0.01035196