0 0.44960937 0.89130434 0.03828125 0.02484472
0 0.6546875 0.88302277 0.0203125 0.02277432
0 0.41953125 0.88198757 0.0171875 0.03105590
0 0.31953125 0.85144927 0.01875 0.02173913
0 0.62109375 0.79554865 0.0203125 0.02795031
0 0.3171875 0.75258799 0.0203125 0.03726708
0 0.36835937 0.73861283 0.01640625 0.02380952
0 0.61367187 0.73395445 0.01796875 0.01656314
0 0.40976562 0.74171842 0.01640625 0.04037267
0 0.64765625 0.68064182 0.0125 0.02173913
0 0.559375 0.64026915 0.0234375 0.01966873
0 0.66953125 0.60973084 0.0203125 0.02691511
0 0.57773437 0.54347826 0.02421875 0.01449275
0 0.39609375 0.45755693 0.015625 0.02484472
0 0.61875 0.41977225 0.0171875 0.01759834
0 0.5390625 0.33540372 0.0171875 0.01242236
0 0.37617187 0.28623188 0.01640625 0.01759834
0 0.59726562 0.23913043 0.01640625 0.02277432
0 0.41210937 0.12422360 0.03046875 0.04140786
0 0.63515625 0.07919254 0.0203125 0.05279503