0 0.60546875 0.97981366 0.0171875 0.02380952
0 0.59023437 0.96583850 0.00859375 0.02277432
0 0.3359375 0.95859213 0.0109375 0.01242236
0 0.43984375 0.96118012 0.0171875 0.02380952
0 0.51132812 0.95859213 0.00859375 0.02277432
0 0.3109375 0.95755693 0.0140625 0.03519668
0 0.61835937 0.93530020 0.01171875 0.01345755
0 0.44609375 0.92701863 0.0171875 0.02380952
0 0.36171875 0.92287784 0.009375 0.01966873
0 0.38984375 0.92028985 0.0125 0.01656314
0 0.42460937 0.89751552 0.01328125 0.01863354
0 0.52148437 0.89492753 0.01484375 0.01966873
0 0.67734375 0.85093167 0.0109375 0.01656314
0 0.30703125 0.84679089 0.0125 0.01656314
0 0.47734375 0.84679089 0.015625 0.02277432
0 0.6125 0.83592132 0.0140625 0.01552795
0 0.65546875 0.83333333 0.009375 0.01242236
0 0.43320312 0.82453416 0.01328125 0.01759834
0 0.52734375 0.81884057 0.009375 0.01242236
0 0.40859375 0.81107660 0.0171875 0.02380952
0 0.60195312 0.77587991 0.00859375 0.01552795
0 0.4375 0.76604554 0.009375 0.01242236
0 0.30078125 0.77070393 0.0125 0.02173913
0 0.59882812 0.75362318 0.01484375 0.01656314
0 0.68085937 0.73809523 0.01171875 0.01863354
0 0.66640625 0.71221532 0.0078125 0.02277432
0 0.51210937 0.70962732 0.01171875 0.02380952
0 0.446875 0.69099378 0.00625 0.00931677
0 0.39453125 0.66097308 0.009375 0.01552795
0 0.65039062 0.65476190 0.01171875 0.01552795
0 0.56484375 0.65320910 0.009375 0.01242236
0 0.29335937 0.65217391 0.01015625 0.01242236
0 0.39453125 0.62991718 0.015625 0.01138716
0 0.56171875 0.62008281 0.0109375 0.01242236
0 0.62421875 0.61749482 0.0109375 0.01552795
0 0.35078125 0.61749482 0.0078125 0.02173913
0 0.43242187 0.61024844 0.01484375 0.01138716
0 0.45585937 0.60817805 0.01953125 0.01552795
0 0.67304687 0.60766045 0.01328125 0.02898550
0 0.31484375 0.60300207 0.0171875 0.02380952
0 0.57460937 0.58954451 0.03359375 0.02587991
0 0.47890625 0.58643892 0.0171875 0.02380952
0 0.53359375 0.56935817 0.009375 0.01242236
0 0.51601562 0.56884057 0.01171875 0.01138716
0 0.428125 0.54244306 0.0125 0.01863354
0 0.35546875 0.54192546 0.0171875 0.02380952
0 0.58085937 0.53157349 0.01015625 0.01345755
0 0.31132812 0.50931677 0.01796875 0.01449275
0 0.40390625 0.49637681 0.0125 0.01759834
0 0.37226562 0.47929606 0.01484375 0.02070393
0 0.50976562 0.47360248 0.02421875 0.01345755
0 0.67773437 0.46118012 0.01171875 0.01138716
0 0.5984375 0.44358178 0.0109375 0.01345755
0 0.42890625 0.43633540 0.0078125 0.02173913
0 0.53320312 0.42443064 0.01328125 0.01656314
0 0.63984375 0.40890269 0.009375 0.01449275
0 0.546875 0.38302277 0.0109375 0.01449275
0 0.43789062 0.37732919 0.01015625 0.01138716
0 0.41132812 0.37784679 0.01796875 0.02691511
0 0.40820312 0.34886128 0.01328125 0.01035196
0 0.38359375 0.34886128 0.009375 0.01242236
0 0.55429687 0.34886128 0.01171875 0.01449275
0 0.584375 0.34265010 0.015625 0.01449275
0 0.55625 0.33178053 0.009375 0.01345755
0 0.45859375 0.33540372 0.0125 0.02484472
0 0.634375 0.30383022 0.0109375 0.01552795
0 0.521875 0.30072463 0.0078125 0.01345755
0 0.61132812 0.29761904 0.00859375 0.03002070
0 0.49101562 0.28209109 0.00859375 0.01759834
0 0.459375 0.24844720 0.01875 0.01656314
0 0.34296875 0.23550724 0.0125 0.01759834
0 0.525 0.23084886 0.0125 0.01449275
0 0.38320312 0.22877846 0.01484375 0.01449275
0 0.36054687 0.21066252 0.02421875 0.01345755
0 0.5625 0.20393374 0.0125 0.01656314
0 0.571875 0.18737060 0.0109375 0.01242236
0 0.5296875 0.18012422 0.0109375 0.01242236
0 0.43554687 0.18271221 0.01953125 0.04244306
0 0.5 0.16356107 0.0140625 0.01656314
0 0.609375 0.15683229 0.01875 0.01966873
0 0.34375 0.14855072 0.015625 0.02380952
0 0.4 0.13405797 0.0125 0.01345755
0 0.43476562 0.13302277 0.02109375 0.05279503
0 0.44726562 0.09213250 0.01328125 0.02070393
0 0.59726562 0.08333333 0.00703125 0.00931677
0 0.353125 0.05124223 0.0171875 0.02380952
0 0.4078125 0.03002070 0.0109375 0.02070393
0 0.58125 0.02743271 0.015625 0.01966873
0 0.34453125 0.02484472 0.0171875 0.01863354
0 0.60546875 0.02122153 0.0171875 0.02380952
0 0.45351562 0.00983436 0.00703125 0.01345755