0 0.57851562 0.88509316 0.01796875 0.01656314
0 0.39375 0.88198757 0.0171875 0.03105590
0 0.43984375 0.85817805 0.0171875 0.02070393
0 0.31796875 0.84109730 0.0140625 0.01552795
0 0.6 0.81935817 0.0265625 0.02380952
0 0.35625 0.78416149 0.021875 0.02795031
0 0.3171875 0.77070393 0.0140625 0.01759834
0 0.62617187 0.65217391 0.01796875 0.02277432
0 0.37109375 0.54244306 0.0375 0.03105590
0 0.51171875 0.53312629 0.05 0.05797101
0 0.4171875 0.48498964 0.015625 0.02795031
0 0.3890625 0.45755693 0.0140625 0.02484472
0 0.4578125 0.43788819 0.0171875 0.01449275
0 0.64648437 0.43892339 0.01640625 0.03726708
0 0.34570312 0.42753623 0.01796875 0.02484472
0 0.4359375 0.37784679 0.0140625 0.01656314
0 0.3765625 0.34523809 0.01875 0.01345755
0 0.49375 0.32815734 0.0140625 0.02070393
0 0.609375 0.29658385 0.01875 0.01552795
0 0.5078125 0.29606625 0.015625 0.02484472
0 0.42578125 0.27846790 0.0234375 0.02898550
0 0.50859375 0.27225672 0.015625 0.01863354
0 0.60507812 0.23188405 0.01640625 0.02484472
0 0.51171875 0.22360248 0.028125 0.02691511
0 0.34609375 0.07039337 0.0203125 0.02691511