0 0.31953125 0.87784679 0.01875 0.02070393
0 0.64609375 0.88509316 0.0375 0.04140786
0 0.35664062 0.82194616 0.01328125 0.02277432
0 0.39140625 0.73964803 0.01875 0.02173913
0 0.60742187 0.71687370 0.01640625 0.02380952
0 0.47148437 0.55848861 0.01171875 0.03209109
0 0.37304687 0.48706004 0.02109375 0.03209109
0 0.56914062 0.46997929 0.02890625 0.02898550
0 0.40625 0.45755693 0.0171875 0.02484472
0 0.4578125 0.43788819 0.0171875 0.01449275
0 0.56914062 0.42546583 0.02890625 0.02898550
0 0.38046875 0.38095238 0.0171875 0.02070393
0 0.375 0.33436853 0.015625 0.02484472
0 0.51328125 0.31832298 0.0171875 0.02587991
0 0.63085937 0.30072463 0.03515625 0.07349896