0 0.48046875 0.95496894 0.015625 0.02380952
0 0.47578125 0.93685300 0.0125 0.01656314
0 0.66328125 0.92287784 0.0125 0.01552795
0 0.62070312 0.92132505 0.01328125 0.02277432
0 0.31601562 0.90113871 0.01171875 0.01552795
0 0.38945312 0.89078674 0.01015625 0.01138716
0 0.42929687 0.87422360 0.01171875 0.01759834
0 0.66328125 0.87111801 0.0109375 0.01345755
0 0.45976562 0.86904761 0.01015625 0.01138716
0 0.52734375 0.86853002 0.0109375 0.01656314
0 0.29609375 0.86853002 0.015625 0.01656314
0 0.44335937 0.85662525 0.00859375 0.01138716
0 0.40234375 0.85144927 0.0109375 0.00931677
0 0.63398437 0.83902691 0.01015625 0.01345755
0 0.31679687 0.83436853 0.01171875 0.01656314
0 0.3859375 0.82815734 0.0140625 0.01656314
0 0.53945312 0.81159420 0.01015625 0.01242236
0 0.44296875 0.80797101 0.0109375 0.01345755
0 0.31484375 0.79503105 0.009375 0.01242236
0 0.35234375 0.78312629 0.01875 0.01759834
0 0.52851562 0.75414078 0.01171875 0.01345755
0 0.55273437 0.73809523 0.01015625 0.01242236
0 0.51523437 0.73964803 0.01328125 0.01552795
0 0.62578125 0.74171842 0.0171875 0.02380952
0 0.46171875 0.73654244 0.009375 0.01966873
0 0.34375 0.73033126 0.009375 0.01552795
0 0.303125 0.72929606 0.0109375 0.01552795
0 0.59101562 0.72826086 0.01015625 0.01552795
0 0.68203125 0.70962732 0.01875 0.02380952
0 0.4921875 0.70238095 0.0171875 0.02380952
0 0.33320312 0.68478260 0.02265625 0.01345755
0 0.39296875 0.65890269 0.0109375 0.01552795
0 0.4515625 0.65890269 0.0171875 0.02380952
0 0.36367187 0.61956521 0.00859375 0.02587991
0 0.653125 0.59109730 0.0125 0.01656314
0 0.5140625 0.58592132 0.0109375 0.01242236
0 0.37773437 0.58799171 0.01015625 0.01656314
0 0.3328125 0.57815734 0.0109375 0.01552795
0 0.50664062 0.56469979 0.01328125 0.01759834
0 0.37460937 0.54710144 0.01015625 0.01345755
0 0.59140625 0.54140786 0.0109375 0.01656314
0 0.54882812 0.54813664 0.02578125 0.03416149
0 0.49726562 0.53726708 0.01328125 0.01242236
0 0.41796875 0.51552795 0.0125 0.02898550
0 0.54609375 0.49171842 0.0125 0.01035196
0 0.47695312 0.49378881 0.01484375 0.01449275
0 0.49804687 0.49223602 0.01171875 0.01552795
0 0.32851562 0.48861283 0.01328125 0.01863354
0 0.65742187 0.47981366 0.01171875 0.01552795
0 0.4640625 0.47929606 0.009375 0.01656314
0 0.29648437 0.45910973 0.01171875 0.01966873
0 0.559375 0.45186335 0.0171875 0.02380952
0 0.44648437 0.43995859 0.01171875 0.01449275
0 0.50585937 0.43167701 0.01328125 0.01656314
0 0.60078125 0.43426501 0.0171875 0.02380952
0 0.36289062 0.42805383 0.00859375 0.01552795
0 0.30546875 0.41873706 0.0125 0.01759834
0 0.39375 0.40786749 0.015625 0.01242236
0 0.34921875 0.40838509 0.0109375 0.01552795
0 0.45234375 0.40113871 0.0171875 0.02380952
0 0.40429687 0.39130434 0.00859375 0.01242236
0 0.62890625 0.38975155 0.0078125 0.02173913
0 0.59648437 0.37888198 0.01640625 0.01242236
0 0.45585937 0.37888198 0.01328125 0.01449275
0 0.49335937 0.37370600 0.01015625 0.01449275
0 0.46367187 0.36335403 0.01171875 0.01449275
0 0.37890625 0.33074534 0.0203125 0.01759834
0 0.49609375 0.28985507 0.0109375 0.01449275
0 0.52070312 0.28260869 0.01796875 0.03312629
0 0.63476562 0.26138716 0.03671875 0.04451345
0 0.5796875 0.24327122 0.0109375 0.01035196
0 0.46015625 0.19461697 0.0078125 0.01656314
0 0.5453125 0.16097308 0.0109375 0.01345755
0 0.51367187 0.16045548 0.01015625 0.01449275
0 0.4390625 0.15165631 0.0109375 0.01345755
0 0.35976562 0.15113871 0.02109375 0.02484472
0 0.46835937 0.14130434 0.02578125 0.01966873
0 0.41523437 0.10973084 0.01015625 0.01449275
0 0.53710937 0.10093167 0.02734375 0.03209109
0 0.39023437 0.09420289 0.01328125 0.01863354
0 0.35664062 0.08229813 0.01015625 0.01138716
0 0.50273437 0.07401656 0.01015625 0.01552795
0 0.60507812 0.07919254 0.01796875 0.02795031
0 0.3671875 0.05641821 0.01875 0.02380952
0 0.51484375 0.03467908 0.0171875 0.02380952
0 0.32226562 0.00517598 0.01015625 0.01035196