0 0.37226562 0.99482401 0.01640625 0.01035196
0 0.53046875 0.98395445 0.0109375 0.01966873
0 0.68671875 0.97981366 0.01875 0.02173913
0 0.45429687 0.96842650 0.01171875 0.01345755
0 0.62265625 0.93737060 0.0171875 0.02380952
0 0.61132812 0.91770186 0.01328125 0.01552795
0 0.5046875 0.89648033 0.0078125 0.01242236
0 0.59101562 0.87991718 0.01015625 0.01656314
0 0.52070312 0.87267080 0.01015625 0.02898550
0 0.64726562 0.86283643 0.01015625 0.01759834
0 0.58789062 0.83695652 0.01484375 0.01966873
0 0.51679687 0.81677018 0.01328125 0.02070393
0 0.6203125 0.81159420 0.0109375 0.01242236
0 0.35273437 0.80383022 0.01171875 0.01345755
0 0.5921875 0.80331262 0.0171875 0.02898550
0 0.31328125 0.79192546 0.0109375 0.01449275
0 0.29375 0.77484472 0.0109375 0.01138716
0 0.41132812 0.77587991 0.01328125 0.01552795
0 0.48398437 0.76501035 0.01640625 0.02898550
0 0.41992187 0.75414078 0.01171875 0.00931677
0 0.390625 0.75 0.0171875 0.00931677
0 0.62929687 0.75414078 0.01796875 0.01966873
0 0.33046875 0.75155279 0.0140625 0.01656314
0 0.45195312 0.74637681 0.01484375 0.01449275
0 0.35039062 0.74534161 0.01015625 0.01449275
0 0.31328125 0.74016563 0.009375 0.01242236
0 0.55898437 0.73757763 0.03671875 0.02587991
0 0.484375 0.73343685 0.0140625 0.02173913
0 0.5140625 0.72619047 0.0125 0.01552795
0 0.3890625 0.71221532 0.0109375 0.01449275
0 0.49414062 0.69202898 0.01171875 0.01552795
0 0.61796875 0.69565217 0.040625 0.02898550
0 0.475 0.67132505 0.0171875 0.02380952
0 0.5125 0.66149068 0.0109375 0.01449275
0 0.35898437 0.65942028 0.01953125 0.02277432
0 0.546875 0.65424430 0.009375 0.01656314
0 0.30078125 0.64803312 0.009375 0.01242236
0 0.56914062 0.64648033 0.01328125 0.01552795
0 0.55117187 0.63457556 0.00859375 0.01242236
0 0.52265625 0.63198757 0.0171875 0.02380952
0 0.41914062 0.61335403 0.01171875 0.01345755
0 0.30195312 0.60973084 0.01484375 0.02484472
0 0.40195312 0.60248447 0.01484375 0.01863354
0 0.37265625 0.58695652 0.0171875 0.02484472
0 0.49179687 0.57091097 0.01484375 0.02380952
0 0.64570312 0.56728778 0.00859375 0.02277432
0 0.52773437 0.55331262 0.00859375 0.01759834
0 0.64609375 0.53726708 0.0125 0.01242236
0 0.4328125 0.53002070 0.0078125 0.01242236
0 0.53632812 0.51604554 0.01484375 0.01966873
0 0.49101562 0.49275362 0.00859375 0.01242236
0 0.36679687 0.44409937 0.01640625 0.02898550
0 0.515625 0.43788819 0.0109375 0.02070393
0 0.4765625 0.43219461 0.0203125 0.01138716
0 0.58945312 0.44047619 0.01796875 0.03002070
0 0.68242187 0.40424430 0.01640625 0.01966873
0 0.3515625 0.40217391 0.0109375 0.01552795
0 0.59570312 0.38923395 0.01171875 0.01449275
0 0.61367187 0.38509316 0.01640625 0.01656314
0 0.30703125 0.37525879 0.0109375 0.01345755
0 0.55429687 0.37525879 0.00859375 0.01552795
0 0.63164062 0.36956521 0.01640625 0.01035196
0 0.5203125 0.36231884 0.0125 0.02898550
0 0.43710937 0.33850931 0.01015625 0.01449275
0 0.5859375 0.34109730 0.0171875 0.02380952
0 0.56367187 0.32349896 0.01015625 0.01552795
0 0.48203125 0.31521739 0.009375 0.01552795
0 0.53671875 0.31004140 0.0171875 0.02380952
0 0.33007812 0.28416149 0.00859375 0.01552795
0 0.38242187 0.29244306 0.02265625 0.03416149
0 0.58789062 0.28416149 0.02734375 0.02380952
0 0.34960937 0.26345755 0.00703125 0.03209109
0 0.60039062 0.25 0.02421875 0.02587991
0 0.49375 0.23291925 0.0265625 0.01449275
0 0.33984375 0.19616977 0.0078125 0.01138716
0 0.33125 0.17701863 0.009375 0.01242236
0 0.57070312 0.16563146 0.01171875 0.01863354
0 0.48476562 0.14751552 0.01015625 0.01759834
0 0.62109375 0.13302277 0.0078125 0.01345755
0 0.55429687 0.13405797 0.01953125 0.02173913
0 0.48828125 0.10455486 0.0078125 0.01035196
0 0.62109375 0.10144927 0.0109375 0.01242236
0 0.42226562 0.05848861 0.01328125 0.01552795
0 0.61601562 0.05848861 0.02109375 0.02587991
0 0.38242187 0.02950310 0.00859375 0.01966873
0 0.46757812 0.00983436 0.01484375 0.01552795
0 0.59726562 0.00983436 0.01015625 0.01966873