0 0.39375 0.97981366 0.0171875 0.02380952
0 0.44179687 0.96273291 0.01015625 0.01863354
0 0.43945312 0.93737060 0.01171875 0.01345755
0 0.51835937 0.91252587 0.01171875 0.01552795
0 0.53671875 0.89751552 0.0125 0.01242236
0 0.61679687 0.89130434 0.01015625 0.01242236
0 0.46484375 0.88871635 0.0140625 0.01138716
0 0.4140625 0.88768115 0.009375 0.01345755
0 0.36914062 0.88716356 0.01328125 0.01242236
0 0.49960937 0.87991718 0.00859375 0.01035196
0 0.68476562 0.88561076 0.01328125 0.02380952
0 0.53007812 0.87525879 0.01171875 0.01345755
0 0.35195312 0.87577639 0.01171875 0.01449275
0 0.575 0.87629399 0.0109375 0.01966873
0 0.39609375 0.86180124 0.0109375 0.01345755
0 0.62617187 0.85817805 0.01171875 0.01656314
0 0.5765625 0.84679089 0.0203125 0.01035196
0 0.553125 0.84109730 0.0171875 0.02380952
0 0.49257812 0.82815734 0.01171875 0.01863354
0 0.66875 0.82194616 0.01875 0.02070393
0 0.4 0.82556935 0.03125 0.04037267
0 0.43398437 0.79606625 0.01015625 0.02070393
0 0.61445312 0.77795031 0.01015625 0.01759834
0 0.31289062 0.75776397 0.01171875 0.01035196
0 0.65 0.75310559 0.0171875 0.02380952
0 0.35546875 0.74637681 0.0109375 0.01449275
0 0.30898437 0.73498964 0.01328125 0.01656314
0 0.33007812 0.72412008 0.01171875 0.01552795
0 0.55976562 0.69151138 0.00859375 0.01449275
0 0.66484375 0.68995859 0.0171875 0.02380952
0 0.48242187 0.65476190 0.01640625 0.01759834
0 0.590625 0.65010351 0.0109375 0.01449275
0 0.5171875 0.65113871 0.0109375 0.02070393
0 0.61328125 0.64751552 0.009375 0.01552795
0 0.33554687 0.64803312 0.01171875 0.01863354
0 0.66679687 0.64440993 0.01171875 0.01759834
0 0.57851562 0.63768115 0.01015625 0.01656314
0 0.62109375 0.63146997 0.0140625 0.01656314
0 0.44453125 0.61697722 0.0125 0.01656314
0 0.584375 0.61542443 0.0171875 0.01552795
0 0.43203125 0.61594202 0.0078125 0.01656314
0 0.3921875 0.60714285 0.0125 0.01966873
0 0.64726562 0.60403726 0.01328125 0.01552795
0 0.51914062 0.59937888 0.01015625 0.01449275
0 0.615625 0.58436853 0.0125 0.01966873
0 0.36523437 0.57298136 0.01171875 0.01759834
0 0.67226562 0.56573498 0.01015625 0.01345755
0 0.33046875 0.56987577 0.0171875 0.02380952
0 0.46679687 0.56366459 0.01015625 0.01552795
0 0.50585937 0.54968944 0.01015625 0.01656314
0 0.52578125 0.53778467 0.0125 0.01552795
0 0.66992187 0.53364389 0.01171875 0.01345755
0 0.44257812 0.53002070 0.01015625 0.01656314
0 0.59335937 0.53571428 0.02109375 0.03209109
0 0.640625 0.51449275 0.0109375 0.01242236
0 0.52460937 0.51449275 0.01171875 0.01656314
0 0.47929687 0.52070393 0.02109375 0.02898550
0 0.35039062 0.49741200 0.01484375 0.01345755
0 0.30585937 0.49896480 0.01328125 0.01656314
0 0.46210937 0.49792960 0.01328125 0.02070393
0 0.48046875 0.47774327 0.0109375 0.01552795
0 0.340625 0.43892339 0.009375 0.01449275
0 0.45195312 0.43374741 0.01015625 0.01242236
0 0.52382812 0.42857142 0.01015625 0.01242236
0 0.3046875 0.41459627 0.015625 0.01345755
0 0.59609375 0.40424430 0.0078125 0.01138716
0 0.42929687 0.39648033 0.01171875 0.02898550
0 0.33710937 0.36387163 0.01484375 0.02380952
0 0.58242187 0.32608695 0.01015625 0.01035196
0 0.4515625 0.32401656 0.009375 0.01242236
0 0.36328125 0.32039337 0.0171875 0.02380952
0 0.39804687 0.31159420 0.00703125 0.01035196
0 0.4671875 0.30797101 0.0109375 0.01138716
0 0.615625 0.30279503 0.0171875 0.02380952
0 0.48828125 0.29503105 0.0109375 0.01656314
0 0.55507812 0.27277432 0.01796875 0.01759834
0 0.5234375 0.25879917 0.0234375 0.02691511
0 0.33203125 0.24171842 0.0125 0.01552795
0 0.4609375 0.23964803 0.0109375 0.01552795
0 0.57890625 0.23240165 0.0203125 0.02380952
0 0.38710937 0.21583850 0.01484375 0.01552795
0 0.57617187 0.20600414 0.01015625 0.01242236
0 0.49648437 0.18840579 0.01015625 0.01242236
0 0.3671875 0.17494824 0.0125 0.01863354
0 0.56640625 0.16666666 0.0125 0.01656314
0 0.49140625 0.15476190 0.0203125 0.04658385
0 0.46796875 0.13509316 0.0125 0.01345755
0 0.62382812 0.10610766 0.01171875 0.01345755
0 0.5984375 0.08643892 0.009375 0.01759834
0 0.53359375 0.07505175 0.015625 0.01966873
0 0.33203125 0.06469979 0.009375 0.01552795
0 0.465625 0.06262939 0.0171875 0.02380952
0 0.46171875 0.02898550 0.0171875 0.02484472
0 0.6421875 0.02432712 0.0171875 0.02380952