0 0.51015625 0.88405797 0.0140625 0.01656314
0 0.6453125 0.84834368 0.0109375 0.01759834
0 0.68671875 0.84575569 0.009375 0.01656314
0 0.64726562 0.76345755 0.02265625 0.03209109
0 0.34882812 0.67391304 0.01328125 0.02070393
0 0.31210937 0.60869565 0.01484375 0.00828157
0 0.40078125 0.52173913 0.0203125 0.03726708
0 0.36757812 0.47722567 0.02265625 0.02898550
0 0.45 0.43892339 0.015625 0.01863354
0 0.30390625 0.41873706 0.021875 0.02587991
0 0.40078125 0.36180124 0.015625 0.02173913
0 0.61367187 0.33488612 0.03515625 0.02587991
0 0.5328125 0.32660455 0.0171875 0.03209109
0 0.46328125 0.17701863 0.0140625 0.02070393
0 0.55625 0.16770186 0.015625 0.01863354
0 0.5921875 0.13146997 0.0171875 0.02277432
0 0.39882812 0.11697722 0.01015625 0.01242236
0 0.41953125 0.06677018 0.0109375 0.00931677