0 0.62773437 0.88612836 0.01640625 0.02070393
0 0.31796875 0.84109730 0.0140625 0.01552795
0 0.60507812 0.81935817 0.01640625 0.02380952
0 0.37929687 0.74275362 0.01796875 0.01552795
0 0.61367187 0.73757763 0.01796875 0.02380952
0 0.64414062 0.69358178 0.01796875 0.02070393
0 0.61210937 0.60300207 0.01953125 0.03002070
0 0.5515625 0.49792960 0.0234375 0.02484472
0 0.3078125 0.47360248 0.01875 0.04451345
0 0.64648437 0.43892339 0.01640625 0.03726708
0 0.40585937 0.42598343 0.01796875 0.02587991
0 0.43164062 0.42339544 0.01640625 0.03105590
0 0.40820312 0.36024844 0.02421875 0.02277432
0 0.38046875 0.35455486 0.01875 0.02173913
0 0.51015625 0.30590062 0.0203125 0.01552795
0 0.42265625 0.29554865 0.0296875 0.02173913
0 0.61757812 0.28881987 0.03515625 0.03105590
0 0.60507812 0.23188405 0.01640625 0.02484472
0 0.4390625 0.15631469 0.028125 0.02691511