0 0.54140625 0.96480331 0.0109375 0.01242236
0 0.66914062 0.94979296 0.00859375 0.02380952
0 0.4921875 0.94409937 0.015625 0.01863354
0 0.52539062 0.94202898 0.01484375 0.02691511
0 0.54414062 0.92184265 0.00859375 0.01552795
0 0.56992187 0.90838509 0.01171875 0.01552795
0 0.3875 0.91252587 0.0171875 0.02380952
0 0.29804687 0.90838509 0.01484375 0.01966873
0 0.38125 0.88612836 0.01875 0.01035196
0 0.6 0.88405797 0.0109375 0.02277432
0 0.32421875 0.87474120 0.0109375 0.01656314
0 0.33671875 0.87008281 0.0109375 0.01345755
0 0.390625 0.86542443 0.01875 0.01035196
0 0.4828125 0.85455486 0.0140625 0.01345755
0 0.46328125 0.83488612 0.0171875 0.02380952
0 0.62421875 0.82971014 0.015625 0.01552795
0 0.4890625 0.81935817 0.0171875 0.02380952
0 0.43984375 0.81107660 0.0109375 0.01552795
0 0.30625 0.81314699 0.0171875 0.02380952
0 0.621875 0.78674948 0.009375 0.01242236
0 0.4671875 0.78364389 0.0125 0.01035196
0 0.65898437 0.78209109 0.02890625 0.00931677
0 0.5796875 0.75931677 0.0109375 0.01552795
0 0.67734375 0.75258799 0.0140625 0.01242236
0 0.56757812 0.74637681 0.01328125 0.01242236
0 0.37226562 0.74844720 0.01640625 0.01863354
0 0.33203125 0.73757763 0.0109375 0.01345755
0 0.49335937 0.73291925 0.01171875 0.01656314
0 0.5546875 0.72412008 0.0171875 0.02380952
0 0.3171875 0.72308488 0.0171875 0.02380952
0 0.62578125 0.70962732 0.0171875 0.02380952
0 0.58515625 0.70445134 0.0171875 0.02380952
0 0.46367187 0.66045548 0.01015625 0.01449275
0 0.52304687 0.64958592 0.00859375 0.02587991
0 0.675 0.64233954 0.009375 0.02173913
0 0.60898437 0.63664596 0.01484375 0.01449275
0 0.309375 0.62732919 0.0140625 0.01656314
0 0.54921875 0.62422360 0.0109375 0.01242236
0 0.33007812 0.60869565 0.02109375 0.02898550
0 0.55273437 0.59265010 0.01171875 0.01552795
0 0.63007812 0.59265010 0.00703125 0.02173913
0 0.48710937 0.58643892 0.01328125 0.02173913
0 0.52421875 0.55952380 0.009375 0.01966873
0 0.64375 0.56159420 0.015625 0.02587991
0 0.50195312 0.54968944 0.01015625 0.01242236
0 0.571875 0.55020703 0.0109375 0.01759834
0 0.59140625 0.54451345 0.0078125 0.01035196
0 0.45664062 0.53778467 0.00859375 0.01345755
0 0.35117187 0.52639751 0.01328125 0.01552795
0 0.44296875 0.51863354 0.0109375 0.01035196
0 0.52070312 0.51811594 0.01171875 0.01345755
0 0.5046875 0.47670807 0.009375 0.00931677
0 0.46523437 0.47360248 0.00703125 0.01345755
0 0.4359375 0.47256728 0.0109375 0.01345755
0 0.39296875 0.45962732 0.0125 0.01656314
0 0.3140625 0.45703933 0.0125 0.01552795
0 0.37109375 0.44461697 0.0109375 0.01552795
0 0.31289062 0.44151138 0.01171875 0.01138716
0 0.496875 0.43271221 0.0125 0.01242236
0 0.6421875 0.41563146 0.021875 0.02173913
0 0.46015625 0.40683229 0.0125 0.01863354
0 0.52851562 0.39026915 0.01640625 0.01449275
0 0.378125 0.37318840 0.0125 0.01345755
0 0.47929687 0.36594202 0.01484375 0.01966873
0 0.42304687 0.34679089 0.01953125 0.01863354
0 0.3921875 0.33126293 0.0125 0.01449275
0 0.41445312 0.32556935 0.01015625 0.01345755
0 0.64765625 0.32971014 0.0140625 0.02380952
0 0.48476562 0.33488612 0.01328125 0.03623188
0 0.62148437 0.32349896 0.01015625 0.01552795
0 0.49570312 0.32039337 0.00859375 0.01345755
0 0.34296875 0.31055900 0.0140625 0.01449275
0 0.59375 0.30693581 0.0140625 0.02587991
0 0.51171875 0.29192546 0.009375 0.01449275
0 0.38046875 0.29089026 0.0171875 0.01449275
0 0.60859375 0.25724637 0.0109375 0.01552795
0 0.45234375 0.25103519 0.0109375 0.01345755
0 0.47421875 0.25155279 0.0109375 0.01656314
0 0.521875 0.22412008 0.0171875 0.02380952
0 0.50703125 0.22049689 0.009375 0.01863354
0 0.36523437 0.21221532 0.00859375 0.01449275
0 0.44804687 0.21014492 0.01484375 0.01242236
0 0.55117187 0.20496894 0.00703125 0.01449275
0 0.540625 0.17960662 0.009375 0.01966873
0 0.6421875 0.16977225 0.009375 0.02277432
0 0.44882812 0.10817805 0.01171875 0.01966873
0 0.475 0.08022774 0.0109375 0.01345755
0 0.38476562 0.08385093 0.01796875 0.02277432
0 0.56484375 0.07453416 0.0125 0.01035196
0 0.4046875 0.07763975 0.0109375 0.02070393
0 0.6359375 0.06625258 0.0125 0.01863354
0 0.2875 0.03312629 0.0171875 0.02277432
0 0.6171875 0.02122153 0.0140625 0.02173913
0 0.41289062 0.01501035 0.01640625 0.01552795
0 0.38710937 0.00362318 0.00859375 0.00724637