0 0.41171875 0.88819875 0.03125 0.01863354
0 0.553125 0.88509316 0.0453125 0.03519668
0 0.66523437 0.81366459 0.01953125 0.02070393
0 0.40976562 0.82349896 0.01640625 0.04037267
0 0.55976562 0.76811594 0.01640625 0.02277432
0 0.63828125 0.74327122 0.015625 0.02277432
0 0.36835937 0.73861283 0.01640625 0.02380952
0 0.55625 0.72826086 0.0125 0.02380952
0 0.51171875 0.56262939 0.01875 0.02173913
0 0.59453125 0.54399585 0.021875 0.02380952
0 0.37304687 0.48084886 0.02109375 0.01966873
0 0.33632812 0.48136645 0.03359375 0.04761904
0 0.39101562 0.35973084 0.02265625 0.01552795
0 0.375 0.33178053 0.015625 0.01966873
0 0.609375 0.29658385 0.01875 0.01552795
0 0.3625 0.14078674 0.0125 0.02484472