0 0.47890625 0.93115942 0.0234375 0.01138716
0 0.50820312 0.86231884 0.01953125 0.02484472
0 0.63320312 0.79503105 0.01171875 0.02277432
0 0.36015625 0.76759834 0.0140625 0.01759834
0 0.58164062 0.75621118 0.01484375 0.01552795
0 0.5515625 0.66356107 0.0140625 0.01863354
0 0.52734375 0.63302277 0.0140625 0.02380952
0 0.66796875 0.53571428 0.0171875 0.02380952
0 0.36914062 0.52380952 0.00859375 0.01656314
0 0.31132812 0.45962732 0.01171875 0.01863354
0 0.55429687 0.45496894 0.01328125 0.01552795
0 0.4875 0.37681159 0.0125 0.01656314
0 0.37890625 0.37060041 0.00625 0.01449275
0 0.58085937 0.33954451 0.01796875 0.02277432
0 0.640625 0.32608695 0.015625 0.01863354
0 0.37695312 0.32815734 0.02109375 0.03105590
0 0.40390625 0.30641821 0.0125 0.02070393
0 0.57304687 0.29140786 0.01796875 0.02587991
0 0.46601562 0.22412008 0.01953125 0.02173913
0 0.453125 0.13871635 0.025 0.03312629
0 0.37617187 0.09420289 0.01796875 0.02277432
0 0.48125 0.09265010 0.01875 0.02380952