0 0.4125 0.99534161 0.015625 0.00931677
0 0.51796875 0.99378881 0.0125 0.01242236
0 0.3953125 0.97619047 0.0078125 0.02070393
0 0.43203125 0.97049689 0.0171875 0.02380952
0 0.65117187 0.93685300 0.01328125 0.01656314
0 0.3546875 0.93530020 0.021875 0.04865424
0 0.50507812 0.91666666 0.01484375 0.01966873
0 0.60078125 0.90527950 0.009375 0.01552795
0 0.36992187 0.90372670 0.01171875 0.01449275
0 0.68398437 0.89648033 0.01484375 0.01449275
0 0.4015625 0.89958592 0.009375 0.02070393
0 0.48164062 0.87939958 0.01015625 0.01966873
0 0.33398437 0.86490683 0.01015625 0.01345755
0 0.45820312 0.86231884 0.01015625 0.01242236
0 0.31640625 0.85507246 0.0109375 0.01656314
0 0.6109375 0.84006211 0.009375 0.00931677
0 0.63007812 0.83540372 0.00859375 0.02484472
0 0.3171875 0.82142857 0.0125 0.01345755
0 0.48984375 0.82556935 0.0265625 0.03002070
0 0.6140625 0.80486542 0.009375 0.01345755
0 0.37539062 0.79968944 0.01015625 0.01138716
0 0.56640625 0.78260869 0.0125 0.01656314
0 0.32734375 0.77639751 0.0265625 0.01449275
0 0.5953125 0.77484472 0.0125 0.01552795
0 0.58007812 0.77432712 0.01640625 0.03105590
0 0.45351562 0.75776397 0.01484375 0.01449275
0 0.52851562 0.75310559 0.01171875 0.02380952
0 0.434375 0.73913043 0.009375 0.02898550
0 0.3296875 0.73188405 0.009375 0.01449275
0 0.296875 0.72722567 0.0171875 0.02380952
0 0.46484375 0.72360248 0.0109375 0.01863354
0 0.43203125 0.69151138 0.0234375 0.01656314
0 0.68164062 0.68892339 0.01171875 0.01552795
0 0.58828125 0.64492753 0.0109375 0.01242236
0 0.67265625 0.61594202 0.0140625 0.01035196
0 0.36992187 0.61335403 0.01328125 0.01759834
0 0.34140625 0.56677018 0.0140625 0.01759834
0 0.39375 0.56107660 0.0171875 0.01449275
0 0.40429687 0.54347826 0.01171875 0.01449275
0 0.55703125 0.53002070 0.0125 0.01242236
0 0.684375 0.52587991 0.0125 0.02277432
0 0.46757812 0.52070393 0.01328125 0.01863354
0 0.66679687 0.50569358 0.01171875 0.01138716
0 0.53359375 0.50051759 0.0140625 0.01345755
0 0.59921875 0.5 0.021875 0.02484472
0 0.55625 0.49637681 0.009375 0.01759834
0 0.50585937 0.48447204 0.01953125 0.02691511
0 0.378125 0.46428571 0.0140625 0.02587991
0 0.45195312 0.45652173 0.01171875 0.01242236
0 0.4828125 0.45910973 0.009375 0.01966873
0 0.68007812 0.44927536 0.01171875 0.01656314
0 0.40703125 0.45445134 0.0171875 0.03105590
0 0.5140625 0.42908902 0.015625 0.01345755
0 0.42578125 0.42650103 0.0109375 0.01242236
0 0.56835937 0.41770186 0.01015625 0.01345755
0 0.47695312 0.39440993 0.00859375 0.01035196
0 0.459375 0.38457556 0.0109375 0.01552795
0 0.58671875 0.37836438 0.0171875 0.02380952
0 0.48828125 0.37681159 0.0125 0.02691511
0 0.6375 0.34886128 0.0109375 0.01242236
0 0.5859375 0.33540372 0.0109375 0.01035196
0 0.61210937 0.33229813 0.01328125 0.01242236
0 0.52929687 0.32660455 0.01328125 0.02380952
0 0.49570312 0.31004140 0.01171875 0.01552795
0 0.38046875 0.28157349 0.0109375 0.01656314
0 0.33398437 0.28157349 0.01484375 0.01863354
0 0.63671875 0.27277432 0.009375 0.01345755
0 0.60234375 0.26552795 0.0109375 0.01552795
0 0.52773437 0.26345755 0.01171875 0.01552795
0 0.471875 0.21739130 0.0140625 0.01242236
0 0.64453125 0.21066252 0.0109375 0.01345755
0 0.43125 0.21169772 0.0078125 0.02587991
0 0.4171875 0.20652173 0.0171875 0.02380952
0 0.55664062 0.18530020 0.00859375 0.01035196
0 0.64804687 0.18115942 0.01328125 0.01449275
0 0.58828125 0.19151138 0.0171875 0.03933747
0 0.421875 0.16407867 0.0171875 0.02380952
0 0.5125 0.14648033 0.0109375 0.01138716
0 0.6453125 0.13923395 0.0125 0.01759834
0 0.33164062 0.13509316 0.01015625 0.01345755
0 0.6234375 0.13095238 0.009375 0.01138716
0 0.60195312 0.12991718 0.01171875 0.01552795
0 0.40742187 0.10973084 0.00703125 0.01449275
0 0.50429687 0.10507246 0.02265625 0.01345755
0 0.5640625 0.08902691 0.0125 0.01863354
0 0.49140625 0.07556935 0.009375 0.01035196
0 0.69648437 0.02536231 0.00703125 0.02173913
0 0.67460937 0.01759834 0.02734375 0.02691511