0 0.43125 0.99275362 0.015625 0.01449275
0 0.54882812 0.99016563 0.01328125 0.01759834
0 0.58867187 0.97256728 0.01171875 0.01345755
0 0.6015625 0.94409937 0.0140625 0.01863354
0 0.30859375 0.90942028 0.0171875 0.02380952
0 0.43242187 0.90217391 0.00859375 0.01138716
0 0.58398437 0.90113871 0.01171875 0.01552795
0 0.67265625 0.89596273 0.01875 0.02173913
0 0.50273437 0.89440993 0.02734375 0.02484472
0 0.41835937 0.87991718 0.01015625 0.01242236
0 0.45976562 0.87060041 0.00703125 0.01035196
0 0.6296875 0.84368530 0.0125 0.02070393
0 0.32304687 0.81884057 0.01171875 0.01449275
0 0.35507812 0.81935817 0.01171875 0.02380952
0 0.42265625 0.80745341 0.0109375 0.01035196
0 0.54375 0.78467908 0.0109375 0.01656314
0 0.41992187 0.77070393 0.01328125 0.01345755
0 0.33789062 0.76863354 0.01171875 0.01759834
0 0.65820312 0.76190476 0.01015625 0.01242236
0 0.47148437 0.76190476 0.01015625 0.01656314
0 0.42148437 0.75103519 0.01015625 0.01966873
0 0.46328125 0.74378881 0.01875 0.01966873
0 0.47851562 0.73809523 0.01171875 0.01656314
0 0.60820312 0.71842650 0.01328125 0.01656314
0 0.54882812 0.70393374 0.01015625 0.01449275
0 0.596875 0.69047619 0.0109375 0.01863354
0 0.65195312 0.68219461 0.02578125 0.02277432
0 0.55117187 0.66356107 0.01015625 0.01242236
0 0.49453125 0.64648033 0.0140625 0.01345755
0 0.31210937 0.62060041 0.01484375 0.01345755
0 0.64335937 0.61128364 0.01015625 0.01759834
0 0.57265625 0.60766045 0.009375 0.01242236
0 0.42851562 0.60973084 0.01015625 0.02484472
0 0.61171875 0.60144927 0.0140625 0.02070393
0 0.4640625 0.59782608 0.0140625 0.01552795
0 0.39101562 0.60093167 0.01328125 0.02173913
0 0.32929687 0.54761904 0.01328125 0.01863354
0 0.5921875 0.54710144 0.015625 0.01966873
0 0.29492187 0.53260869 0.01328125 0.01345755
0 0.59296875 0.52329192 0.0171875 0.02173913
0 0.56835937 0.50207039 0.01015625 0.01656314
0 0.59882812 0.48809523 0.01328125 0.01345755
0 0.31367187 0.48654244 0.00859375 0.01242236
0 0.409375 0.47877846 0.0171875 0.02380952
0 0.33320312 0.46325051 0.02109375 0.01552795
0 0.5859375 0.46428571 0.0171875 0.02380952
0 0.53554687 0.46635610 0.02265625 0.02795031
0 0.39179687 0.45082815 0.01796875 0.00931677
0 0.4765625 0.45703933 0.0109375 0.02380952
0 0.65664062 0.44824016 0.00703125 0.02070393
0 0.30429687 0.42805383 0.01171875 0.02173913
0 0.4359375 0.42236024 0.009375 0.01656314
0 0.39726562 0.40786749 0.02265625 0.02691511
0 0.47460937 0.39233954 0.01328125 0.03105590
0 0.44921875 0.37474120 0.0109375 0.01242236
0 0.32929687 0.37474120 0.01484375 0.01242236
0 0.58320312 0.36956521 0.01015625 0.01242236
0 0.3859375 0.37008281 0.0125 0.01552795
0 0.35546875 0.36749482 0.0109375 0.01449275
0 0.48476562 0.35507246 0.02421875 0.01449275
0 0.51757812 0.35248447 0.00859375 0.01966873
0 0.38632812 0.34679089 0.01015625 0.01242236
0 0.4296875 0.34316770 0.009375 0.01138716
0 0.34140625 0.34679089 0.0125 0.01863354
0 0.35898437 0.34627329 0.00859375 0.02173913
0 0.58515625 0.32712215 0.0140625 0.01449275
0 0.54140625 0.31521739 0.0140625 0.01345755
0 0.48671875 0.31314699 0.0171875 0.02380952
0 0.38710937 0.30797101 0.01015625 0.02173913
0 0.57890625 0.27587991 0.025 0.02795031
0 0.39492187 0.26656314 0.01484375 0.01345755
0 0.33476562 0.23964803 0.01015625 0.01138716
0 0.51679687 0.23913043 0.00859375 0.01242236
0 0.49101562 0.20289855 0.01796875 0.01656314
0 0.61054687 0.19565217 0.01796875 0.01656314
0 0.36796875 0.18892339 0.0140625 0.01552795
0 0.58710937 0.17494824 0.01640625 0.02484472
0 0.40898437 0.14544513 0.01484375 0.01759834
0 0.4078125 0.11180124 0.009375 0.01242236
0 0.53125 0.11180124 0.0328125 0.04347826
0 0.58320312 0.08126293 0.01796875 0.01759834
0 0.61445312 0.05693581 0.00859375 0.01656314
0 0.53632812 0.03726708 0.01640625 0.01242236
0 0.38476562 0.01915113 0.01015625 0.01138716
0 0.6625 0.01501035 0.0171875 0.02380952