0 0.3234375 0.86490683 0.0109375 0.02173913
0 0.4875 0.86335403 0.025 0.02898550
0 0.46601562 0.86335403 0.01640625 0.03105590
0 0.40976562 0.84886128 0.01640625 0.03105590
0 0.65 0.78571428 0.0171875 0.01449275
0 0.3171875 0.78881987 0.0203125 0.03726708
0 0.61367187 0.73757763 0.01796875 0.02380952
0 0.61210937 0.60300207 0.01953125 0.03002070
0 0.65351562 0.56366459 0.03046875 0.02173913
0 0.64335937 0.52950310 0.01171875 0.03209109
0 0.40625 0.45755693 0.0171875 0.02484472
0 0.57304687 0.31728778 0.02421875 0.02173913
0 0.47929687 0.31625258 0.01953125 0.01966873
0 0.5015625 0.29296066 0.028125 0.03105590
0 0.4234375 0.14440993 0.015625 0.02587991
0 0.5984375 0.06469979 0.0125 0.02173913