0 0.51796875 0.88923395 0.015625 0.02277432
0 0.56210937 0.88302277 0.02734375 0.03105590
0 0.63398437 0.85351966 0.01953125 0.02380952
0 0.31953125 0.85144927 0.01875 0.02173913
0 0.55351562 0.75310559 0.01796875 0.02795031
0 0.41796875 0.74171842 0.0328125 0.04037267
0 0.58867187 0.69409937 0.01796875 0.02173913
0 0.64453125 0.65683229 0.01875 0.02173913
0 0.55742187 0.65269151 0.01171875 0.02173913
0 0.38164062 0.54710144 0.01640625 0.02173913
0 0.55546875 0.51915113 0.0125 0.01759834
0 0.42539062 0.53416149 0.02890625 0.04761904
0 0.56914062 0.46997929 0.02890625 0.02898550
0 0.36210937 0.45755693 0.01640625 0.02484472
0 0.56679687 0.34006211 0.02265625 0.01966873
0 0.5765625 0.25931677 0.01875 0.02380952
0 0.45039062 0.24120082 0.01484375 0.02484472