0 0.40625 0.88975155 0.0203125 0.01552795
0 0.57851562 0.88509316 0.01796875 0.01656314
0 0.62773437 0.88612836 0.01640625 0.02070393
0 0.31953125 0.85144927 0.01875 0.02173913
0 0.60507812 0.81935817 0.01640625 0.02380952
0 0.40976562 0.81418219 0.01640625 0.02173913
0 0.47539062 0.80072463 0.01640625 0.01966873
0 0.66289062 0.79710144 0.01484375 0.03105590
0 0.56289062 0.71014492 0.03671875 0.04140786
0 0.6265625 0.69358178 0.01875 0.02277432
0 0.64453125 0.65683229 0.01875 0.02173913
0 0.65078125 0.58385093 0.040625 0.03726708
0 0.51132812 0.58436853 0.02265625 0.03830227
0 0.45429687 0.39130434 0.01640625 0.01863354
0 0.48632812 0.37888198 0.01640625 0.02691511
0 0.5390625 0.32712215 0.0171875 0.01863354
0 0.63671875 0.32712215 0.0125 0.02070393
0 0.39492187 0.32349896 0.01640625 0.01552795
0 0.51328125 0.33540372 0.0171875 0.06004140
0 0.37539062 0.31159420 0.01640625 0.02484472
0 0.60898437 0.28053830 0.02109375 0.01449275
0 0.52773437 0.27122153 0.01640625 0.01863354
0 0.49648437 0.23861283 0.01796875 0.03002070
0 0.60507812 0.23188405 0.01640625 0.02484472
0 0.3703125 0.14337474 0.0125 0.02173913