0 0.42929687 0.89026915 0.01484375 0.01449275
0 0.315625 0.86594202 0.0109375 0.02587991
0 0.36679687 0.86231884 0.02421875 0.02691511
0 0.65820312 0.76604554 0.01640625 0.02484472
0 0.34882812 0.73913043 0.01640625 0.02484472
0 0.64453125 0.65683229 0.01875 0.02173913
0 0.571875 0.61594202 0.0296875 0.02277432
0 0.51171875 0.57660455 0.021875 0.02277432
0 0.30859375 0.47153209 0.0203125 0.10248447
0 0.45742187 0.42443064 0.01640625 0.03105590
0 0.45429687 0.39389233 0.01640625 0.02380952
0 0.328125 0.38664596 0.0140625 0.02380952
0 0.48359375 0.38250517 0.0234375 0.03416149
0 0.37539062 0.31159420 0.01640625 0.02484472
0 0.49648437 0.23861283 0.01796875 0.03002070
0 0.60507812 0.23188405 0.01640625 0.02484472
0 0.56796875 0.22101449 0.015625 0.02173913
0 0.59921875 0.07971014 0.0140625 0.05175983
0 0.57617187 0.06780538 0.01796875 0.03209109