0 0.59179687 0.88923395 0.01328125 0.02070393
0 0.49726562 0.87939958 0.01953125 0.03002070
0 0.44804687 0.83850931 0.01953125 0.01449275
0 0.50546875 0.80383022 0.0203125 0.01966873
0 0.29570312 0.79140786 0.01484375 0.02587991
0 0.33867187 0.76863354 0.01640625 0.01966873
0 0.5015625 0.66821946 0.0140625 0.02173913
0 0.40664062 0.65320910 0.01640625 0.02070393
0 0.50507812 0.54917184 0.01328125 0.01552795
0 0.37773437 0.54865424 0.01796875 0.03312629
0 0.58828125 0.47877846 0.0171875 0.02380952
0 0.37890625 0.38612836 0.0125 0.01242236
0 0.33398437 0.33178053 0.01484375 0.01966873
0 0.42929687 0.32971014 0.01953125 0.02795031
0 0.4578125 0.28002070 0.0234375 0.02795031
0 0.57929687 0.25310559 0.01484375 0.02587991
0 0.35976562 0.24482401 0.01328125 0.01966873
0 0.48828125 0.11697722 0.025 0.02484472