0 0.38828125 0.99016563 0.021875 0.01138716
0 0.44375 0.98033126 0.0078125 0.02484472
0 0.51445312 0.94565217 0.02734375 0.02795031
0 0.30625 0.93840579 0.0140625 0.01552795
0 0.6859375 0.89544513 0.0109375 0.01863354
0 0.32617187 0.88768115 0.01328125 0.01345755
0 0.57109375 0.88716356 0.0109375 0.01449275
0 0.2921875 0.88146997 0.0078125 0.00931677
0 0.59960937 0.87422360 0.01015625 0.01138716
0 0.4390625 0.86542443 0.009375 0.01242236
0 0.57148437 0.86387163 0.01484375 0.01966873
0 0.5390625 0.84730848 0.009375 0.01345755
0 0.31875 0.83695652 0.0078125 0.02795031
0 0.4421875 0.81469979 0.009375 0.01656314
0 0.4140625 0.81832298 0.025 0.02380952
0 0.34335937 0.80279503 0.01015625 0.01345755
0 0.68007812 0.80227743 0.00859375 0.02277432
0 0.659375 0.80072463 0.0171875 0.02380952
0 0.3109375 0.79192546 0.0109375 0.01449275
0 0.56757812 0.78312629 0.01015625 0.01966873
0 0.68476562 0.77743271 0.01171875 0.01656314
0 0.54101562 0.78105590 0.01640625 0.02380952
0 0.50703125 0.75517598 0.0171875 0.02380952
0 0.59101562 0.75103519 0.01796875 0.02380952
0 0.546875 0.74689440 0.0109375 0.01552795
0 0.41367187 0.70031055 0.01171875 0.02587991
0 0.56015625 0.68840579 0.0203125 0.02691511
0 0.46484375 0.67753623 0.0140625 0.03002070
0 0.353125 0.63664596 0.0109375 0.01449275
0 0.3015625 0.63923395 0.0125 0.01966873
0 0.603125 0.63819875 0.0125 0.01966873
0 0.421875 0.63819875 0.0171875 0.02380952
0 0.365625 0.63509316 0.0109375 0.01759834
0 0.37734375 0.61904761 0.0109375 0.02070393
0 0.39765625 0.61697722 0.0109375 0.01863354
0 0.42695312 0.60817805 0.02109375 0.02795031
0 0.47773437 0.57246376 0.01171875 0.01242236
0 0.4484375 0.56677018 0.0109375 0.01345755
0 0.29375 0.56573498 0.0109375 0.02173913
0 0.378125 0.56262939 0.0203125 0.02173913
0 0.5203125 0.54710144 0.0109375 0.01552795
0 0.4671875 0.54399585 0.0125 0.01552795
0 0.41210937 0.51449275 0.01171875 0.01449275
0 0.596875 0.49585921 0.0140625 0.01242236
0 0.68710937 0.49585921 0.01015625 0.01656314
0 0.66171875 0.48654244 0.0125 0.02277432
0 0.4921875 0.47204968 0.0109375 0.01242236
0 0.41953125 0.46946169 0.0109375 0.01759834
0 0.5609375 0.46635610 0.021875 0.01759834
0 0.3140625 0.46480331 0.015625 0.01449275
0 0.58789062 0.46273291 0.01640625 0.01656314
0 0.51679687 0.46532091 0.01953125 0.02380952
0 0.4015625 0.45703933 0.0171875 0.02380952
0 0.30546875 0.44927536 0.009375 0.01035196
0 0.59726562 0.44358178 0.01171875 0.01138716
0 0.45546875 0.44358178 0.0109375 0.01552795
0 0.434375 0.41770186 0.0203125 0.02587991
0 0.40117187 0.40113871 0.01328125 0.01966873
0 0.33632812 0.37732919 0.01484375 0.02173913
0 0.45507812 0.37163561 0.01328125 0.01449275
0 0.3953125 0.36904761 0.0140625 0.01759834
0 0.3171875 0.36801242 0.0125 0.01552795
0 0.43710937 0.34368530 0.01484375 0.02277432
0 0.52695312 0.32971014 0.01171875 0.01345755
0 0.4296875 0.32608695 0.0125 0.01656314
0 0.35 0.31573498 0.009375 0.02070393
0 0.58945312 0.30175983 0.01171875 0.00931677
0 0.62382812 0.29244306 0.01953125 0.01552795
0 0.55 0.28519668 0.009375 0.01966873
0 0.40820312 0.27173913 0.01015625 0.01552795
0 0.64257812 0.23291925 0.01015625 0.01863354
0 0.44375 0.22412008 0.009375 0.01138716
0 0.50117187 0.21687370 0.00859375 0.00931677
0 0.62734375 0.20962732 0.0140625 0.01759834
0 0.41484375 0.19513457 0.0078125 0.00931677
0 0.50664062 0.19099378 0.00859375 0.02173913
0 0.41328125 0.14958592 0.0234375 0.04451345
0 0.5453125 0.11645962 0.0171875 0.02380952
0 0.52578125 0.09420289 0.0140625 0.01656314
0 0.62539062 0.07349896 0.01015625 0.01449275
0 0.3625 0.06677018 0.0171875 0.02380952
0 0.63632812 0.06055900 0.01171875 0.01759834
0 0.3984375 0.06159420 0.0171875 0.02380952
0 0.2875 0.03002070 0.0140625 0.01242236