0 0.5 0.89026915 0.0515625 0.02484472
0 0.553125 0.88509316 0.0453125 0.03519668
0 0.41953125 0.88198757 0.0171875 0.03105590
0 0.64609375 0.88509316 0.0375 0.04140786
0 0.34414062 0.86697722 0.02265625 0.03209109
0 0.45820312 0.82298136 0.01640625 0.03933747
0 0.40976562 0.81418219 0.01640625 0.02173913
0 0.55976562 0.76811594 0.01640625 0.02277432
0 0.35820312 0.76397515 0.01796875 0.02070393
0 0.5984375 0.69358178 0.0375 0.02277432
0 0.55820312 0.67339544 0.02734375 0.03623188
0 0.66992187 0.61490683 0.03046875 0.02898550
0 0.61210937 0.60300207 0.01953125 0.03002070
0 0.33632812 0.50569358 0.01640625 0.01966873
0 0.5921875 0.47515527 0.021875 0.02277432
0 0.38125 0.39906832 0.0140625 0.02173913
0 0.45429687 0.39130434 0.01640625 0.01863354
0 0.51328125 0.35196687 0.0171875 0.02691511
0 0.49179687 0.33850931 0.01640625 0.02070393
0 0.47617187 0.32763975 0.01328125 0.01552795
0 0.52773437 0.28519668 0.01640625 0.01552795
0 0.42265625 0.27432712 0.0296875 0.02070393
0 0.49023437 0.26552795 0.02265625 0.04037267
0 0.52929687 0.22412008 0.01484375 0.02380952