0 0.42304687 0.91252587 0.01328125 0.02173913
0 0.47890625 0.90062111 0.015625 0.01035196
0 0.37226562 0.85973084 0.00859375 0.01552795
0 0.55546875 0.77639751 0.0125 0.01656314
0 0.4828125 0.64751552 0.0078125 0.01966873
0 0.30859375 0.50051759 0.009375 0.01138716
0 0.36445312 0.5 0.01640625 0.02277432
0 0.54609375 0.49430641 0.015625 0.02173913
0 0.32695312 0.48602484 0.00859375 0.02173913
0 0.42265625 0.46221532 0.0328125 0.03002070
0 0.53320312 0.39544513 0.02734375 0.02898550
0 0.33359375 0.38664596 0.0140625 0.02173913
0 0.37773437 0.35662525 0.01328125 0.01345755
0 0.47421875 0.27277432 0.0125 0.02380952
0 0.40390625 0.24223602 0.0125 0.02070393
0 0.58046875 0.19202898 0.01875 0.01552795
0 0.346875 0.19047619 0.0140625 0.02277432
0 0.40898437 0.14233954 0.02109375 0.01966873
0 0.5734375 0.08902691 0.0140625 0.01242236
0 0.29726562 0.01759834 0.01015625 0.01656314
0 0.41445312 0.00621118 0.01171875 0.01242236