0 0.59023437 0.81987577 0.02578125 0.02484472
0 0.63945312 0.81573498 0.01171875 0.02277432
0 0.47539062 0.80072463 0.01640625 0.01966873
0 0.5859375 0.77380952 0.021875 0.01966873
0 0.39140625 0.73964803 0.01875 0.02173913
0 0.36875 0.73861283 0.015625 0.02380952
0 0.40976562 0.73240165 0.01640625 0.02173913
0 0.55859375 0.69047619 0.0140625 0.01449275
0 0.6265625 0.69358178 0.01875 0.02277432
0 0.62851562 0.65165631 0.01328125 0.02173913
0 0.52382812 0.51915113 0.02265625 0.03002070
0 0.4953125 0.50672877 0.0140625 0.02173913
0 0.40585937 0.40683229 0.01796875 0.01656314
0 0.4828125 0.38664596 0.021875 0.02587991
0 0.65078125 0.40062111 0.0328125 0.07867494
0 0.37578125 0.33022774 0.0171875 0.03312629