0 0.28984375 0.98498964 0.0078125 0.01138716
0 0.65585937 0.98291925 0.00859375 0.01345755
0 0.6875 0.97567287 0.0171875 0.01345755
0 0.63554687 0.95445134 0.01484375 0.03105590
0 0.49804687 0.92960662 0.01953125 0.02898550
0 0.60117187 0.93064182 0.01171875 0.03312629
0 0.41796875 0.91356107 0.0125 0.01759834
0 0.53320312 0.91356107 0.01328125 0.01966873
0 0.57265625 0.91356107 0.0140625 0.02173913
0 0.6125 0.88509316 0.009375 0.01449275
0 0.31367187 0.87681159 0.00859375 0.01242236
0 0.43320312 0.87008281 0.00859375 0.01138716
0 0.47578125 0.86853002 0.0125 0.01242236
0 0.66132812 0.86594202 0.01328125 0.01345755
0 0.35078125 0.86490683 0.0125 0.01138716
0 0.396875 0.85300207 0.0078125 0.01035196
0 0.38164062 0.84575569 0.01171875 0.01656314
0 0.48476562 0.83799171 0.01328125 0.01552795
0 0.44882812 0.84213250 0.01640625 0.02380952
0 0.49492187 0.79917184 0.00859375 0.01449275
0 0.40703125 0.79296066 0.0140625 0.01656314
0 0.4359375 0.77795031 0.009375 0.01552795
0 0.546875 0.77329192 0.015625 0.02691511
0 0.46640625 0.76449275 0.021875 0.03002070
0 0.58710937 0.75155279 0.01328125 0.01656314
0 0.43828125 0.71635610 0.01875 0.01449275
0 0.51875 0.71480331 0.0125 0.01759834
0 0.63828125 0.70962732 0.009375 0.01345755
0 0.478125 0.70496894 0.03125 0.04140786
0 0.56328125 0.67753623 0.009375 0.01345755
0 0.48710937 0.67494824 0.01953125 0.01242236
0 0.6046875 0.64492753 0.009375 0.01242236
0 0.54960937 0.64544513 0.01484375 0.02380952
0 0.58984375 0.63612836 0.0171875 0.02380952
0 0.67382812 0.63250517 0.01328125 0.01863354
0 0.40625 0.62163561 0.0171875 0.02380952
0 0.45429687 0.61438923 0.01015625 0.01552795
0 0.38867187 0.60662525 0.01328125 0.01656314
0 0.48476562 0.60507246 0.01171875 0.01552795
0 0.30117187 0.59523809 0.01484375 0.01449275
0 0.6375 0.60403726 0.0171875 0.03623188
0 0.50039062 0.58229813 0.01328125 0.01759834
0 0.37265625 0.56521739 0.0109375 0.01656314
0 0.52578125 0.56418219 0.01875 0.01863354
0 0.67421875 0.56366459 0.0140625 0.02380952
0 0.33125 0.54347826 0.0109375 0.01035196
0 0.32265625 0.52329192 0.0109375 0.01345755
0 0.38867187 0.50621118 0.01171875 0.01656314
0 0.33867187 0.50879917 0.01015625 0.02795031
0 0.44296875 0.50362318 0.0171875 0.02380952
0 0.48984375 0.50258799 0.0140625 0.02587991
0 0.59453125 0.49120082 0.0125 0.01345755
0 0.36679687 0.49223602 0.01015625 0.01552795
0 0.39296875 0.48757763 0.01875 0.01242236
0 0.56210937 0.49223602 0.01796875 0.02587991
0 0.4125 0.47981366 0.009375 0.01759834
0 0.39648437 0.46635610 0.01171875 0.01966873
0 0.50625 0.44772256 0.0171875 0.02380952
0 0.33554687 0.44254658 0.01484375 0.02173913
0 0.30390625 0.43685300 0.009375 0.01242236
0 0.421875 0.42546583 0.0140625 0.02277432
0 0.60664062 0.41925465 0.01015625 0.01242236
0 0.309375 0.40217391 0.0125 0.01345755
0 0.52304687 0.38716356 0.01484375 0.01656314
0 0.64882812 0.37525879 0.01484375 0.01759834
0 0.52265625 0.37111801 0.0140625 0.00931677
0 0.54570312 0.36645962 0.01484375 0.01656314
0 0.34765625 0.36128364 0.009375 0.01656314
0 0.634375 0.35714285 0.0078125 0.01035196
0 0.4515625 0.34109730 0.009375 0.01552795
0 0.40820312 0.32246376 0.01640625 0.02587991
0 0.57070312 0.30900621 0.01328125 0.01345755
0 0.44335937 0.30175983 0.02109375 0.01759834
0 0.53828125 0.28364389 0.0109375 0.01863354
0 0.54257812 0.25207039 0.01484375 0.01759834
0 0.646875 0.23654244 0.015625 0.02380952
0 0.34648437 0.21118012 0.01171875 0.01449275
0 0.50703125 0.20962732 0.0140625 0.01345755
0 0.55898437 0.19668737 0.01015625 0.01656314
0 0.44101562 0.18581780 0.01640625 0.02587991
0 0.4890625 0.16718426 0.0109375 0.03623188
0 0.428125 0.15476190 0.009375 0.01345755
0 0.64375 0.14544513 0.0171875 0.02380952
0 0.41132812 0.13457556 0.01171875 0.01242236
0 0.62734375 0.12888198 0.0109375 0.01345755
0 0.46796875 0.13302277 0.0171875 0.02380952
0 0.38984375 0.09730848 0.0125 0.01035196
0 0.55664062 0.09575569 0.01640625 0.00931677
0 0.33125 0.09937888 0.009375 0.02070393
0 0.4625 0.06366459 0.0171875 0.02380952
0 0.44023437 0.05745341 0.00859375 0.02173913
0 0.38828125 0.04503105 0.0171875 0.02380952
0 0.60585937 0.01759834 0.01484375 0.02691511