0 0.4234375 0.97929606 0.0109375 0.02691511
0 0.31171875 0.97515527 0.0109375 0.02484472
0 0.63984375 0.95496894 0.021875 0.01552795
0 0.44960937 0.92805383 0.01484375 0.01138716
0 0.6515625 0.92287784 0.0171875 0.02380952
0 0.32734375 0.91666666 0.0140625 0.03209109
0 0.57265625 0.90890269 0.0328125 0.02691511
0 0.66367187 0.88768115 0.01328125 0.01552795
0 0.64921875 0.88354037 0.009375 0.01345755
0 0.37734375 0.88561076 0.0171875 0.02380952
0 0.60351562 0.86749482 0.01328125 0.01656314
0 0.41992187 0.86387163 0.01171875 0.01966873
0 0.56796875 0.86024844 0.0125 0.01449275
0 0.40429687 0.84265010 0.00859375 0.01449275
0 0.48398437 0.83954451 0.01015625 0.01242236
0 0.34375 0.83126293 0.0109375 0.01035196
0 0.46054687 0.80952380 0.00703125 0.01035196
0 0.371875 0.80848861 0.0109375 0.01449275
0 0.29921875 0.80486542 0.0125 0.01759834
0 0.55195312 0.76035196 0.01328125 0.01759834
0 0.61171875 0.75103519 0.0171875 0.02795031
0 0.51601562 0.74689440 0.01640625 0.01966873
0 0.6671875 0.74585921 0.0171875 0.02380952
0 0.37851562 0.71066252 0.01171875 0.01552795
0 0.62382812 0.69927536 0.00859375 0.01138716
0 0.66289062 0.69875776 0.01328125 0.01656314
0 0.39765625 0.70186335 0.0171875 0.02277432
0 0.6375 0.69151138 0.0078125 0.01242236
0 0.55742187 0.68374741 0.00703125 0.01759834
0 0.31953125 0.68892339 0.01875 0.04451345
0 0.6265625 0.64958592 0.0203125 0.02173913
0 0.3765625 0.64337474 0.0171875 0.02380952
0 0.6640625 0.62784679 0.0171875 0.02380952
0 0.46210937 0.60662525 0.01171875 0.01449275
0 0.4796875 0.59523809 0.015625 0.01035196
0 0.30898437 0.59057971 0.01484375 0.01552795
0 0.51484375 0.58747412 0.0125 0.01345755
0 0.68359375 0.58229813 0.009375 0.01552795
0 0.34609375 0.54813664 0.009375 0.01345755
0 0.45820312 0.54347826 0.01328125 0.01449275
0 0.5984375 0.54503105 0.0171875 0.02380952
0 0.36875 0.53778467 0.0265625 0.02173913
0 0.56054687 0.53209109 0.01015625 0.01242236
0 0.46132812 0.52070393 0.01953125 0.02277432
0 0.40625 0.50672877 0.009375 0.01138716
0 0.39101562 0.49637681 0.01171875 0.01552795
0 0.30117187 0.49430641 0.01953125 0.01966873
0 0.34492187 0.48291925 0.00859375 0.01552795
0 0.39648437 0.47308488 0.01484375 0.01656314
0 0.60507812 0.45445134 0.01328125 0.01449275
0 0.54765625 0.44254658 0.009375 0.01966873
0 0.34804687 0.42494824 0.01953125 0.01552795
0 0.465625 0.42236024 0.0140625 0.01863354
0 0.53085937 0.41718426 0.01796875 0.01035196
0 0.50625 0.43271221 0.01875 0.04140786
0 0.3015625 0.40579710 0.0109375 0.01656314
0 0.65742187 0.40062111 0.01640625 0.01656314
0 0.54296875 0.38612836 0.015625 0.01449275
0 0.390625 0.38612836 0.0109375 0.01449275
0 0.48867187 0.38198757 0.01171875 0.01656314
0 0.32734375 0.37267080 0.0140625 0.02277432
0 0.4890625 0.36076604 0.009375 0.01345755
0 0.47109375 0.32039337 0.009375 0.01345755
0 0.56796875 0.32246376 0.0171875 0.02380952
0 0.62304687 0.29244306 0.01171875 0.01552795
0 0.55117187 0.26501035 0.01328125 0.01863354
0 0.38632812 0.26035196 0.01953125 0.02173913
0 0.57226562 0.25414078 0.01171875 0.01552795
0 0.478125 0.25828157 0.0171875 0.02380952
0 0.64453125 0.25207039 0.015625 0.01759834
0 0.503125 0.25 0.0078125 0.01552795
0 0.6234375 0.22722567 0.0140625 0.01759834
0 0.50546875 0.22153209 0.0203125 0.01035196
0 0.33164062 0.22204968 0.01015625 0.01552795
0 0.44648437 0.22049689 0.01796875 0.02070393
0 0.3765625 0.20755693 0.0171875 0.02380952
0 0.61640625 0.18892339 0.0078125 0.02587991
0 0.52226562 0.15890269 0.00859375 0.01345755
0 0.43515625 0.15527950 0.01875 0.02070393
0 0.38242187 0.12629399 0.00703125 0.02277432
0 0.54882812 0.11283643 0.01328125 0.01863354
0 0.33164062 0.09368530 0.01015625 0.00931677
0 0.59804687 0.08178053 0.01015625 0.01449275
0 0.40820312 0.06832298 0.01328125 0.01449275
0 0.63945312 0.05641821 0.01796875 0.01345755
0 0.38203125 0.05383022 0.0125 0.01656314
0 0.48046875 0.04192546 0.0171875 0.02380952
0 0.43554687 0.02122153 0.01171875 0.01552795
0 0.49726562 0.00517598 0.00859375 0.01035196
0 0.40664062 0.00879917 0.01015625 0.01759834