0 0.6921875 0.97204968 0.0140625 0.01863354
0 0.57070312 0.96014492 0.01953125 0.00931677
0 0.634375 0.90476190 0.0109375 0.02691511
0 0.51328125 0.89596273 0.01875 0.01966873
0 0.5640625 0.87060041 0.015625 0.02691511
0 0.46875 0.86490683 0.0125 0.02795031
0 0.41289062 0.81262939 0.01796875 0.02691511
0 0.37695312 0.79089026 0.02265625 0.02484472
0 0.4265625 0.74689440 0.0171875 0.02380952
0 0.36523437 0.72101449 0.03046875 0.03002070
0 0.41015625 0.68685300 0.0140625 0.01345755
0 0.38710937 0.60403726 0.01328125 0.01759834
0 0.66796875 0.60196687 0.0125 0.01966873
0 0.4328125 0.56780538 0.0140625 0.00931677
0 0.51484375 0.49430641 0.0171875 0.01759834
0 0.52070312 0.46376811 0.01015625 0.01863354
0 0.39414062 0.45652173 0.01640625 0.01656314
0 0.56835937 0.43167701 0.00859375 0.01449275
0 0.40703125 0.42184265 0.0125 0.01552795
0 0.43125 0.35610766 0.009375 0.01449275
0 0.53515625 0.34213250 0.0125 0.01966873
0 0.62460937 0.32091097 0.01328125 0.01242236
0 0.58945312 0.28571428 0.01484375 0.02691511
0 0.44882812 0.27536231 0.01484375 0.03105590
0 0.51757812 0.25983436 0.02421875 0.02484472
0 0.609375 0.23033126 0.0140625 0.01966873
0 0.5015625 0.22153209 0.009375 0.01656314
0 0.47617187 0.18581780 0.01796875 0.03623188
0 0.57265625 0.12681159 0.0140625 0.01966873