0 0.60234375 0.90217391 0.0171875 0.01759834
0 0.365625 0.86956521 0.0171875 0.02070393
0 0.67265625 0.81677018 0.0109375 0.01449275
0 0.30585937 0.74482401 0.01171875 0.01759834
0 0.3609375 0.74223602 0.025 0.03105590
0 0.66328125 0.56832298 0.0171875 0.02898550
0 0.31875 0.51759834 0.0203125 0.02277432
0 0.49335937 0.51293995 0.01953125 0.02173913
0 0.56328125 0.51035196 0.01875 0.02691511
0 0.59414062 0.43685300 0.02421875 0.03519668
0 0.35195312 0.41666666 0.02109375 0.03209109
0 0.48671875 0.38043478 0.021875 0.02380952
0 0.61367187 0.30538302 0.01953125 0.01242236
0 0.36953125 0.27173913 0.0109375 0.02173913
0 0.50390625 0.22722567 0.021875 0.02795031
0 0.38085937 0.21635610 0.01015625 0.01035196
0 0.33828125 0.16614906 0.015625 0.02173913
0 0.521875 0.06055900 0.0109375 0.03002070