0 0.42890625 0.97360248 0.0171875 0.02380952
0 0.68125 0.92236024 0.0125 0.03312629
0 0.41523437 0.91407867 0.01484375 0.01863354
0 0.52734375 0.86438923 0.01875 0.02070393
0 0.61796875 0.86645962 0.01875 0.02691511
0 0.4328125 0.83488612 0.0109375 0.01552795
0 0.309375 0.68892339 0.021875 0.02795031
0 0.37109375 0.66770186 0.0109375 0.01863354
0 0.55195312 0.65062111 0.01953125 0.02795031
0 0.44453125 0.63405797 0.021875 0.03209109
0 0.46132812 0.60921325 0.00859375 0.02587991
0 0.31679687 0.54399585 0.01640625 0.02587991
0 0.5671875 0.52536231 0.0140625 0.01966873
0 0.65273437 0.50103519 0.01328125 0.02070393
0 0.41914062 0.44565217 0.01484375 0.02173913
0 0.68007812 0.43892339 0.01328125 0.02070393
0 0.49648437 0.41666666 0.01640625 0.01759834
0 0.6703125 0.40786749 0.01875 0.02484472
0 0.60664062 0.38664596 0.01171875 0.01759834
0 0.58515625 0.31780538 0.01875 0.02070393
0 0.58476562 0.29037267 0.01171875 0.01966873
0 0.34296875 0.27225672 0.021875 0.03105590
0 0.43867187 0.24120082 0.02109375 0.02277432
0 0.45625 0.21118012 0.0140625 0.02277432
0 0.54140625 0.21221532 0.015625 0.02691511
0 0.4125 0.13923395 0.0109375 0.01552795
0 0.40234375 0.06366459 0.00625 0.02380952