0 0.39375 0.88198757 0.0171875 0.03105590
0 0.64609375 0.87836438 0.0375 0.05486542
0 0.34414062 0.86697722 0.02265625 0.03209109
0 0.53671875 0.84472049 0.0171875 0.02484472
0 0.66523437 0.81366459 0.01953125 0.02070393
0 0.31640625 0.80693581 0.015625 0.01966873
0 0.56132812 0.75724637 0.03359375 0.05279503
0 0.64414062 0.69358178 0.01796875 0.02070393
0 0.67226562 0.61076604 0.01484375 0.02484472
0 0.66015625 0.59161490 0.021875 0.02173913
0 0.51171875 0.57660455 0.021875 0.02277432
0 0.5140625 0.54917184 0.0453125 0.02587991
0 0.42539062 0.53416149 0.02890625 0.04761904
0 0.4953125 0.50672877 0.0140625 0.02173913
0 0.41679687 0.45548654 0.01328125 0.02070393
0 0.36210937 0.45755693 0.01640625 0.02484472
0 0.38046875 0.39026915 0.0171875 0.03933747
0 0.6390625 0.36283643 0.01875 0.01759834
0 0.3953125 0.33488612 0.015625 0.02380952
0 0.5390625 0.32712215 0.0171875 0.01863354
0 0.48515625 0.33022774 0.03125 0.02484472
0 0.51328125 0.31832298 0.0171875 0.02587991