0 0.378125 0.97826086 0.0125 0.01449275
0 0.4203125 0.96687370 0.0109375 0.01242236
0 0.68984375 0.95910973 0.0171875 0.02380952
0 0.32265625 0.95600414 0.0234375 0.02173913
0 0.54765625 0.92908902 0.0171875 0.02380952
0 0.3875 0.91718426 0.0140625 0.01863354
0 0.43242187 0.88561076 0.01640625 0.01759834
0 0.41445312 0.88146997 0.01015625 0.01345755
0 0.31835937 0.87836438 0.01796875 0.01966873
0 0.378125 0.86180124 0.0203125 0.01966873
0 0.65273437 0.82815734 0.01796875 0.01863354
0 0.52734375 0.82194616 0.009375 0.01656314
0 0.62109375 0.81625258 0.0125 0.01759834
0 0.37578125 0.79192546 0.0109375 0.01449275
0 0.31289062 0.78933747 0.01796875 0.01966873
0 0.40195312 0.78674948 0.01953125 0.02484472
0 0.53632812 0.78157349 0.00859375 0.02898550
0 0.46835937 0.77484472 0.01171875 0.01759834
0 0.36796875 0.76708074 0.0125 0.01242236
0 0.63554687 0.76397515 0.00703125 0.01035196
0 0.3515625 0.76966873 0.0171875 0.03416149
0 0.47695312 0.75310559 0.01484375 0.01966873
0 0.584375 0.71428571 0.009375 0.01242236
0 0.6625 0.71169772 0.0140625 0.01552795
0 0.4796875 0.71997929 0.028125 0.03416149
0 0.62734375 0.70445134 0.0171875 0.02380952
0 0.60078125 0.69772256 0.0125 0.01656314
0 0.31445312 0.70445134 0.02109375 0.03830227
0 0.65976562 0.68633540 0.01171875 0.01656314
0 0.49414062 0.68633540 0.03046875 0.02484472
0 0.36992187 0.68478260 0.01796875 0.02173913
0 0.575 0.62577639 0.0140625 0.01552795
0 0.44414062 0.62267080 0.02421875 0.01966873
0 0.3984375 0.61128364 0.0171875 0.02380952
0 0.41210937 0.60144927 0.01015625 0.01449275
0 0.58203125 0.60093167 0.0140625 0.01552795
0 0.36328125 0.55020703 0.0109375 0.01552795
0 0.34882812 0.54347826 0.01328125 0.01242236
0 0.49648437 0.53674948 0.01328125 0.01345755
0 0.32539062 0.53105590 0.01015625 0.01449275
0 0.45546875 0.51086956 0.0171875 0.02380952
0 0.32890625 0.48188405 0.009375 0.01138716
0 0.5234375 0.48033126 0.0125 0.01863354
0 0.31289062 0.47567287 0.01171875 0.01759834
0 0.64296875 0.46946169 0.0078125 0.02173913
0 0.39726562 0.45289855 0.01015625 0.01345755
0 0.41484375 0.45186335 0.009375 0.01552795
0 0.30859375 0.44772256 0.0078125 0.01345755
0 0.41210937 0.42701863 0.01484375 0.02380952
0 0.54921875 0.41977225 0.0109375 0.01552795
0 0.35664062 0.41149068 0.01328125 0.01138716
0 0.68359375 0.40527950 0.0109375 0.01138716
0 0.60507812 0.40579710 0.01015625 0.02898550
0 0.66132812 0.38716356 0.01328125 0.01863354
0 0.434375 0.37318840 0.0109375 0.01552795
0 0.39492187 0.34730848 0.01171875 0.01552795
0 0.36054687 0.34213250 0.01328125 0.01552795
0 0.49179687 0.35093167 0.01171875 0.03519668
0 0.41210937 0.34161490 0.01171875 0.01656314
0 0.61171875 0.33592132 0.0125 0.02173913
0 0.41679687 0.31935817 0.01171875 0.01552795
0 0.59375 0.31625258 0.0234375 0.02380952
0 0.47617187 0.30590062 0.01015625 0.02173913
0 0.37734375 0.30279503 0.0171875 0.02380952
0 0.4296875 0.29140786 0.0109375 0.00931677
0 0.5453125 0.29140786 0.0140625 0.01345755
0 0.50273437 0.29037267 0.00859375 0.01345755
0 0.45976562 0.25931677 0.01015625 0.01552795
0 0.40546875 0.26293995 0.0171875 0.04554865
0 0.35078125 0.23757763 0.025 0.01966873
0 0.56328125 0.22722567 0.0234375 0.01345755
0 0.48359375 0.22929606 0.0171875 0.02380952
0 0.53828125 0.20393374 0.0140625 0.01449275
0 0.371875 0.17339544 0.0171875 0.02380952
0 0.6125 0.16304347 0.0140625 0.01966873
0 0.44375 0.15269151 0.015625 0.01345755
0 0.590625 0.15579710 0.0078125 0.02795031
0 0.50234375 0.13405797 0.0171875 0.02380952
0 0.5328125 0.10144927 0.0125 0.01035196
0 0.49609375 0.07867494 0.0125 0.01863354
0 0.4796875 0.06625258 0.0109375 0.01449275
0 0.546875 0.06521739 0.0109375 0.01449275
0 0.490625 0.04606625 0.0078125 0.01138716