0 0.41992187 0.92028985 0.01328125 0.02070393
0 0.4921875 0.91666666 0.0125 0.01966873
0 0.3546875 0.87008281 0.01875 0.02795031
0 0.34570312 0.80641821 0.01328125 0.02484472
0 0.60351562 0.77950310 0.01640625 0.01656314
0 0.50429687 0.77173913 0.01484375 0.01345755
0 0.35742187 0.73861283 0.00859375 0.03416149
0 0.30585937 0.72412008 0.01796875 0.03002070
0 0.29765625 0.68322981 0.01875 0.02691511
0 0.65 0.63354037 0.0125 0.02070393
0 0.36171875 0.59886128 0.0265625 0.00931677
0 0.49101562 0.53778467 0.01640625 0.01138716
0 0.43476562 0.53674948 0.01328125 0.01759834
0 0.59726562 0.47204968 0.01484375 0.02277432
0 0.64257812 0.45807453 0.01484375 0.02380952
0 0.45859375 0.41304347 0.015625 0.02691511
0 0.31132812 0.40372670 0.01328125 0.01449275
0 0.33671875 0.37215320 0.01875 0.01759834
0 0.6453125 0.37060041 0.0390625 0.03726708
0 0.41914062 0.32712215 0.01796875 0.02691511
0 0.3640625 0.06055900 0.00625 0.02173913