0 0.63125 0.91666666 0.0234375 0.02380952
0 0.37734375 0.91304347 0.0125 0.01863354
0 0.640625 0.90062111 0.021875 0.01242236
0 0.55390625 0.85921325 0.015625 0.02691511
0 0.6140625 0.84627329 0.00625 0.01345755
0 0.58554687 0.84316770 0.01328125 0.01759834
0 0.47070312 0.79968944 0.02109375 0.03416149
0 0.31601562 0.75517598 0.01640625 0.01966873
0 0.3640625 0.74120082 0.0171875 0.02070393
0 0.35546875 0.71428571 0.0140625 0.03312629
0 0.41914062 0.62318840 0.01171875 0.01656314
0 0.50273437 0.60041407 0.01953125 0.03312629
0 0.45898437 0.46118012 0.01640625 0.04037267
0 0.3796875 0.37991718 0.0078125 0.01242236
0 0.44023437 0.30124223 0.01015625 0.00828157
0 0.5296875 0.29451345 0.0140625 0.01552795
0 0.4453125 0.25569358 0.01875 0.02484472
0 0.53164062 0.15683229 0.01015625 0.01552795
0 0.55273437 0.07919254 0.02109375 0.03209109
0 0.61914062 0.03778467 0.00703125 0.01552795