0 0.44960937 0.89130434 0.03828125 0.02484472
0 0.6390625 0.86283643 0.01875 0.02380952
0 0.44179687 0.81366459 0.01640625 0.02070393
0 0.3171875 0.78881987 0.0203125 0.03726708
0 0.37539062 0.76966873 0.01640625 0.01552795
0 0.63828125 0.76604554 0.015625 0.02484472
0 0.35898437 0.73395445 0.01484375 0.01449275
0 0.55234375 0.70496894 0.015625 0.03105590
0 0.64335937 0.52950310 0.01171875 0.03209109
0 0.40703125 0.51552795 0.0203125 0.02691511
0 0.51328125 0.35196687 0.0171875 0.02691511
0 0.42382812 0.26345755 0.02421875 0.01552795
0 0.4390625 0.22360248 0.028125 0.02691511
0 0.61015625 0.07453416 0.0140625 0.02691511
0 0.359375 0.07919254 0.0140625 0.05072463