0 0.36640625 0.98706004 0.009375 0.02587991
0 0.51914062 0.95910973 0.01640625 0.01759834
0 0.6234375 0.93944099 0.0078125 0.01759834
0 0.434375 0.93633540 0.0109375 0.01138716
0 0.3484375 0.91149068 0.0171875 0.02380952
0 0.29335937 0.90527950 0.01015625 0.01966873
0 0.46132812 0.88923395 0.01015625 0.01242236
0 0.5171875 0.88043478 0.0171875 0.02380952
0 0.46289062 0.87060041 0.01328125 0.01656314
0 0.3578125 0.86438923 0.009375 0.01242236
0 0.328125 0.86387163 0.0125 0.01966873
0 0.60078125 0.83902691 0.0171875 0.02380952
0 0.3890625 0.83385093 0.0171875 0.02380952
0 0.35234375 0.82919254 0.0078125 0.01449275
0 0.41210937 0.82505175 0.01328125 0.02484472
0 0.66914062 0.80538302 0.01328125 0.01242236
0 0.39453125 0.80486542 0.0171875 0.02380952
0 0.3609375 0.79244306 0.0125 0.01552795
0 0.6234375 0.78830227 0.0125 0.01552795
0 0.3375 0.77639751 0.0140625 0.01656314
0 0.64570312 0.76966873 0.01171875 0.01759834
0 0.62617187 0.76138716 0.01015625 0.01345755
0 0.48046875 0.75621118 0.0125 0.01759834
0 0.56914062 0.75310559 0.01171875 0.01966873
0 0.68203125 0.73240165 0.0109375 0.01759834
0 0.57851562 0.72826086 0.01171875 0.01552795
0 0.60742187 0.71739130 0.01171875 0.01449275
0 0.43515625 0.71532091 0.0109375 0.01656314
0 0.6421875 0.71376811 0.0171875 0.02380952
0 0.34257812 0.70445134 0.01171875 0.01759834
0 0.58789062 0.68115942 0.01328125 0.01449275
0 0.31875 0.66356107 0.009375 0.01449275
0 0.59453125 0.65942028 0.009375 0.01242236
0 0.33320312 0.63095238 0.01015625 0.01552795
0 0.55234375 0.62060041 0.009375 0.01345755
0 0.29570312 0.61749482 0.01484375 0.01138716
0 0.33203125 0.58022774 0.0171875 0.02380952
0 0.6484375 0.56832298 0.0109375 0.01863354
0 0.4171875 0.56521739 0.009375 0.01449275
0 0.36328125 0.55331262 0.009375 0.01552795
0 0.4734375 0.54399585 0.009375 0.01138716
0 0.63164062 0.54968944 0.00859375 0.02898550
0 0.52773437 0.53778467 0.01328125 0.01345755
0 0.59023437 0.53571428 0.02109375 0.01552795
0 0.31875 0.53519668 0.009375 0.02070393
0 0.43671875 0.54089026 0.021875 0.04865424
0 0.34492187 0.51501035 0.01015625 0.01552795
0 0.36367187 0.50258799 0.01796875 0.02380952
0 0.4640625 0.47308488 0.0125 0.01449275
0 0.57109375 0.47722567 0.009375 0.02691511
0 0.41132812 0.46635610 0.01015625 0.01345755
0 0.50820312 0.46014492 0.01015625 0.01966873
0 0.63125 0.45445134 0.0125 0.01449275
0 0.43554687 0.41925465 0.01015625 0.01242236
0 0.3796875 0.41873706 0.015625 0.01138716
0 0.46914062 0.41045548 0.01484375 0.01966873
0 0.5265625 0.41045548 0.0171875 0.02380952
0 0.4234375 0.40424430 0.009375 0.02173913
0 0.64492187 0.39596273 0.01015625 0.01552795
0 0.659375 0.37629399 0.0125 0.01552795
0 0.58164062 0.37008281 0.00859375 0.01345755
0 0.325 0.35921325 0.0109375 0.01449275
0 0.60703125 0.32039337 0.0109375 0.01759834
0 0.53515625 0.31262939 0.0109375 0.02277432
0 0.41835937 0.29244306 0.02265625 0.02795031
0 0.37890625 0.28933747 0.0171875 0.02380952
0 0.53945312 0.24171842 0.01015625 0.01552795
0 0.58125 0.24275362 0.0125 0.01966873
0 0.33398437 0.22929606 0.01640625 0.02380952
0 0.50546875 0.22049689 0.0109375 0.01242236
0 0.52265625 0.22101449 0.0171875 0.02380952
0 0.54921875 0.21997929 0.0171875 0.02380952
0 0.62851562 0.20962732 0.01171875 0.01138716
0 0.484375 0.20393374 0.0125 0.01656314
0 0.38515625 0.19202898 0.01875 0.01345755
0 0.50078125 0.18530020 0.0109375 0.01449275
0 0.478125 0.18012422 0.009375 0.01449275
0 0.6109375 0.16770186 0.0171875 0.02898550
0 0.43671875 0.14906832 0.009375 0.01656314
0 0.35625 0.15269151 0.0171875 0.02380952
0 0.3375 0.11438923 0.021875 0.01138716
0 0.45546875 0.11490683 0.009375 0.01656314
0 0.55585937 0.10093167 0.01171875 0.01552795
0 0.63359375 0.10403726 0.0171875 0.02380952
0 0.45703125 0.09213250 0.009375 0.01863354
0 0.3515625 0.08281573 0.01875 0.02070393
0 0.578125 0.06521739 0.0109375 0.01863354
0 0.48320312 0.06884057 0.02734375 0.04244306
0 0.52070312 0.04399585 0.01328125 0.02380952
0 0.7 0.02950310 0.0109375 0.01966873
0 0.68671875 0.00465838 0.009375 0.00931677