0 0.40039062 0.92960662 0.02265625 0.02070393
0 0.6234375 0.80124223 0.01875 0.02070393
0 0.32148437 0.79347826 0.02578125 0.02795031
0 0.39101562 0.78002070 0.01953125 0.02587991
0 0.484375 0.69720496 0.0125 0.02173913
0 0.42382812 0.58281573 0.02109375 0.02484472
0 0.29921875 0.57763975 0.0140625 0.01656314
0 0.6796875 0.52225672 0.0125 0.02795031
0 0.39375 0.50051759 0.01875 0.02380952
0 0.33085937 0.49171842 0.01796875 0.02070393
0 0.48164062 0.46687370 0.02109375 0.02484472
0 0.63984375 0.43115942 0.009375 0.01759834
0 0.39101562 0.32867494 0.01015625 0.01345755
0 0.58320312 0.32867494 0.01171875 0.01966873
0 0.48046875 0.28002070 0.0125 0.01966873
0 0.45898437 0.20341614 0.01953125 0.02795031
0 0.47890625 0.18115942 0.0140625 0.02277432
0 0.6359375 0.17339544 0.021875 0.02173913
0 0.46835937 0.15993788 0.01484375 0.01759834
0 0.603125 0.07556935 0.0203125 0.02277432
0 0.31328125 0.02691511 0.0171875 0.01656314