0 0.46289062 0.85403726 0.01328125 0.01449275
0 0.48671875 0.82556935 0.0140625 0.02587991
0 0.38476562 0.76915113 0.00859375 0.02070393
0 0.5765625 0.74430641 0.0265625 0.02898550
0 0.40585937 0.68633540 0.02109375 0.02484472
0 0.38945312 0.67701863 0.01328125 0.02070393
0 0.56367187 0.65527950 0.01484375 0.02070393
0 0.58867187 0.65320910 0.01796875 0.02070393
0 0.3421875 0.63923395 0.01875 0.02795031
0 0.56640625 0.52536231 0.01875 0.02380952
0 0.5609375 0.46376811 0.0109375 0.01656314
0 0.60078125 0.39699792 0.015625 0.01966873
0 0.46601562 0.38509316 0.01796875 0.01656314
0 0.38984375 0.38146997 0.0109375 0.01552795
0 0.62148437 0.26811594 0.00703125 0.01035196
0 0.459375 0.21480331 0.00625 0.01345755
0 0.54257812 0.21169772 0.02265625 0.02380952
0 0.36601562 0.16511387 0.02109375 0.02795031
0 0.5265625 0.15165631 0.015625 0.01966873
0 0.4484375 0.13146997 0.0203125 0.02484472
0 0.5484375 0.06314699 0.015625 0.01863354
0 0.4671875 0.03778467 0.0140625 0.00931677
0 0.50742187 0.01966873 0.01640625 0.02277432