0 0.60390625 0.88509316 0.0453125 0.03519668
0 0.56132812 0.75724637 0.03359375 0.05279503
0 0.39140625 0.73964803 0.01875 0.02173913
0 0.63398437 0.71118012 0.01484375 0.01449275
0 0.56289062 0.71014492 0.03671875 0.04140786
0 0.571875 0.61594202 0.0296875 0.02277432
0 0.5609375 0.53674948 0.021875 0.03830227
0 0.38125 0.52329192 0.015625 0.02380952
0 0.59609375 0.50207039 0.0234375 0.03312629
0 0.44101562 0.48240165 0.01171875 0.02484472
0 0.58164062 0.43478260 0.02578125 0.01863354
0 0.57851562 0.37784679 0.03671875 0.04554865
0 0.53945312 0.35714285 0.01796875 0.01656314
0 0.5390625 0.33540372 0.0171875 0.01242236
0 0.51757812 0.22360248 0.01640625 0.02691511
0 0.346875 0.11231884 0.0203125 0.02587991