0 0.40742187 0.87370600 0.02265625 0.01449275
0 0.31992187 0.84782608 0.01796875 0.02898550
0 0.35664062 0.82194616 0.01328125 0.02277432
0 0.36835937 0.73861283 0.01640625 0.02380952
0 0.55859375 0.69047619 0.0140625 0.01449275
0 0.57890625 0.60300207 0.0203125 0.02795031
0 0.55546875 0.51915113 0.0125 0.01759834
0 0.5109375 0.50672877 0.0140625 0.01966873
0 0.33359375 0.49327122 0.021875 0.02380952
0 0.6390625 0.36283643 0.01875 0.01759834
0 0.540625 0.36438923 0.021875 0.02070393
0 0.48476562 0.33799171 0.03046875 0.02173913
0 0.609375 0.31211180 0.01875 0.01552795
0 0.62421875 0.28726708 0.021875 0.02795031
0 0.50820312 0.28571428 0.01640625 0.04554865
0 0.55546875 0.25465838 0.0203125 0.02898550
0 0.45039062 0.24120082 0.01484375 0.02484472