0 0.47148437 0.99016563 0.01328125 0.00931677
0 0.55820312 0.89958592 0.00703125 0.01656314
0 0.30390625 0.90424430 0.03125 0.02795031
0 0.63398437 0.89078674 0.01796875 0.02587991
0 0.67460937 0.81418219 0.00703125 0.02380952
0 0.63632812 0.78623188 0.01484375 0.02587991
0 0.35273437 0.77795031 0.02265625 0.03002070
0 0.60898437 0.71014492 0.01953125 0.01863354
0 0.36015625 0.57453416 0.01875 0.02484472
0 0.66367187 0.54244306 0.01796875 0.02277432
0 0.48085937 0.53726708 0.01484375 0.01449275
0 0.42460937 0.51759834 0.01484375 0.02691511
0 0.66914062 0.49792960 0.01796875 0.02484472
0 0.52265625 0.49689440 0.015625 0.02277432
0 0.37226562 0.44927536 0.01328125 0.01656314
0 0.34296875 0.44772256 0.025 0.03623188
0 0.64257812 0.41097308 0.01796875 0.04347826
0 0.66015625 0.38457556 0.0078125 0.01345755
0 0.36640625 0.33850931 0.015625 0.02070393
0 0.59023437 0.28830227 0.01328125 0.01345755
0 0.48398437 0.27122153 0.01640625 0.02277432
0 0.359375 0.24585921 0.028125 0.02587991
0 0.3328125 0.23602484 0.0140625 0.02691511
0 0.53867187 0.18892339 0.02109375 0.02173913
0 0.48867187 0.13561076 0.01484375 0.02691511