0 0.57851562 0.88509316 0.01796875 0.01656314
0 0.64296875 0.87163561 0.021875 0.01449275
0 0.49921875 0.76708074 0.0234375 0.02277432
0 0.4578125 0.75207039 0.015625 0.01966873
0 0.62617187 0.65217391 0.01796875 0.02277432
0 0.38125 0.52329192 0.015625 0.02380952
0 0.42070312 0.53105590 0.03828125 0.05383022
0 0.55039062 0.50931677 0.02109375 0.01863354
0 0.4953125 0.50672877 0.0140625 0.02173913
0 0.59296875 0.47515527 0.0234375 0.02277432
0 0.38125 0.39906832 0.0140625 0.02173913
0 0.540625 0.38198757 0.021875 0.03312629
0 0.57851562 0.37784679 0.03671875 0.04554865
0 0.5390625 0.33540372 0.0171875 0.01242236
0 0.47617187 0.32763975 0.01328125 0.01552795
0 0.41484375 0.29244306 0.0140625 0.01552795
0 0.52773437 0.27432712 0.01640625 0.02484472
0 0.34960937 0.11283643 0.01484375 0.01656314
0 0.42421875 0.09627329 0.0203125 0.02691511
0 0.63945312 0.06935817 0.01171875 0.01863354