0 0.4875 0.86335403 0.025 0.02898550
0 0.43984375 0.86283643 0.0171875 0.03002070
0 0.584375 0.84316770 0.0203125 0.02795031
0 0.67226562 0.83643892 0.01953125 0.05175983
0 0.35664062 0.82194616 0.01328125 0.02277432
0 0.40976562 0.82349896 0.01640625 0.04037267
0 0.31757812 0.80641821 0.02109375 0.07246376
0 0.64453125 0.66718426 0.01875 0.02173913
0 0.61210937 0.60300207 0.01953125 0.03002070
0 0.51132812 0.59472049 0.02265625 0.01759834
0 0.51171875 0.56262939 0.01875 0.02173913
0 0.47148437 0.55848861 0.01171875 0.03209109
0 0.42070312 0.53105590 0.03828125 0.05383022
0 0.5515625 0.50207039 0.0234375 0.03312629
0 0.41132812 0.49068322 0.01328125 0.02484472
0 0.46445312 0.48136645 0.01484375 0.02277432
0 0.39609375 0.45755693 0.015625 0.02484472
0 0.38125 0.39906832 0.0140625 0.02173913
0 0.40351562 0.39337474 0.01484375 0.01863354
0 0.5875 0.36904761 0.01875 0.02173913
0 0.5390625 0.34368530 0.0171875 0.02898550
0 0.42265625 0.29554865 0.0296875 0.02173913