0 0.60820312 0.89285714 0.01640625 0.02173913
0 0.64804687 0.83436853 0.01015625 0.01863354
0 0.55859375 0.84057971 0.025 0.03105590
0 0.40234375 0.81728778 0.0125 0.01345755
0 0.43828125 0.79761904 0.0125 0.01759834
0 0.34023437 0.77587991 0.02421875 0.02587991
0 0.43828125 0.75310559 0.015625 0.01138716
0 0.51210937 0.65320910 0.01484375 0.02070393
0 0.33789062 0.61594202 0.02265625 0.03519668
0 0.40078125 0.55383022 0.025 0.02277432
0 0.40429687 0.39337474 0.01328125 0.01449275
0 0.5359375 0.38768115 0.0140625 0.01552795
0 0.63789062 0.27846790 0.01328125 0.01656314
0 0.5109375 0.25 0.009375 0.01138716
0 0.57734375 0.22774327 0.01875 0.02070393
0 0.4078125 0.15062111 0.01875 0.02173913
0 0.43515625 0.14182194 0.01875 0.02898550
0 0.38085937 0.09109730 0.01171875 0.01449275