0 0.6625 0.98188405 0.0171875 0.01966873
0 0.51367187 0.93633540 0.00703125 0.02795031
0 0.47460937 0.91873706 0.01328125 0.01759834
0 0.66875 0.90786749 0.0125 0.01863354
0 0.56523437 0.90320910 0.01796875 0.02795031
0 0.62070312 0.88146997 0.01015625 0.00931677
0 0.31367187 0.87836438 0.00859375 0.01138716
0 0.35429687 0.87836438 0.02109375 0.01345755
0 0.48125 0.87629399 0.021875 0.01966873
0 0.51523437 0.86387163 0.01171875 0.01759834
0 0.41289062 0.81780538 0.01171875 0.01242236
0 0.640625 0.81832298 0.0078125 0.02795031
0 0.54414062 0.81055900 0.02421875 0.02484472
0 0.4875 0.78623188 0.0171875 0.01345755
0 0.34335937 0.78571428 0.02421875 0.02484472
0 0.54101562 0.77018633 0.01015625 0.01242236
0 0.65664062 0.76915113 0.01171875 0.01656314
0 0.61796875 0.76293995 0.009375 0.01449275
0 0.62617187 0.74378881 0.01015625 0.01759834
0 0.46523437 0.74016563 0.02890625 0.02691511
0 0.67109375 0.72929606 0.0125 0.01759834
0 0.36210937 0.72929606 0.01796875 0.01759834
0 0.48203125 0.71066252 0.0109375 0.01345755
0 0.3578125 0.71014492 0.0109375 0.01242236
0 0.34296875 0.70031055 0.0078125 0.00931677
0 0.40703125 0.69979296 0.009375 0.02484472
0 0.39492187 0.68530020 0.01640625 0.01656314
0 0.49375 0.67805383 0.0171875 0.02898550
0 0.428125 0.66977225 0.015625 0.01863354
0 0.68554687 0.66718426 0.01171875 0.01552795
0 0.5078125 0.64648033 0.021875 0.02380952
0 0.43242187 0.58592132 0.03359375 0.02898550
0 0.65351562 0.56935817 0.01484375 0.01035196
0 0.36210937 0.56728778 0.01640625 0.02484472
0 0.34492187 0.55227743 0.00859375 0.00931677
0 0.32578125 0.55745341 0.0109375 0.02173913
0 0.63554687 0.53053830 0.01171875 0.01552795
0 0.49140625 0.52639751 0.01875 0.01345755
0 0.43359375 0.52018633 0.00625 0.01138716
0 0.58671875 0.52329192 0.034375 0.03002070
0 0.42695312 0.50362318 0.01015625 0.01138716
0 0.5765625 0.49741200 0.021875 0.01759834
0 0.51328125 0.50362318 0.0078125 0.03623188
0 0.30859375 0.48757763 0.021875 0.02898550
0 0.58671875 0.46325051 0.0109375 0.01552795
0 0.57304687 0.45859213 0.00703125 0.01242236
0 0.35703125 0.45496894 0.009375 0.02173913
0 0.30390625 0.44616977 0.009375 0.01449275
0 0.53164062 0.44099378 0.01015625 0.01449275
0 0.32265625 0.43840579 0.009375 0.01138716
0 0.559375 0.44151138 0.0171875 0.02380952
0 0.37695312 0.41563146 0.01484375 0.01138716
0 0.42539062 0.40734989 0.00859375 0.01552795
0 0.52109375 0.40113871 0.009375 0.01345755
0 0.64335937 0.39544513 0.01328125 0.01656314
0 0.48828125 0.38198757 0.009375 0.01242236
0 0.35390625 0.37888198 0.0171875 0.01035196
0 0.33398437 0.37991718 0.01171875 0.01656314
0 0.60546875 0.38819875 0.0203125 0.03933747
0 0.38632812 0.37060041 0.01796875 0.01449275
0 0.57890625 0.33850931 0.0109375 0.01449275
0 0.45976562 0.31780538 0.01640625 0.01656314
0 0.62734375 0.31107660 0.009375 0.01138716
0 0.4953125 0.29451345 0.009375 0.01345755
0 0.60625 0.27795031 0.0078125 0.01138716
0 0.56992187 0.27898550 0.01484375 0.01759834
0 0.39375 0.27639751 0.015625 0.01242236
0 0.64921875 0.27743271 0.0109375 0.01656314
0 0.44960937 0.25465838 0.01484375 0.01035196
0 0.3328125 0.25569358 0.0109375 0.01242236
0 0.54765625 0.23757763 0.009375 0.01138716
0 0.51445312 0.23033126 0.00859375 0.01138716
0 0.61679687 0.22826086 0.01953125 0.02587991
0 0.4046875 0.19306418 0.0125 0.01345755
0 0.63945312 0.16925465 0.01640625 0.02380952
0 0.35625 0.12991718 0.0171875 0.02380952
0 0.51796875 0.12111801 0.0140625 0.01863354
0 0.34335937 0.07867494 0.01015625 0.01242236
0 0.64609375 0.06314699 0.009375 0.01242236
0 0.61875 0.06832298 0.0203125 0.02277432
0 0.33789062 0.05745341 0.01015625 0.01138716
0 0.35625 0.05227743 0.0125 0.01759834
0 0.62226562 0.03778467 0.01640625 0.02380952
0 0.58046875 0.01915113 0.0125 0.01552795