0 0.34453125 0.99378881 0.0078125 0.01242236
0 0.30234375 0.90269151 0.015625 0.02691511
0 0.55 0.89596273 0.0125 0.01552795
0 0.39570312 0.89648033 0.01953125 0.02898550
0 0.31367187 0.89026915 0.01328125 0.02070393
0 0.51171875 0.87370600 0.00625 0.01449275
0 0.57109375 0.82919254 0.028125 0.03726708
0 0.43671875 0.80641821 0.0171875 0.01863354
0 0.30195312 0.73809523 0.01953125 0.02277432
0 0.56054687 0.64285714 0.01484375 0.02277432
0 0.64960937 0.59420289 0.01640625 0.02277432
0 0.61953125 0.57867494 0.00625 0.02691511
0 0.5125 0.55693581 0.0140625 0.01656314
0 0.49882812 0.51190476 0.01171875 0.01345755
0 0.41054687 0.48861283 0.01640625 0.02070393
0 0.515625 0.47463768 0.0125 0.02795031
0 0.35898437 0.46583850 0.01171875 0.01449275
0 0.55703125 0.44565217 0.0234375 0.03002070
0 0.6078125 0.42287784 0.0140625 0.00724637
0 0.6484375 0.41873706 0.015625 0.01759834
0 0.6078125 0.32763975 0.015625 0.01966873
0 0.5515625 0.25776397 0.015625 0.01863354
0 0.35585937 0.26345755 0.02421875 0.03002070
0 0.60117187 0.23291925 0.01328125 0.01656314
0 0.38710937 0.20755693 0.00859375 0.01552795
0 0.61679687 0.16666666 0.01484375 0.01863354
0 0.42460937 0.10351966 0.01484375 0.01449275
0 0.4453125 0.10248447 0.0171875 0.02277432