0 0.67226562 0.83643892 0.01953125 0.05175983
0 0.47578125 0.81884057 0.0171875 0.02070393
0 0.37929687 0.74275362 0.01796875 0.01552795
0 0.64335937 0.52950310 0.01171875 0.03209109
0 0.371875 0.45652173 0.01875 0.02484472
0 0.59960937 0.38923395 0.02109375 0.02691511
0 0.48476562 0.33799171 0.03046875 0.02173913
0 0.3984375 0.33488612 0.009375 0.02380952
0 0.5796875 0.32608695 0.053125 0.04761904
0 0.42890625 0.27122153 0.0171875 0.01449275
0 0.52929687 0.22412008 0.01484375 0.02380952
0 0.36640625 0.14182194 0.0203125 0.02691511