0 0.43828125 0.88250517 0.015625 0.01345755
0 0.35 0.80693581 0.015625 0.02173913
0 0.43007812 0.74792960 0.01796875 0.02587991
0 0.584375 0.73343685 0.01875 0.02380952
0 0.66171875 0.70341614 0.0125 0.02173913
0 0.425 0.51915113 0.0171875 0.02173913
0 0.40078125 0.35766045 0.0234375 0.02587991
0 0.48476562 0.34109730 0.01640625 0.01759834
0 0.63164062 0.31314699 0.00546875 0.01966873
0 0.45429687 0.30020703 0.01640625 0.02484472
0 0.58359375 0.20393374 0.01875 0.02277432
0 0.53242187 0.16563146 0.01640625 0.01656314