0 0.43984375 0.89130434 0.01875 0.02484472
0 0.31640625 0.80693581 0.015625 0.01966873
0 0.3515625 0.51915113 0.01875 0.02380952
0 0.5109375 0.50672877 0.0140625 0.01966873
0 0.42773437 0.47877846 0.01796875 0.01966873
0 0.39609375 0.45755693 0.015625 0.02484472
0 0.59648437 0.45755693 0.01171875 0.02691511
0 0.43164062 0.42339544 0.01640625 0.03105590
0 0.59960937 0.38923395 0.02109375 0.02691511
0 0.540625 0.36438923 0.021875 0.02070393
0 0.39101562 0.35973084 0.02265625 0.01552795
0 0.47929687 0.31625258 0.01953125 0.01966873
0 0.4328125 0.21842650 0.0140625 0.01656314
0 0.58164062 0.19824016 0.01640625 0.02173913
0 0.61015625 0.07453416 0.0140625 0.02691511