0 0.37382812 0.97463768 0.01484375 0.01345755
0 0.38710937 0.95496894 0.01171875 0.01345755
0 0.659375 0.93012422 0.0171875 0.02380952
0 0.31914062 0.93115942 0.02109375 0.02587991
0 0.4875 0.91666666 0.0125 0.01552795
0 0.63164062 0.91407867 0.01015625 0.01656314
0 0.4375 0.91563146 0.0171875 0.02380952
0 0.67695312 0.88716356 0.01953125 0.01035196
0 0.34609375 0.88302277 0.009375 0.02277432
0 0.44101562 0.86956521 0.01328125 0.02070393
0 0.61523437 0.86956521 0.01640625 0.02484472
0 0.35742187 0.86594202 0.00859375 0.01759834
0 0.45664062 0.85921325 0.01171875 0.01863354
0 0.67695312 0.85559006 0.01015625 0.01552795
0 0.66445312 0.84265010 0.00859375 0.01242236
0 0.4390625 0.83850931 0.00625 0.01242236
0 0.31289062 0.84265010 0.01484375 0.02898550
0 0.6234375 0.82453416 0.0203125 0.02173913
0 0.55078125 0.79296066 0.0125 0.02070393
0 0.3375 0.78830227 0.0078125 0.01552795
0 0.471875 0.77898550 0.01875 0.01138716
0 0.31328125 0.78519668 0.0171875 0.02380952
0 0.3796875 0.78105590 0.0171875 0.02380952
0 0.57265625 0.76604554 0.009375 0.01035196
0 0.4125 0.75569358 0.009375 0.01449275
0 0.61953125 0.75724637 0.0171875 0.02380952
0 0.65625 0.74585921 0.0125 0.02173913
0 0.59023437 0.74430641 0.01015625 0.03105590
0 0.44492187 0.73188405 0.01640625 0.01242236
0 0.41757812 0.70962732 0.01015625 0.01552795
0 0.5796875 0.71273291 0.0171875 0.02380952
0 0.36640625 0.69409937 0.0171875 0.02380952
0 0.43671875 0.69306418 0.021875 0.02587991
0 0.62890625 0.68788819 0.0171875 0.02380952
0 0.65234375 0.67443064 0.0171875 0.02380952
0 0.62265625 0.61594202 0.0125 0.01863354
0 0.34140625 0.59782608 0.0125 0.01759834
0 0.36054687 0.57091097 0.01171875 0.01966873
0 0.68046875 0.56521739 0.0140625 0.01656314
0 0.378125 0.54968944 0.0125 0.01656314
0 0.37773437 0.53260869 0.01015625 0.01345755
0 0.49648437 0.53053830 0.01171875 0.01552795
0 0.58320312 0.50776397 0.00703125 0.00931677
0 0.64375 0.50983436 0.0125 0.01759834
0 0.43710937 0.50051759 0.01328125 0.01552795
0 0.51484375 0.49223602 0.015625 0.01345755
0 0.40664062 0.49171842 0.01015625 0.01863354
0 0.34375 0.48809523 0.0203125 0.02173913
0 0.39296875 0.47722567 0.021875 0.01035196
0 0.30546875 0.47774327 0.0140625 0.01966873
0 0.665625 0.46687370 0.0109375 0.01449275
0 0.60117187 0.45962732 0.01328125 0.01656314
0 0.48828125 0.45703933 0.0125 0.01345755
0 0.57421875 0.42960662 0.0140625 0.02277432
0 0.36875 0.42546583 0.025 0.03726708
0 0.64257812 0.40527950 0.01015625 0.01345755
0 0.35273437 0.39544513 0.01171875 0.01449275
0 0.57265625 0.39337474 0.009375 0.01242236
0 0.43632812 0.40269151 0.02265625 0.03519668
0 0.50195312 0.39078674 0.01328125 0.01759834
0 0.60390625 0.37681159 0.028125 0.01035196
0 0.51445312 0.37784679 0.01328125 0.01656314
0 0.6421875 0.36853002 0.009375 0.01035196
0 0.440625 0.34730848 0.0140625 0.01759834
0 0.37109375 0.33695652 0.009375 0.01345755
0 0.37148437 0.32349896 0.01015625 0.01138716
0 0.42929687 0.30227743 0.01328125 0.01656314
0 0.57421875 0.30279503 0.0171875 0.02380952
0 0.625 0.29710144 0.0109375 0.01449275
0 0.54414062 0.28933747 0.01015625 0.01759834
0 0.4109375 0.28519668 0.0171875 0.02380952
0 0.55195312 0.26811594 0.01328125 0.01449275
0 0.42382812 0.26811594 0.02578125 0.01449275
0 0.3859375 0.25776397 0.0203125 0.01449275
0 0.575 0.24430641 0.009375 0.01656314
0 0.42070312 0.22463768 0.00703125 0.01035196
0 0.49492187 0.21687370 0.01328125 0.01552795
0 0.47070312 0.18788819 0.01171875 0.01759834
0 0.41171875 0.16045548 0.0140625 0.01242236
0 0.34414062 0.15062111 0.01015625 0.01966873
0 0.415625 0.14078674 0.0109375 0.01449275
0 0.44882812 0.13664596 0.01796875 0.01449275
0 0.50859375 0.13457556 0.0078125 0.02070393
0 0.57109375 0.12681159 0.009375 0.01345755
0 0.56054687 0.10144927 0.01015625 0.01656314
0 0.52070312 0.08385093 0.01328125 0.01449275
0 0.61210937 0.07660455 0.00859375 0.01449275
0 0.35429687 0.07919254 0.01796875 0.02380952
0 0.55195312 0.06211180 0.01171875 0.02070393
0 0.51523437 0.04296066 0.01171875 0.01345755
0 0.55546875 0.02173913 0.0125 0.01035196
0 0.34101562 0.02173913 0.00859375 0.01035196