0 0.59257812 0.96790890 0.02109375 0.02484472
0 0.40859375 0.93012422 0.009375 0.01552795
0 0.41875 0.90113871 0.0171875 0.02380952
0 0.49414062 0.88250517 0.01796875 0.01759834
0 0.57265625 0.87939958 0.0140625 0.01759834
0 0.415625 0.87111801 0.009375 0.01138716
0 0.64453125 0.86594202 0.01875 0.01345755
0 0.43398437 0.85662525 0.00859375 0.01345755
0 0.51796875 0.87370600 0.028125 0.05175983
0 0.45898437 0.85300207 0.01171875 0.01242236
0 0.54179687 0.85041407 0.01015625 0.01138716
0 0.46015625 0.83850931 0.0078125 0.01035196
0 0.3015625 0.83850931 0.0109375 0.01656314
0 0.48359375 0.82971014 0.009375 0.01138716
0 0.36640625 0.82349896 0.015625 0.01759834
0 0.47421875 0.79606625 0.009375 0.01242236
0 0.4078125 0.78209109 0.0171875 0.02380952
0 0.653125 0.76708074 0.0171875 0.01242236
0 0.50664062 0.76345755 0.01015625 0.01345755
0 0.61601562 0.75310559 0.01015625 0.01138716
0 0.3984375 0.74844720 0.0140625 0.01863354
0 0.68671875 0.73033126 0.009375 0.01345755
0 0.59765625 0.72204968 0.0125 0.01759834
0 0.55585937 0.71790890 0.01953125 0.01552795
0 0.56679687 0.69358178 0.01171875 0.01449275
0 0.37421875 0.70600414 0.0125 0.03933747
0 0.41132812 0.69513457 0.01484375 0.01966873
0 0.584375 0.67236024 0.0078125 0.01138716
0 0.68164062 0.67236024 0.01171875 0.01759834
0 0.52851562 0.66614906 0.01171875 0.01552795
0 0.3515625 0.66304347 0.0109375 0.01138716
0 0.36171875 0.62784679 0.0140625 0.01552795
0 0.42617187 0.61853002 0.00859375 0.02380952
0 0.46328125 0.60869565 0.0140625 0.01656314
0 0.4125 0.61231884 0.0171875 0.02380952
0 0.30546875 0.59834368 0.0125 0.01656314
0 0.32929687 0.60300207 0.02109375 0.03002070
0 0.67460937 0.60093167 0.01640625 0.03002070
0 0.42734375 0.58799171 0.009375 0.01242236
0 0.44960937 0.58074534 0.01328125 0.01242236
0 0.490625 0.57867494 0.009375 0.01656314
0 0.49179687 0.55124223 0.01015625 0.01345755
0 0.46015625 0.55020703 0.0109375 0.01138716
0 0.42578125 0.52122153 0.0171875 0.01966873
0 0.47773437 0.52225672 0.01015625 0.02587991
0 0.50976562 0.51190476 0.00859375 0.01138716
0 0.36171875 0.51604554 0.0171875 0.02380952
0 0.35546875 0.48964803 0.0125 0.01656314
0 0.45078125 0.49016563 0.0171875 0.02380952
0 0.68476562 0.48343685 0.01484375 0.01242236
0 0.64726562 0.48550724 0.00859375 0.01656314
0 0.60703125 0.46894409 0.0140625 0.01449275
0 0.39296875 0.45859213 0.009375 0.01656314
0 0.66992187 0.45600414 0.01171875 0.01759834
0 0.57617187 0.44875776 0.02109375 0.01345755
0 0.64804687 0.45082815 0.01328125 0.02173913
0 0.4515625 0.42598343 0.0078125 0.00931677
0 0.65390625 0.41666666 0.0171875 0.02380952
0 0.66992187 0.38819875 0.01015625 0.01449275
0 0.51289062 0.38509316 0.01484375 0.01242236
0 0.3234375 0.38095238 0.009375 0.01242236
0 0.61796875 0.37836438 0.0171875 0.02380952
0 0.58515625 0.36801242 0.0109375 0.01345755
0 0.4171875 0.37163561 0.0109375 0.02277432
0 0.46601562 0.36180124 0.01640625 0.01345755
0 0.56914062 0.33799171 0.01328125 0.01759834
0 0.46835937 0.33126293 0.01171875 0.01656314
0 0.35195312 0.33074534 0.02734375 0.02587991
0 0.37304687 0.30848861 0.01015625 0.01863354
0 0.41367187 0.29140786 0.00859375 0.01138716
0 0.628125 0.28623188 0.0109375 0.01345755
0 0.52265625 0.27898550 0.0125 0.01345755
0 0.3671875 0.28105590 0.015625 0.01966873
0 0.59375 0.27691511 0.0265625 0.01759834
0 0.36171875 0.25207039 0.0125 0.01552795
0 0.44960937 0.21014492 0.01171875 0.01449275
0 0.37617187 0.17805383 0.01328125 0.02070393
0 0.50117187 0.17960662 0.01484375 0.02587991
0 0.39726562 0.15165631 0.01171875 0.01138716
0 0.56054687 0.14648033 0.01015625 0.01345755
0 0.40234375 0.13768115 0.01875 0.01035196
0 0.4375 0.13819875 0.0109375 0.01966873
0 0.5875 0.13043478 0.0109375 0.01242236
0 0.46601562 0.11904761 0.01796875 0.02277432
0 0.56757812 0.10973084 0.01484375 0.02277432
0 0.61914062 0.08178053 0.00859375 0.01242236
0 0.4359375 0.09575569 0.0171875 0.04658385
0 0.48789062 0.06055900 0.01484375 0.01552795
0 0.59648437 0.05124223 0.01796875 0.01966873
0 0.33203125 0.01086956 0.0203125 0.02173913