0 0.44960937 0.89130434 0.03828125 0.02484472
0 0.54101562 0.88509316 0.02109375 0.03519668
0 0.509375 0.83436853 0.0234375 0.02691511
0 0.59492187 0.82505175 0.01640625 0.01449275
0 0.6578125 0.74223602 0.015625 0.02484472
0 0.44179687 0.74223602 0.01640625 0.03933747
0 0.63398437 0.71118012 0.01484375 0.01449275
0 0.62773437 0.69202898 0.01640625 0.01966873
0 0.64726562 0.64648033 0.01640625 0.02380952
0 0.66953125 0.60973084 0.0203125 0.02691511
0 0.57773437 0.54347826 0.02421875 0.01449275
0 0.44453125 0.54399585 0.0234375 0.01552795
0 0.3515625 0.51915113 0.01875 0.02380952
0 0.59296875 0.47515527 0.0234375 0.02277432
0 0.59335937 0.44047619 0.02421875 0.02380952
0 0.40351562 0.39337474 0.01484375 0.01863354
0 0.37578125 0.32349896 0.0171875 0.01966873
0 0.43007812 0.31625258 0.01484375 0.01966873
0 0.39492187 0.31211180 0.01640625 0.02380952
0 0.5328125 0.30693581 0.0203125 0.01552795
0 0.59179687 0.28623188 0.01640625 0.02587991
0 0.53085937 0.22412008 0.01796875 0.02380952
0 0.60820312 0.22722567 0.04140625 0.05279503
0 0.35703125 0.12681159 0.0203125 0.02587991
0 0.621875 0.07971014 0.0140625 0.05175983