0 0.69140625 0.98395445 0.0109375 0.01138716
0 0.625 0.97412008 0.0109375 0.01449275
0 0.69921875 0.96739130 0.0125 0.01345755
0 0.48632812 0.95445134 0.02109375 0.03105590
0 0.65117187 0.92494824 0.01328125 0.02380952
0 0.50507812 0.90217391 0.02421875 0.02380952
0 0.684375 0.89699792 0.0140625 0.02380952
0 0.584375 0.87836438 0.0078125 0.01138716
0 0.43242187 0.87060041 0.01328125 0.01863354
0 0.3875 0.86801242 0.0171875 0.02380952
0 0.45390625 0.85662525 0.0171875 0.02380952
0 0.51484375 0.84937888 0.009375 0.01138716
0 0.33203125 0.83799171 0.0171875 0.02380952
0 0.62617187 0.80538302 0.01484375 0.01656314
0 0.44296875 0.79503105 0.0109375 0.01449275
0 0.68476562 0.79244306 0.01171875 0.01138716
0 0.61640625 0.79037267 0.009375 0.01345755
0 0.41757812 0.79606625 0.03515625 0.06211180
0 0.39570312 0.75465838 0.01171875 0.01449275
0 0.475 0.75207039 0.0125 0.01345755
0 0.48710937 0.73913043 0.01015625 0.01449275
0 0.51523437 0.73395445 0.01484375 0.02070393
0 0.36367187 0.70652173 0.01640625 0.01966873
0 0.30351562 0.67650103 0.00859375 0.01552795
0 0.546875 0.64751552 0.009375 0.01138716
0 0.60703125 0.64751552 0.0125 0.01345755
0 0.59257812 0.63768115 0.01171875 0.01863354
0 0.44414062 0.62836438 0.01328125 0.01656314
0 0.328125 0.60817805 0.0125 0.01759834
0 0.49335937 0.59782608 0.01171875 0.01966873
0 0.55859375 0.57971014 0.0171875 0.01656314
0 0.45820312 0.57712215 0.01796875 0.02380952
0 0.44296875 0.56366459 0.0109375 0.01138716
0 0.55820312 0.52743271 0.01015625 0.01138716
0 0.353125 0.52639751 0.0125 0.01759834
0 0.30546875 0.52743271 0.0171875 0.02380952
0 0.41132812 0.51293995 0.01953125 0.02173913
0 0.36445312 0.50672877 0.01328125 0.02173913
0 0.434375 0.50155279 0.0171875 0.02380952
0 0.40078125 0.48964803 0.0125 0.01449275
0 0.68554687 0.48447204 0.01171875 0.01656314
0 0.303125 0.48706004 0.0171875 0.02380952
0 0.43007812 0.47360248 0.01015625 0.01966873
0 0.30234375 0.46428571 0.0109375 0.01345755
0 0.4 0.45807453 0.0109375 0.01759834
0 0.35390625 0.45445134 0.009375 0.01449275
0 0.50078125 0.44616977 0.0109375 0.01242236
0 0.521875 0.43530020 0.0109375 0.01552795
0 0.46796875 0.42443064 0.015625 0.01863354
0 0.33046875 0.42494824 0.0140625 0.01966873
0 0.37929687 0.40269151 0.00859375 0.01242236
0 0.55703125 0.39544513 0.0109375 0.01449275
0 0.346875 0.39492753 0.0171875 0.02380952
0 0.384375 0.38354037 0.0171875 0.02380952
0 0.43554687 0.35507246 0.01953125 0.01863354
0 0.53710937 0.35093167 0.01640625 0.02070393
0 0.4421875 0.33126293 0.009375 0.01449275
0 0.58164062 0.32815734 0.00859375 0.01035196
0 0.34648437 0.33022774 0.01171875 0.01449275
0 0.4046875 0.33022774 0.0109375 0.02070393
0 0.41601562 0.32039337 0.00859375 0.01138716
0 0.46523437 0.31677018 0.01328125 0.02484472
0 0.52617187 0.28364389 0.00859375 0.01035196
0 0.35390625 0.25931677 0.0125 0.01552795
0 0.475 0.25724637 0.0171875 0.02380952
0 0.5875 0.24016563 0.0109375 0.01449275
0 0.44570312 0.22256728 0.01171875 0.01449275
0 0.63203125 0.21635610 0.0296875 0.02070393
0 0.56835937 0.20859213 0.00859375 0.01345755
0 0.3765625 0.19668737 0.0125 0.01242236
0 0.4515625 0.14078674 0.015625 0.02484472
0 0.59570312 0.12888198 0.01171875 0.01552795
0 0.62070312 0.11645962 0.01171875 0.01138716
0 0.42460937 0.11024844 0.01640625 0.00931677
0 0.4890625 0.10300207 0.009375 0.01138716
0 0.44023437 0.08954451 0.01015625 0.01138716
0 0.36601562 0.07971014 0.01015625 0.01449275
0 0.58828125 0.07401656 0.0140625 0.01345755
0 0.64492187 0.05900621 0.01171875 0.01656314
0 0.38242187 0.05797101 0.01171875 0.01656314
0 0.5078125 0.06884057 0.0203125 0.04244306
0 0.28867187 0.03881987 0.01953125 0.01138716
0 0.47929687 0.04399585 0.02109375 0.02795031
0 0.53242187 0.03623188 0.03359375 0.02484472
0 0.62265625 0.00672877 0.015625 0.01345755