0 0.321875 0.85196687 0.0140625 0.02070393
0 0.35820312 0.76397515 0.01796875 0.02070393
0 0.5859375 0.75828157 0.021875 0.02587991
0 0.57890625 0.60300207 0.0203125 0.02795031
0 0.57773437 0.54347826 0.02421875 0.01449275
0 0.44453125 0.54399585 0.0234375 0.01552795
0 0.38164062 0.54710144 0.01640625 0.02173913
0 0.4296875 0.52277432 0.0203125 0.02484472
0 0.57460937 0.47308488 0.01796875 0.02277432
0 0.6390625 0.36283643 0.01875 0.01759834
0 0.42265625 0.33799171 0.0296875 0.02173913
0 0.609375 0.31211180 0.01875 0.01552795
0 0.51171875 0.22360248 0.028125 0.02691511
0 0.44570312 0.15165631 0.01484375 0.01759834
0 0.3625 0.14078674 0.0125 0.02484472
0 0.61601562 0.07867494 0.02578125 0.03519668