0 0.56601562 0.92287784 0.01328125 0.01759834
0 0.63046875 0.89285714 0.0109375 0.01759834
0 0.38164062 0.87888198 0.00859375 0.02277432
0 0.503125 0.86645962 0.0171875 0.01449275
0 0.66875 0.84213250 0.0140625 0.01759834
0 0.62421875 0.77329192 0.015625 0.02277432
0 0.51210937 0.73395445 0.01640625 0.00828157
0 0.58945312 0.66977225 0.01328125 0.02277432
0 0.61640625 0.60662525 0.01875 0.02484472
0 0.43984375 0.55434782 0.0203125 0.02380952
0 0.40703125 0.51552795 0.015625 0.02691511
0 0.30273437 0.42443064 0.01171875 0.01449275
0 0.33554687 0.41563146 0.01796875 0.02173913
0 0.41132812 0.35144927 0.02109375 0.03002070
0 0.43632812 0.34213250 0.01171875 0.01966873
0 0.61523437 0.24327122 0.01328125 0.01863354
0 0.43164062 0.24171842 0.01640625 0.02587991
0 0.58164062 0.22981366 0.01484375 0.02277432
0 0.5078125 0.20393374 0.015625 0.01863354
0 0.41445312 0.09575569 0.01796875 0.02380952
0 0.63125 0.08850931 0.0171875 0.02795031
0 0.60703125 0.05434782 0.0125 0.01966873
0 0.69648437 0.02018633 0.01328125 0.01759834