0 0.56210937 0.88302277 0.02734375 0.03105590
0 0.67109375 0.87267080 0.0203125 0.02691511
0 0.43984375 0.85817805 0.0171875 0.02070393
0 0.4578125 0.83281573 0.015625 0.01966873
0 0.60507812 0.81935817 0.01640625 0.02380952
0 0.44179687 0.75103519 0.01640625 0.02173913
0 0.40976562 0.75051759 0.01640625 0.02277432
0 0.56289062 0.69565217 0.03671875 0.07039337
0 0.66953125 0.60973084 0.0203125 0.02691511
0 0.51171875 0.57660455 0.021875 0.02277432
0 0.55546875 0.51915113 0.0125 0.01759834
0 0.3390625 0.53416149 0.0453125 0.05590062
0 0.371875 0.45652173 0.01875 0.02484472
0 0.43164062 0.45341614 0.01640625 0.03105590
0 0.640625 0.38768115 0.0125 0.02587991
0 0.4078125 0.36024844 0.0203125 0.02277432
0 0.3765625 0.34523809 0.01875 0.01345755
0 0.49375 0.32815734 0.0140625 0.02070393
0 0.52773437 0.28519668 0.01640625 0.01552795
0 0.52929687 0.22412008 0.01484375 0.02380952
0 0.53945312 0.18685300 0.01796875 0.02380952
0 0.61601562 0.08643892 0.02578125 0.03830227