0 0.30820312 0.98084886 0.01640625 0.00931677
0 0.5765625 0.98602484 0.0171875 0.02380952
0 0.64023437 0.97256728 0.01484375 0.01552795
0 0.57773437 0.95134575 0.01328125 0.01242236
0 0.68671875 0.93633540 0.0125 0.01552795
0 0.48515625 0.90527950 0.0171875 0.02380952
0 0.36679687 0.90113871 0.01640625 0.02173913
0 0.41054687 0.89699792 0.01328125 0.01966873
0 0.34921875 0.87836438 0.0109375 0.01552795
0 0.35664062 0.83436853 0.01171875 0.01242236
0 0.53515625 0.83126293 0.0078125 0.01656314
0 0.31757812 0.82867494 0.01015625 0.01759834
0 0.67539062 0.81521739 0.01015625 0.01759834
0 0.4875 0.81107660 0.0171875 0.02380952
0 0.6296875 0.80590062 0.0125 0.01552795
0 0.45351562 0.79244306 0.02890625 0.01966873
0 0.39414062 0.78933747 0.01171875 0.01552795
0 0.63828125 0.78726708 0.0109375 0.01552795
0 0.37734375 0.78260869 0.0109375 0.01242236
0 0.58085937 0.77691511 0.01484375 0.01345755
0 0.5375 0.77743271 0.0140625 0.01656314
0 0.56210937 0.77484472 0.01953125 0.01966873
0 0.3890625 0.76811594 0.0109375 0.01449275
0 0.50195312 0.76293995 0.00859375 0.01035196
0 0.50898437 0.74378881 0.01328125 0.00931677
0 0.43085937 0.72360248 0.01796875 0.01656314
0 0.39921875 0.72619047 0.0171875 0.02380952
0 0.56914062 0.70341614 0.01015625 0.01345755
0 0.49492187 0.70341614 0.01015625 0.02380952
0 0.38710937 0.69979296 0.01171875 0.01656314
0 0.31875 0.68219461 0.0125 0.01449275
0 0.61914062 0.67080745 0.01015625 0.01656314
0 0.45507812 0.66511387 0.01171875 0.02587991
0 0.3890625 0.64803312 0.0171875 0.02691511
0 0.58828125 0.62888198 0.0125 0.01552795
0 0.33046875 0.62577639 0.0140625 0.01966873
0 0.30429687 0.61645962 0.01171875 0.01552795
0 0.46757812 0.59420289 0.01015625 0.02277432
0 0.51367187 0.55900621 0.01484375 0.01449275
0 0.56367187 0.55538302 0.01171875 0.01345755
0 0.49492187 0.50621118 0.01484375 0.02277432
0 0.41601562 0.49016563 0.01484375 0.01966873
0 0.34492187 0.46997929 0.01328125 0.01035196
0 0.44726562 0.47204968 0.00703125 0.01656314
0 0.50078125 0.47049689 0.015625 0.01552795
0 0.57148437 0.46687370 0.01328125 0.02277432
0 0.509375 0.44927536 0.0171875 0.02070393
0 0.30625 0.45082815 0.0125 0.02587991
0 0.6625 0.43426501 0.0171875 0.02380952
0 0.6109375 0.42339544 0.015625 0.02277432
0 0.54882812 0.41356107 0.01328125 0.01345755
0 0.56132812 0.40062111 0.01171875 0.01449275
0 0.32421875 0.39906832 0.0125 0.01552795
0 0.65429687 0.39544513 0.01171875 0.01242236
0 0.39023437 0.39958592 0.01640625 0.02070393
0 0.4234375 0.39389233 0.0171875 0.02380952
0 0.37539062 0.37629399 0.01171875 0.01138716
0 0.35859375 0.35973084 0.01875 0.02587991
0 0.45898437 0.35869565 0.01953125 0.04037267
0 0.415625 0.33385093 0.0125 0.01759834
0 0.6046875 0.32349896 0.0125 0.00931677
0 0.4890625 0.32091097 0.009375 0.01449275
0 0.6484375 0.32349896 0.0125 0.02173913
0 0.35507812 0.32039337 0.01484375 0.01759834
0 0.35625 0.30124223 0.0140625 0.01863354
0 0.33203125 0.30279503 0.0125 0.02587991
0 0.52226562 0.27225672 0.00859375 0.01449275
0 0.57226562 0.26811594 0.01640625 0.02070393
0 0.63007812 0.25258799 0.01953125 0.02070393
0 0.55507812 0.24378881 0.01171875 0.01759834
0 0.52851562 0.22670807 0.01171875 0.01035196
0 0.47460937 0.19824016 0.01171875 0.01966873
0 0.6421875 0.16356107 0.0140625 0.01656314
0 0.42890625 0.16407867 0.0171875 0.02380952
0 0.47148437 0.15734989 0.01171875 0.01242236
0 0.61757812 0.13923395 0.02421875 0.01759834
0 0.37460937 0.11801242 0.01484375 0.01656314
0 0.56328125 0.11645962 0.0171875 0.02380952
0 0.64882812 0.10507246 0.01171875 0.01345755
0 0.3796875 0.09420289 0.0109375 0.01449275
0 0.36132812 0.09420289 0.01484375 0.02277432
0 0.59492187 0.08022774 0.00859375 0.01345755
0 0.41328125 0.08126293 0.0125 0.01552795
0 0.57109375 0.07867494 0.0203125 0.01863354
0 0.5265625 0.06987577 0.0171875 0.02380952
0 0.37617187 0.04761904 0.01953125 0.01863354
0 0.4296875 0.03105590 0.0125 0.01863354
0 0.38007812 0.01811594 0.01796875 0.01552795