0 0.51601562 0.96635610 0.02109375 0.00931677
0 0.6515625 0.96635610 0.028125 0.01966873
0 0.29882812 0.92857142 0.01953125 0.01449275
0 0.33710937 0.91511387 0.01171875 0.01449275
0 0.61875 0.89182194 0.0140625 0.02173913
0 0.67539062 0.87784679 0.01015625 0.01242236
0 0.48476562 0.84213250 0.01015625 0.01345755
0 0.31640625 0.83178053 0.0078125 0.01138716
0 0.30507812 0.82505175 0.00859375 0.02070393
0 0.63203125 0.81832298 0.0109375 0.01345755
0 0.3390625 0.79606625 0.0078125 0.01242236
0 0.51367187 0.79296066 0.02421875 0.01656314
0 0.38085937 0.78209109 0.01015625 0.01345755
0 0.67226562 0.77329192 0.01640625 0.01242236
0 0.64414062 0.77587991 0.02265625 0.02173913
0 0.59257812 0.76708074 0.00859375 0.01035196
0 0.42773437 0.76604554 0.01328125 0.01449275
0 0.571875 0.76449275 0.009375 0.01552795
0 0.31328125 0.76552795 0.0171875 0.02380952
0 0.65585937 0.75258799 0.01171875 0.01656314
0 0.60742187 0.75 0.01171875 0.01552795
0 0.40703125 0.74741200 0.009375 0.01449275
0 0.63789062 0.74171842 0.01015625 0.01759834
0 0.39609375 0.72981366 0.0078125 0.01449275
0 0.64492187 0.72256728 0.01640625 0.02898550
0 0.37929687 0.71221532 0.01171875 0.01656314
0 0.50273437 0.69565217 0.01328125 0.01656314
0 0.60898437 0.68478260 0.01015625 0.01345755
0 0.47226562 0.67339544 0.01328125 0.02587991
0 0.57070312 0.65890269 0.01171875 0.01345755
0 0.55039062 0.65269151 0.01640625 0.02380952
0 0.3515625 0.62939958 0.009375 0.02070393
0 0.63398437 0.60300207 0.01328125 0.01759834
0 0.309375 0.59316770 0.025 0.01656314
0 0.5171875 0.58643892 0.0109375 0.01345755
0 0.4765625 0.58436853 0.0109375 0.01552795
0 0.48867187 0.58074534 0.01171875 0.01656314
0 0.51875 0.56780538 0.0078125 0.01552795
0 0.35078125 0.53519668 0.0078125 0.01035196
0 0.5484375 0.53467908 0.0109375 0.01138716
0 0.6859375 0.52380952 0.009375 0.01242236
0 0.48984375 0.51915113 0.009375 0.02173913
0 0.30820312 0.52122153 0.01953125 0.02795031
0 0.53867187 0.50103519 0.01484375 0.02277432
0 0.51835937 0.48861283 0.01796875 0.01449275
0 0.46835937 0.48602484 0.00859375 0.01552795
0 0.31484375 0.48913043 0.015625 0.02173913
0 0.34375 0.46946169 0.0109375 0.01345755
0 0.41015625 0.46946169 0.0125 0.01552795
0 0.578125 0.46273291 0.0125 0.01656314
0 0.66796875 0.46118012 0.0171875 0.01552795
0 0.37539062 0.43840579 0.01015625 0.01552795
0 0.36757812 0.40527950 0.01015625 0.02380952
0 0.43398437 0.39596273 0.01640625 0.01552795
0 0.59960937 0.39751552 0.01171875 0.02484472
0 0.578125 0.38871635 0.0109375 0.01966873
0 0.3296875 0.38043478 0.0078125 0.01345755
0 0.49140625 0.37111801 0.0171875 0.02380952
0 0.58164062 0.36024844 0.01484375 0.01449275
0 0.45039062 0.35973084 0.01484375 0.01759834
0 0.49726562 0.34679089 0.01953125 0.01863354
0 0.60429687 0.33954451 0.02109375 0.01035196
0 0.60234375 0.30538302 0.0140625 0.01035196
0 0.57070312 0.30538302 0.01015625 0.01242236
0 0.52578125 0.31884057 0.0265625 0.05175983
0 0.36523437 0.28985507 0.00859375 0.01449275
0 0.63320312 0.28467908 0.01171875 0.01449275
0 0.49609375 0.28364389 0.0203125 0.02277432
0 0.4234375 0.26397515 0.0109375 0.01035196
0 0.34257812 0.23602484 0.01484375 0.01863354
0 0.390625 0.23033126 0.0078125 0.01966873
0 0.44609375 0.21842650 0.015625 0.01863354
0 0.47539062 0.21169772 0.01328125 0.01759834
0 0.55390625 0.19668737 0.0109375 0.01863354
0 0.53320312 0.18167701 0.00859375 0.01345755
0 0.43710937 0.15476190 0.00859375 0.01138716
0 0.53515625 0.15269151 0.0171875 0.02380952
0 0.6390625 0.13302277 0.0140625 0.01966873
0 0.52695312 0.12008281 0.01484375 0.02277432
0 0.50117187 0.10817805 0.01484375 0.02380952
0 0.62734375 0.09782608 0.015625 0.03416149
0 0.359375 0.08902691 0.0125 0.02691511
0 0.43984375 0.06055900 0.0171875 0.02380952
0 0.36445312 0.05900621 0.01484375 0.02277432
0 0.59921875 0.04089026 0.0171875 0.01345755
0 0.6578125 0.01863354 0.0078125 0.00828157
0 0.43007812 0.01293995 0.01953125 0.01552795