0 0.46367187 0.94875776 0.00546875 0.02173913
0 0.43046875 0.90579710 0.0125 0.01863354
0 0.52382812 0.87836438 0.01640625 0.02173913
0 0.58359375 0.81780538 0.0125 0.01656314
0 0.32890625 0.76759834 0.0125 0.01552795
0 0.61640625 0.77380952 0.0203125 0.03209109
0 0.5171875 0.76345755 0.0140625 0.02380952
0 0.64296875 0.75621118 0.0203125 0.03002070
0 0.47578125 0.74948240 0.0140625 0.01863354
0 0.49453125 0.72204968 0.0171875 0.02173913
0 0.64921875 0.66407867 0.00625 0.01138716
0 0.2953125 0.63354037 0.0140625 0.02484472
0 0.340625 0.61594202 0.028125 0.02484472
0 0.5515625 0.58850931 0.01875 0.01966873
0 0.67890625 0.57453416 0.0140625 0.01863354
0 0.41835937 0.53674948 0.01953125 0.02380952
0 0.48476562 0.49016563 0.01953125 0.02380952
0 0.5796875 0.47670807 0.015625 0.02587991
0 0.45898437 0.44461697 0.01484375 0.01138716
0 0.665625 0.42028985 0.0125 0.01656314
0 0.6484375 0.40217391 0.015625 0.02380952
0 0.52265625 0.38405797 0.0078125 0.02898550
0 0.32578125 0.37215320 0.0078125 0.01345755
0 0.43945312 0.31159420 0.02109375 0.01863354
0 0.37890625 0.28312629 0.0109375 0.01552795
0 0.584375 0.24275362 0.015625 0.00724637
0 0.55703125 0.18892339 0.0171875 0.02173913
0 0.475 0.13302277 0.0140625 0.01552795