0 0.56640625 0.88975155 0.01875 0.00724637
0 0.60195312 0.88716356 0.02109375 0.02898550
0 0.67382812 0.86645962 0.01328125 0.02484472
0 0.36484375 0.82401656 0.021875 0.02898550
0 0.52578125 0.80538302 0.015625 0.01863354
0 0.61953125 0.79865424 0.015625 0.01966873
0 0.5453125 0.79813664 0.01875 0.02070393
0 0.41523437 0.77950310 0.01796875 0.02070393
0 0.48867187 0.76915113 0.00703125 0.02277432
0 0.68398437 0.69875776 0.01328125 0.01863354
0 0.33710937 0.62060041 0.01328125 0.01759834
0 0.4859375 0.61645962 0.0203125 0.02380952
0 0.43984375 0.58540372 0.0171875 0.01966873
0 0.63085937 0.54503105 0.02265625 0.05279503
0 0.39140625 0.51966873 0.0140625 0.01449275
0 0.51484375 0.49482401 0.0140625 0.02484472
0 0.5828125 0.47670807 0.015625 0.02380952
0 0.5828125 0.43995859 0.0234375 0.03519668
0 0.39882812 0.32712215 0.02109375 0.02277432
0 0.421875 0.30175983 0.0125 0.01345755
0 0.46367187 0.24896480 0.02109375 0.00724637
0 0.56757812 0.22877846 0.01953125 0.01656314
0 0.50234375 0.20186335 0.00625 0.01035196
0 0.38203125 0.12111801 0.01875 0.02070393