0 0.62773437 0.88612836 0.01640625 0.02070393
0 0.315625 0.86594202 0.0109375 0.02587991
0 0.66992187 0.84523809 0.01484375 0.03416149
0 0.3171875 0.77070393 0.0140625 0.01759834
0 0.4578125 0.73291925 0.015625 0.02070393
0 0.64453125 0.66718426 0.01875 0.02173913
0 0.5109375 0.50672877 0.0140625 0.01966873
0 0.33632812 0.50569358 0.01640625 0.01966873
0 0.42382812 0.45755693 0.01328125 0.02484472
0 0.40625 0.45755693 0.0171875 0.02484472
0 0.371875 0.45652173 0.01875 0.02484472
0 0.4578125 0.43788819 0.0171875 0.01449275
0 0.38046875 0.42236024 0.0171875 0.03105590
0 0.38046875 0.35196687 0.01875 0.01656314
0 0.57460937 0.35351966 0.02734375 0.02587991
0 0.53945312 0.34730848 0.01796875 0.03623188
0 0.39492187 0.32349896 0.01640625 0.01552795
0 0.61992187 0.29451345 0.03984375 0.05072463
0 0.52773437 0.28209109 0.01640625 0.04037267
0 0.58828125 0.24120082 0.0140625 0.02070393
0 0.56796875 0.22101449 0.015625 0.02173913