0 0.63671875 0.91563146 0.0140625 0.01966873
0 0.3515625 0.90010351 0.01875 0.02380952
0 0.47890625 0.86904761 0.0140625 0.01552795
0 0.68359375 0.84057971 0.015625 0.02484472
0 0.38046875 0.82039337 0.0265625 0.02795031
0 0.36875 0.74792960 0.0078125 0.02380952
0 0.51015625 0.73291925 0.01875 0.02691511
0 0.44648437 0.72619047 0.01484375 0.01759834
0 0.3015625 0.70600414 0.01875 0.02277432
0 0.44765625 0.67546583 0.015625 0.01966873
0 0.34804687 0.58540372 0.02109375 0.03416149
0 0.64960937 0.56366459 0.01015625 0.01759834
0 0.35195312 0.54658385 0.01640625 0.02691511
0 0.4296875 0.51449275 0.0296875 0.02277432
0 0.4609375 0.51863354 0.0234375 0.03933747
0 0.31914062 0.48084886 0.01796875 0.00724637
0 0.41484375 0.48550724 0.021875 0.02277432
0 0.36328125 0.47256728 0.0140625 0.01966873
0 0.525 0.46532091 0.0203125 0.02380952
0 0.68203125 0.45082815 0.00625 0.00931677
0 0.33085937 0.45238095 0.02265625 0.02691511
0 0.41484375 0.28053830 0.0171875 0.02277432
0 0.43007812 0.25983436 0.01796875 0.02277432
0 0.62109375 0.22204968 0.009375 0.01966873
0 0.36640625 0.12577639 0.015625 0.02795031