0 0.44179687 0.99120082 0.01171875 0.01759834
0 0.41875 0.93426501 0.0125 0.03209109
0 0.62265625 0.91873706 0.009375 0.02380952
0 0.46367187 0.91356107 0.00859375 0.01345755
0 0.57421875 0.90372670 0.0140625 0.01656314
0 0.61367187 0.90062111 0.01171875 0.01449275
0 0.48828125 0.89648033 0.009375 0.01449275
0 0.61289062 0.87422360 0.01015625 0.01345755
0 0.66132812 0.87577639 0.01015625 0.01863354
0 0.63125 0.85610766 0.009375 0.01656314
0 0.3390625 0.84006211 0.0171875 0.02380952
0 0.57734375 0.83333333 0.0140625 0.02070393
0 0.55898437 0.82971014 0.00859375 0.02173913
0 0.30234375 0.80383022 0.0171875 0.02380952
0 0.60820312 0.78623188 0.02109375 0.01552795
0 0.58007812 0.78519668 0.01171875 0.01759834
0 0.42304687 0.79347826 0.03828125 0.03623188
0 0.62734375 0.77795031 0.01875 0.03209109
0 0.4359375 0.74534161 0.00625 0.00828157
0 0.64453125 0.75 0.0078125 0.02380952
0 0.51640625 0.74275362 0.0171875 0.02380952
0 0.31757812 0.74378881 0.01171875 0.02587991
0 0.67421875 0.73964803 0.015625 0.02795031
0 0.42773437 0.72670807 0.01171875 0.01449275
0 0.54804687 0.72619047 0.01484375 0.02380952
0 0.4125 0.73188405 0.0140625 0.03726708
0 0.65664062 0.72153209 0.01484375 0.01863354
0 0.51015625 0.71946169 0.0109375 0.01863354
0 0.52539062 0.71221532 0.01640625 0.01035196
0 0.5625 0.69616977 0.0171875 0.02380952
0 0.56757812 0.66873706 0.01015625 0.01242236
0 0.65742187 0.67184265 0.01640625 0.02277432
0 0.47070312 0.67080745 0.01796875 0.02277432
0 0.55195312 0.64337474 0.01015625 0.01552795
0 0.59296875 0.61594202 0.021875 0.01242236
0 0.5 0.61335403 0.0171875 0.02380952
0 0.41640625 0.60300207 0.0265625 0.01345755
0 0.64453125 0.58799171 0.009375 0.01035196
0 0.49023437 0.57763975 0.01171875 0.02277432
0 0.46328125 0.56314699 0.009375 0.01449275
0 0.66523437 0.55693581 0.00859375 0.01242236
0 0.34648437 0.55072463 0.01171875 0.01449275
0 0.52265625 0.54347826 0.0140625 0.01035196
0 0.31835937 0.54296066 0.01484375 0.01138716
0 0.37734375 0.54658385 0.0125 0.02277432
0 0.65585937 0.54399585 0.01640625 0.02173913
0 0.60507812 0.52122153 0.01015625 0.01345755
0 0.40390625 0.49896480 0.015625 0.01656314
0 0.60703125 0.48654244 0.0078125 0.01035196
0 0.55117187 0.49068322 0.01328125 0.02484472
0 0.51210937 0.48913043 0.01328125 0.02173913
0 0.43515625 0.47101449 0.0140625 0.02484472
0 0.3625 0.46066252 0.0125 0.01449275
0 0.62304687 0.41149068 0.00859375 0.01552795
0 0.55234375 0.41097308 0.0125 0.01863354
0 0.68125 0.40372670 0.015625 0.01449275
0 0.63320312 0.39492753 0.01953125 0.03002070
0 0.63789062 0.38146997 0.01328125 0.01966873
0 0.45976562 0.37318840 0.01171875 0.01552795
0 0.59609375 0.35507246 0.0125 0.01656314
0 0.37304687 0.34006211 0.01328125 0.01552795
0 0.41875 0.34006211 0.0171875 0.02380952
0 0.35390625 0.31625258 0.0171875 0.02380952
0 0.571875 0.30383022 0.0171875 0.01552795
0 0.43515625 0.29917184 0.0140625 0.01863354
0 0.53945312 0.28157349 0.01171875 0.01449275
0 0.62265625 0.28105590 0.0140625 0.01552795
0 0.55859375 0.27898550 0.0171875 0.01759834
0 0.49960937 0.25776397 0.00859375 0.01242236
0 0.640625 0.23188405 0.0125 0.01863354
0 0.43359375 0.22153209 0.0109375 0.01449275
0 0.45195312 0.21480331 0.00859375 0.01138716
0 0.35859375 0.17339544 0.021875 0.01966873
0 0.65039062 0.16925465 0.00859375 0.01552795
0 0.48085937 0.16821946 0.01796875 0.01552795
0 0.64804687 0.14751552 0.01171875 0.01759834
0 0.4921875 0.14751552 0.0125 0.01966873
0 0.56796875 0.14233954 0.009375 0.01759834
0 0.51367187 0.12267080 0.01171875 0.01552795
0 0.57421875 0.11645962 0.0109375 0.01345755
0 0.39101562 0.08799171 0.01640625 0.01863354
0 0.59921875 0.08281573 0.009375 0.01656314
0 0.51640625 0.05693581 0.0109375 0.01656314
0 0.375 0.05486542 0.015625 0.01656314
0 0.55703125 0.04606625 0.015625 0.01138716
0 0.3546875 0.04503105 0.009375 0.01345755
0 0.30820312 0.03881987 0.00703125 0.01138716
0 0.28632812 0.02173913 0.01171875 0.01449275
0 0.48085937 0.01811594 0.01015625 0.01966873
0 0.3453125 0.01397515 0.009375 0.01552795