0 0.54609375 0.98447204 0.0109375 0.01242236
0 0.69414062 0.98084886 0.01015625 0.02173913
0 0.33203125 0.96428571 0.0171875 0.02380952
0 0.38710937 0.95082815 0.01484375 0.01552795
0 0.31367187 0.94616977 0.01953125 0.01035196
0 0.4796875 0.94875776 0.0171875 0.02380952
0 0.35273437 0.94099378 0.01328125 0.01242236
0 0.575 0.93426501 0.0328125 0.03416149
0 0.53046875 0.89855072 0.009375 0.01863354
0 0.41445312 0.88768115 0.01015625 0.01552795
0 0.65859375 0.88354037 0.01875 0.01138716
0 0.60351562 0.87681159 0.01171875 0.01449275
0 0.58320312 0.87681159 0.00703125 0.01863354
0 0.54140625 0.86904761 0.0171875 0.02380952
0 0.55742187 0.86024844 0.01015625 0.01449275
0 0.44726562 0.84420289 0.01171875 0.01552795
0 0.634375 0.83902691 0.015625 0.02380952
0 0.31367187 0.81159420 0.01171875 0.01035196
0 0.59648437 0.80848861 0.01484375 0.01863354
0 0.63554687 0.79917184 0.01171875 0.01863354
0 0.6 0.78002070 0.0203125 0.03209109
0 0.44414062 0.75 0.01015625 0.01966873
0 0.42773437 0.74327122 0.01015625 0.01242236
0 0.63632812 0.73654244 0.01328125 0.01345755
0 0.3640625 0.73291925 0.009375 0.01035196
0 0.38164062 0.73291925 0.00859375 0.02691511
0 0.5 0.72412008 0.0140625 0.01966873
0 0.42265625 0.68995859 0.0171875 0.02380952
0 0.31835937 0.68685300 0.01328125 0.01759834
0 0.67734375 0.67908902 0.009375 0.01242236
0 0.44765625 0.66873706 0.0125 0.01656314
0 0.45820312 0.64596273 0.01015625 0.01449275
0 0.47929687 0.64440993 0.01953125 0.02587991
0 0.51601562 0.63043478 0.00859375 0.01863354
0 0.37148437 0.62060041 0.01328125 0.01138716
0 0.33046875 0.60610766 0.0109375 0.01966873
0 0.30429687 0.59420289 0.01796875 0.01863354
0 0.61992187 0.59265010 0.01953125 0.03002070
0 0.46054687 0.58695652 0.01328125 0.01863354
0 0.29570312 0.57453416 0.00859375 0.02070393
0 0.35664062 0.54244306 0.01015625 0.01242236
0 0.56757812 0.52846790 0.01015625 0.01345755
0 0.32617187 0.51604554 0.00859375 0.01138716
0 0.55507812 0.49223602 0.01015625 0.01138716
0 0.5140625 0.49223602 0.0078125 0.01345755
0 0.41757812 0.48861283 0.00859375 0.01449275
0 0.53632812 0.48136645 0.01171875 0.01449275
0 0.49648437 0.47360248 0.01796875 0.01552795
0 0.58984375 0.45755693 0.009375 0.01035196
0 0.403125 0.45910973 0.0109375 0.01759834
0 0.45703125 0.45910973 0.01875 0.01966873
0 0.59492187 0.44047619 0.01328125 0.01966873
0 0.30976562 0.43737060 0.01015625 0.01552795
0 0.65585937 0.43581780 0.01171875 0.01449275
0 0.56523437 0.42908902 0.01171875 0.01345755
0 0.396875 0.42546583 0.0109375 0.02691511
0 0.68242187 0.40890269 0.01953125 0.02484472
0 0.64453125 0.39182194 0.009375 0.01138716
0 0.48359375 0.39389233 0.009375 0.01552795
0 0.4375 0.39026915 0.0125 0.01449275
0 0.62382812 0.38198757 0.01171875 0.01656314
0 0.628125 0.36024844 0.0171875 0.02484472
0 0.50703125 0.32349896 0.0078125 0.01138716
0 0.41679687 0.32505175 0.01171875 0.01656314
0 0.56835937 0.31107660 0.01015625 0.01966873
0 0.49609375 0.30641821 0.0125 0.01863354
0 0.4828125 0.30434782 0.0109375 0.01449275
0 0.35742187 0.28002070 0.01953125 0.01966873
0 0.42617187 0.26604554 0.01796875 0.02277432
0 0.4796875 0.25051759 0.0125 0.01656314
0 0.38828125 0.24844720 0.0109375 0.01242236
0 0.528125 0.24430641 0.0125 0.01449275
0 0.39648437 0.23291925 0.00859375 0.01449275
0 0.59414062 0.21842650 0.01328125 0.01863354
0 0.403125 0.21221532 0.0140625 0.01035196
0 0.4796875 0.20910973 0.015625 0.02691511
0 0.3890625 0.18426501 0.015625 0.01035196
0 0.6078125 0.16718426 0.0171875 0.02380952
0 0.58789062 0.13871635 0.01171875 0.01656314
0 0.44882812 0.13561076 0.01640625 0.01863354
0 0.48085937 0.13923395 0.01015625 0.02795031
0 0.6234375 0.13043478 0.0125 0.01449275
0 0.5984375 0.12370600 0.01875 0.01138716
0 0.528125 0.10093167 0.009375 0.01345755
0 0.6484375 0.08592132 0.0125 0.01656314
0 0.34023437 0.08747412 0.02578125 0.01966873
0 0.61054687 0.07971014 0.01015625 0.01035196
0 0.396875 0.08126293 0.0109375 0.01966873
0 0.56796875 0.06418219 0.015625 0.01242236
0 0.5515625 0.03260869 0.0171875 0.02380952
0 0.52304687 0.00569358 0.01640625 0.01138716