0 0.3171875 0.92184265 0.01875 0.01966873
0 0.6796875 0.83902691 0.01875 0.02380952
0 0.4375 0.83074534 0.0234375 0.02380952
0 0.54335937 0.78623188 0.01328125 0.01759834
0 0.30234375 0.78519668 0.0171875 0.03002070
0 0.65234375 0.74844720 0.0140625 0.01863354
0 0.34882812 0.76086956 0.02421875 0.04761904
0 0.4953125 0.69358178 0.01875 0.02070393
0 0.44765625 0.67236024 0.0125 0.01759834
0 0.43359375 0.67132505 0.00625 0.01966873
0 0.50078125 0.65993788 0.0140625 0.02173913
0 0.35273437 0.65269151 0.01640625 0.02173913
0 0.51132812 0.59886128 0.02109375 0.02173913
0 0.3828125 0.58178053 0.015625 0.02070393
0 0.29414062 0.52380952 0.01171875 0.01863354
0 0.4390625 0.51552795 0.0234375 0.03105590
0 0.4203125 0.50983436 0.0140625 0.01966873
0 0.51757812 0.47826086 0.01484375 0.01656314
0 0.4515625 0.35662525 0.0125 0.01966873
0 0.5125 0.32608695 0.021875 0.02484472
0 0.6 0.27122153 0.01875 0.02070393
0 0.609375 0.22826086 0.0109375 0.02173913
0 0.61210937 0.19461697 0.01640625 0.01863354
0 0.47929687 0.19616977 0.01640625 0.02795031
0 0.50625 0.18219461 0.0140625 0.02277432
0 0.42265625 0.14026915 0.021875 0.02587991
0 0.34492187 0.11697722 0.01484375 0.02070393
0 0.41796875 0.10351966 0.0140625 0.01449275