0 0.59960937 0.95186335 0.01953125 0.02380952
0 0.38476562 0.91821946 0.01328125 0.01863354
0 0.44921875 0.91356107 0.015625 0.02173913
0 0.34609375 0.87991718 0.021875 0.01863354
0 0.51953125 0.88043478 0.021875 0.03416149
0 0.5390625 0.81677018 0.00625 0.02070393
0 0.659375 0.80952380 0.015625 0.02484472
0 0.37148437 0.78623188 0.02578125 0.02795031
0 0.5796875 0.74741200 0.0140625 0.02070393
0 0.49609375 0.63768115 0.01875 0.02277432
0 0.57851562 0.57919254 0.01640625 0.01552795
0 0.64453125 0.53519668 0.0203125 0.02277432
0 0.60742187 0.51966873 0.01484375 0.01656314
0 0.4015625 0.51345755 0.0140625 0.02070393
0 0.47265625 0.50517598 0.0171875 0.01863354
0 0.32734375 0.42287784 0.009375 0.01966873
0 0.584375 0.41873706 0.0203125 0.02173913
0 0.67617187 0.39285714 0.01640625 0.02795031
0 0.49101562 0.35300207 0.01328125 0.01863354
0 0.57265625 0.25 0.025 0.02795031
0 0.49296875 0.22670807 0.015625 0.00828157
0 0.503125 0.09472049 0.0140625 0.01552795
0 0.3421875 0.08850931 0.0203125 0.02587991
0 0.55859375 0.08436853 0.0078125 0.02380952
0 0.62304687 0.00983436 0.01953125 0.01966873