0 0.40742187 0.90993788 0.01640625 0.01863354
0 0.68046875 0.90683229 0.0171875 0.01449275
0 0.62460937 0.82919254 0.02421875 0.02484472
0 0.5859375 0.80745341 0.01875 0.02070393
0 0.5875 0.76397515 0.0140625 0.02484472
0 0.57421875 0.72722567 0.0171875 0.01966873
0 0.37734375 0.62215320 0.01875 0.02277432
0 0.55546875 0.60196687 0.0140625 0.01966873
0 0.66953125 0.60041407 0.0140625 0.01863354
0 0.49921875 0.58488612 0.0078125 0.02277432
0 0.3078125 0.57349896 0.015625 0.03105590
0 0.4140625 0.51604554 0.0109375 0.01552795
0 0.63515625 0.49948240 0.01875 0.03416149
0 0.43320312 0.47463768 0.01171875 0.01966873
0 0.62539062 0.42494824 0.01953125 0.02587991
0 0.5171875 0.35869565 0.0125 0.01345755
0 0.51132812 0.30227743 0.01796875 0.02277432
0 0.33710937 0.30848861 0.01796875 0.03726708
0 0.64414062 0.25569358 0.02109375 0.01035196
0 0.44960937 0.23654244 0.01171875 0.01138716
0 0.390625 0.23861283 0.01875 0.01966873
0 0.478125 0.19927536 0.0203125 0.03209109