0 0.5375 0.83540372 0.015625 0.02070393
0 0.38671875 0.80383022 0.0125 0.01759834
0 0.57148437 0.74896480 0.03359375 0.03416149
0 0.39609375 0.57660455 0.0171875 0.02070393
0 0.65664062 0.55434782 0.01171875 0.01759834
0 0.42148437 0.51293995 0.02421875 0.03209109
0 0.53476562 0.49223602 0.01953125 0.01966873
0 0.35976562 0.41511387 0.01953125 0.03105590
0 0.4609375 0.39078674 0.009375 0.02795031
0 0.390625 0.36801242 0.0203125 0.02173913
0 0.565625 0.28157349 0.01875 0.03105590
0 0.40703125 0.19151138 0.0109375 0.01242236
0 0.56914062 0.17598343 0.01640625 0.02277432
0 0.390625 0.15217391 0.021875 0.01863354
0 0.36523437 0.13405797 0.01796875 0.02587991
0 0.53867187 0.11801242 0.01640625 0.01656314
0 0.51523437 0.07763975 0.02421875 0.02691511