0 0.39257812 0.99430641 0.01484375 0.01138716
0 0.584375 0.99120082 0.0078125 0.01759834
0 0.6484375 0.95082815 0.0171875 0.02380952
0 0.51289062 0.88509316 0.01328125 0.01035196
0 0.60742187 0.88612836 0.01328125 0.01449275
0 0.42734375 0.88146997 0.0171875 0.02380952
0 0.66523437 0.87888198 0.01640625 0.02691511
0 0.371875 0.86594202 0.0109375 0.01759834
0 0.64453125 0.86335403 0.0140625 0.01656314
0 0.50546875 0.83022774 0.0171875 0.02277432
0 0.3875 0.81418219 0.0109375 0.01138716
0 0.42929687 0.81004140 0.01171875 0.01552795
0 0.50117187 0.79606625 0.01171875 0.01242236
0 0.36132812 0.79554865 0.00859375 0.01138716
0 0.59140625 0.76190476 0.0125 0.01035196
0 0.5609375 0.76293995 0.0109375 0.01863354
0 0.45 0.76449275 0.009375 0.03416149
0 0.37109375 0.75828157 0.0203125 0.02587991
0 0.43945312 0.75155279 0.00859375 0.01449275
0 0.57929687 0.74948240 0.00859375 0.01242236
0 0.32734375 0.74534161 0.01875 0.01863354
0 0.3546875 0.74689440 0.0171875 0.02380952
0 0.52617187 0.74120082 0.01171875 0.01656314
0 0.66601562 0.73343685 0.01015625 0.01345755
0 0.63359375 0.73084886 0.0125 0.01863354
0 0.4984375 0.73343685 0.0171875 0.02380952
0 0.6671875 0.70859213 0.0125 0.01552795
0 0.34609375 0.69409937 0.0171875 0.02380952
0 0.60703125 0.68633540 0.0125 0.01863354
0 0.66992187 0.68271221 0.01484375 0.01759834
0 0.55390625 0.66200828 0.0078125 0.01345755
0 0.47382812 0.65217391 0.01015625 0.02070393
0 0.44375 0.65372670 0.0171875 0.02380952
0 0.46757812 0.63354037 0.02265625 0.02070393
0 0.346875 0.62525879 0.015625 0.01242236
0 0.590625 0.60921325 0.0125 0.02173913
0 0.34609375 0.60248447 0.0109375 0.01863354
0 0.55507812 0.58850931 0.01328125 0.01552795
0 0.51953125 0.57453416 0.0171875 0.03105590
0 0.32890625 0.56987577 0.0171875 0.02380952
0 0.38984375 0.56625258 0.0078125 0.03312629
0 0.59375 0.54968944 0.009375 0.01242236
0 0.55 0.54710144 0.025 0.02173913
0 0.47265625 0.53778467 0.0109375 0.01552795
0 0.2921875 0.52795031 0.0078125 0.01449275
0 0.528125 0.53053830 0.0140625 0.02587991
0 0.65117187 0.51915113 0.01015625 0.01552795
0 0.51601562 0.51863354 0.01640625 0.01656314
0 0.34882812 0.51035196 0.02109375 0.01656314
0 0.56171875 0.51190476 0.028125 0.02380952
0 0.42265625 0.50362318 0.0171875 0.02380952
0 0.52851562 0.48498964 0.01015625 0.01138716
0 0.39765625 0.47412008 0.0140625 0.01656314
0 0.58398437 0.45548654 0.01171875 0.01242236
0 0.30820312 0.45341614 0.01015625 0.01656314
0 0.59765625 0.44565217 0.0109375 0.01759834
0 0.31992187 0.44358178 0.01171875 0.01552795
0 0.29882812 0.42287784 0.01015625 0.01552795
0 0.40039062 0.41821946 0.00859375 0.01656314
0 0.60390625 0.41200828 0.0078125 0.01449275
0 0.58320312 0.39648033 0.01328125 0.01656314
0 0.36210937 0.39803312 0.01171875 0.01966873
0 0.4296875 0.38250517 0.01875 0.01552795
0 0.31171875 0.37939958 0.0109375 0.01138716
0 0.63007812 0.37888198 0.01171875 0.01449275
0 0.45625 0.38095238 0.0125 0.01863354
0 0.44921875 0.34523809 0.0140625 0.01759834
0 0.41289062 0.33540372 0.00859375 0.01242236
0 0.64492187 0.30952380 0.01953125 0.03105590
0 0.48789062 0.29761904 0.01171875 0.01345755
0 0.471875 0.29347826 0.0171875 0.02380952
0 0.34726562 0.28519668 0.01015625 0.01345755
0 0.42109375 0.27484472 0.009375 0.01345755
0 0.34804687 0.26552795 0.01171875 0.01552795
0 0.50585937 0.24844720 0.01328125 0.01242236
0 0.63125 0.24689440 0.015625 0.01552795
0 0.61601562 0.20031055 0.01171875 0.01552795
0 0.37226562 0.17598343 0.00703125 0.01656314
0 0.5046875 0.13302277 0.0109375 0.01759834
0 0.62382812 0.12422360 0.00703125 0.01863354
0 0.340625 0.12060041 0.0140625 0.01345755
0 0.56875 0.11387163 0.0234375 0.03933747
0 0.60039062 0.08178053 0.01171875 0.01449275
0 0.5234375 0.07712215 0.0125 0.03002070
0 0.60703125 0.06469979 0.0109375 0.01138716
0 0.48789062 0.02846790 0.01953125 0.02173913
0 0.32226562 0.01397515 0.01015625 0.00931677
0 0.60546875 0.01449275 0.0125 0.01242236
0 0.4203125 0.01242236 0.0078125 0.01449275