0 0.53046875 0.96325051 0.0171875 0.02380952
0 0.609375 0.95496894 0.0171875 0.02380952
0 0.3359375 0.91925465 0.0171875 0.01035196
0 0.3375 0.89699792 0.0109375 0.01552795
0 0.45390625 0.89389233 0.0109375 0.01138716
0 0.4734375 0.90683229 0.03125 0.03933747
0 0.50703125 0.88354037 0.0109375 0.01345755
0 0.64492187 0.87008281 0.01171875 0.01345755
0 0.5796875 0.87163561 0.0109375 0.01656314
0 0.41132812 0.86749482 0.00703125 0.02070393
0 0.47421875 0.85817805 0.0125 0.01656314
0 0.61992187 0.85300207 0.01171875 0.01449275
0 0.64453125 0.85093167 0.0140625 0.01656314
0 0.38046875 0.83126293 0.0171875 0.01863354
0 0.67226562 0.82608695 0.01015625 0.01449275
0 0.34414062 0.82556935 0.01015625 0.01759834
0 0.35976562 0.82349896 0.01171875 0.01552795
0 0.45390625 0.81211180 0.0171875 0.02380952
0 0.575 0.81004140 0.0171875 0.02380952
0 0.30625 0.81262939 0.01875 0.02898550
0 0.31953125 0.80020703 0.0125 0.01656314
0 0.61640625 0.77122153 0.0109375 0.01656314
0 0.3421875 0.76035196 0.01875 0.02380952
0 0.3890625 0.75828157 0.0078125 0.02173913
0 0.68046875 0.75310559 0.0125 0.01552795
0 0.4546875 0.74171842 0.0171875 0.02380952
0 0.34765625 0.73913043 0.01875 0.02070393
0 0.4078125 0.73861283 0.0171875 0.02380952
0 0.3609375 0.71997929 0.0109375 0.01552795
0 0.50859375 0.71687370 0.0171875 0.02380952
0 0.6625 0.71169772 0.0171875 0.02380952
0 0.41289062 0.69824016 0.01484375 0.01759834
0 0.29570312 0.68788819 0.01484375 0.02380952
0 0.3765625 0.67132505 0.009375 0.01966873
0 0.40351562 0.66511387 0.01328125 0.00931677
0 0.60273437 0.64182194 0.01953125 0.01242236
0 0.34453125 0.64648033 0.01875 0.02587991
0 0.56835937 0.62784679 0.01484375 0.01138716
0 0.4125 0.62060041 0.0171875 0.02380952
0 0.44453125 0.61542443 0.0125 0.01552795
0 0.34101562 0.60559006 0.01328125 0.01449275
0 0.52695312 0.59886128 0.01171875 0.01138716
0 0.64453125 0.59109730 0.009375 0.01035196
0 0.50976562 0.59472049 0.00859375 0.01966873
0 0.61171875 0.58540372 0.0171875 0.02380952
0 0.67734375 0.58333333 0.0171875 0.02380952
0 0.66171875 0.57142857 0.009375 0.01242236
0 0.51484375 0.55434782 0.009375 0.02380952
0 0.5 0.54968944 0.009375 0.01449275
0 0.29765625 0.55124223 0.0125 0.01759834
0 0.35390625 0.54813664 0.0109375 0.01345755
0 0.41210937 0.54554865 0.01171875 0.01449275
0 0.4328125 0.51966873 0.0109375 0.01449275
0 0.40898437 0.48602484 0.00703125 0.00931677
0 0.54296875 0.48291925 0.0171875 0.02380952
0 0.64765625 0.47308488 0.0125 0.01035196
0 0.31015625 0.47101449 0.009375 0.01242236
0 0.41484375 0.45445134 0.0140625 0.01035196
0 0.43476562 0.44461697 0.01640625 0.01138716
0 0.66796875 0.44772256 0.01875 0.02795031
0 0.41015625 0.43633540 0.0140625 0.01552795
0 0.5390625 0.42857142 0.0078125 0.02070393
0 0.625 0.42339544 0.009375 0.01449275
0 0.4546875 0.39906832 0.0171875 0.02380952
0 0.48007812 0.38250517 0.01015625 0.01345755
0 0.596875 0.37215320 0.015625 0.01759834
0 0.51445312 0.36231884 0.01171875 0.01449275
0 0.33671875 0.36180124 0.009375 0.01345755
0 0.37617187 0.35041407 0.01171875 0.01345755
0 0.49609375 0.34627329 0.021875 0.01138716
0 0.53242187 0.32660455 0.00703125 0.01345755
0 0.47148437 0.32246376 0.02109375 0.02587991
0 0.64921875 0.31107660 0.0109375 0.01759834
0 0.61601562 0.30383022 0.00859375 0.01345755
0 0.41210937 0.26190476 0.01171875 0.01035196
0 0.49882812 0.25983436 0.01015625 0.01449275
0 0.52851562 0.25517598 0.01328125 0.01345755
0 0.55585937 0.23033126 0.01171875 0.01345755
0 0.35859375 0.21790890 0.0109375 0.01552795
0 0.37070312 0.21014492 0.01796875 0.02691511
0 0.4015625 0.15579710 0.0078125 0.01552795
0 0.37734375 0.15424430 0.015625 0.01863354
0 0.35585937 0.11283643 0.01328125 0.01449275
0 0.42929687 0.10041407 0.01015625 0.01449275
0 0.62421875 0.08747412 0.009375 0.01138716
0 0.425 0.06521739 0.0140625 0.01449275
0 0.55820312 0.06159420 0.01171875 0.01552795
0 0.64804687 0.05952380 0.01171875 0.01759834
0 0.46210937 0.05900621 0.01015625 0.01656314
0 0.54257812 0.04761904 0.01171875 0.01242236
0 0.62304687 0.03623188 0.01640625 0.01863354
0 0.49726562 0.02795031 0.01796875 0.01656314
0 0.32109375 0.02329192 0.0171875 0.02380952
0 0.54570312 0.01552795 0.01640625 0.01656314