0 0.39921875 0.98757763 0.0171875 0.02484472
0 0.46054687 0.98136645 0.00859375 0.01449275
0 0.61523437 0.89596273 0.01171875 0.01966873
0 0.48164062 0.89337474 0.01171875 0.01449275
0 0.43710937 0.89440993 0.02109375 0.01656314
0 0.52226562 0.89130434 0.01796875 0.02277432
0 0.54375 0.88405797 0.015625 0.02070393
0 0.32421875 0.87991718 0.009375 0.01242236
0 0.43203125 0.87629399 0.0078125 0.00931677
0 0.4234375 0.85403726 0.021875 0.02277432
0 0.51367187 0.83178053 0.01953125 0.01138716
0 0.5453125 0.81987577 0.0140625 0.02070393
0 0.38984375 0.80331262 0.0109375 0.01449275
0 0.6734375 0.79347826 0.0171875 0.02380952
0 0.51953125 0.78416149 0.009375 0.02587991
0 0.4 0.77691511 0.0171875 0.02380952
0 0.64765625 0.76086956 0.0109375 0.01449275
0 0.58828125 0.74637681 0.0125 0.01242236
0 0.60390625 0.73654244 0.0171875 0.02380952
0 0.31171875 0.72981366 0.0140625 0.03726708
0 0.66328125 0.71583850 0.0109375 0.01759834
0 0.44414062 0.69668737 0.01328125 0.01656314
0 0.38945312 0.69151138 0.01640625 0.02070393
0 0.66875 0.67805383 0.015625 0.02070393
0 0.64140625 0.65476190 0.0109375 0.01552795
0 0.34882812 0.66459627 0.02734375 0.03933747
0 0.38046875 0.65372670 0.0171875 0.02380952
0 0.61640625 0.63871635 0.0125 0.01656314
0 0.4859375 0.63198757 0.0125 0.01759834
0 0.29414062 0.61853002 0.01171875 0.01138716
0 0.45820312 0.60196687 0.01171875 0.01345755
0 0.6265625 0.60144927 0.0078125 0.02070393
0 0.29882812 0.59886128 0.01328125 0.02380952
0 0.31445312 0.59161490 0.01328125 0.01966873
0 0.528125 0.58436853 0.0125 0.01138716
0 0.45195312 0.57971014 0.01171875 0.01656314
0 0.50742187 0.55848861 0.01328125 0.01345755
0 0.31875 0.55124223 0.0171875 0.02380952
0 0.60429687 0.53209109 0.01171875 0.01656314
0 0.484375 0.52691511 0.015625 0.01242236
0 0.4265625 0.51811594 0.0109375 0.01552795
0 0.38242187 0.51293995 0.02265625 0.03209109
0 0.60351562 0.49844720 0.00703125 0.01138716
0 0.53710937 0.49792960 0.00859375 0.01242236
0 0.48867187 0.47256728 0.01015625 0.01345755
0 0.46601562 0.46842650 0.02109375 0.01966873
0 0.53203125 0.46790890 0.015625 0.02277432
0 0.3328125 0.46118012 0.0078125 0.01345755
0 0.3015625 0.45496894 0.009375 0.01345755
0 0.34921875 0.44565217 0.0171875 0.02380952
0 0.46054687 0.43788819 0.01015625 0.01449275
0 0.41171875 0.43478260 0.0078125 0.01863354
0 0.62382812 0.42908902 0.01015625 0.01552795
0 0.57773437 0.41407867 0.01328125 0.01449275
0 0.30429687 0.41925465 0.01640625 0.02484472
0 0.51992187 0.40527950 0.01328125 0.01345755
0 0.3421875 0.40320910 0.015625 0.01552795
0 0.6046875 0.37991718 0.015625 0.02070393
0 0.44140625 0.37422360 0.0109375 0.01966873
0 0.4046875 0.34937888 0.0140625 0.01138716
0 0.48398437 0.34420289 0.00859375 0.00931677
0 0.584375 0.34368530 0.0125 0.01449275
0 0.41796875 0.33850931 0.009375 0.01242236
0 0.53984375 0.33488612 0.0171875 0.02380952
0 0.42890625 0.32867494 0.009375 0.02173913
0 0.55195312 0.31521739 0.01484375 0.01138716
0 0.49140625 0.30383022 0.0140625 0.01138716
0 0.44335937 0.26863354 0.03046875 0.03209109
0 0.57382812 0.24637681 0.01171875 0.03312629
0 0.503125 0.22929606 0.0109375 0.00931677
0 0.61367187 0.20755693 0.01171875 0.01552795
0 0.64765625 0.19772256 0.0140625 0.01449275
0 0.52773437 0.16563146 0.01015625 0.01449275
0 0.40625 0.17028985 0.0171875 0.02380952
0 0.45546875 0.15890269 0.009375 0.01966873
0 0.64492187 0.15269151 0.01328125 0.02380952
0 0.57304687 0.15217391 0.00703125 0.02484472
0 0.440625 0.13405797 0.0171875 0.02380952
0 0.5921875 0.13250517 0.01875 0.03105590
0 0.54179687 0.11542443 0.01484375 0.01345755
0 0.38085937 0.09316770 0.01328125 0.01449275
0 0.36328125 0.09057971 0.0125 0.01966873
0 0.38046875 0.07401656 0.0109375 0.01345755
0 0.55195312 0.06728778 0.01171875 0.01242236
0 0.459375 0.05072463 0.0125 0.01656314
0 0.684375 0.01966873 0.0078125 0.01035196
0 0.6921875 0.00414078 0.0078125 0.00828157
0 0.60195312 0.00776397 0.00859375 0.01552795