0 0.55820312 0.99223602 0.01171875 0.01552795
0 0.49296875 0.98395445 0.009375 0.01966873
0 0.39140625 0.96376811 0.0171875 0.01863354
0 0.61015625 0.96376811 0.0109375 0.02277432
0 0.5296875 0.95807453 0.0078125 0.01966873
0 0.65625 0.93426501 0.0171875 0.02173913
0 0.6671875 0.90786749 0.0109375 0.01035196
0 0.65078125 0.91459627 0.0171875 0.02795031
0 0.55 0.90476190 0.0125 0.01863354
0 0.43398437 0.89389233 0.01328125 0.00931677
0 0.45351562 0.90062111 0.01796875 0.02484472
0 0.47890625 0.89440993 0.0140625 0.02484472
0 0.60859375 0.88198757 0.0109375 0.01449275
0 0.39726562 0.88250517 0.01015625 0.01552795
0 0.37304687 0.87784679 0.01953125 0.01449275
0 0.40039062 0.85351966 0.01484375 0.01552795
0 0.54335937 0.85610766 0.00703125 0.02277432
0 0.66015625 0.85507246 0.009375 0.02277432
0 0.42890625 0.83229813 0.009375 0.01242236
0 0.44609375 0.83281573 0.0109375 0.01552795
0 0.58789062 0.82194616 0.01171875 0.01863354
0 0.60703125 0.81262939 0.0109375 0.01242236
0 0.671875 0.80848861 0.015625 0.01242236
0 0.34414062 0.80952380 0.01328125 0.01449275
0 0.50351562 0.80227743 0.01328125 0.01449275
0 0.625 0.79089026 0.0171875 0.01035196
0 0.38359375 0.79089026 0.0140625 0.01656314
0 0.6453125 0.77846790 0.0109375 0.01449275
0 0.45585937 0.77173913 0.01328125 0.01552795
0 0.56953125 0.76708074 0.021875 0.01035196
0 0.58710937 0.76604554 0.01171875 0.01242236
0 0.4296875 0.76656314 0.0140625 0.01759834
0 0.66796875 0.77277432 0.0296875 0.04037267
0 0.49726562 0.74275362 0.01484375 0.01759834
0 0.29921875 0.73706004 0.009375 0.01656314
0 0.58515625 0.70134575 0.0140625 0.01552795
0 0.32851562 0.69565217 0.01484375 0.01656314
0 0.59414062 0.66407867 0.01015625 0.01552795
0 0.64492187 0.65786749 0.00859375 0.01138716
0 0.60546875 0.65734989 0.0109375 0.01242236
0 0.40859375 0.65579710 0.0171875 0.02380952
0 0.45234375 0.62836438 0.0109375 0.01656314
0 0.42070312 0.61853002 0.01328125 0.01759834
0 0.396875 0.61697722 0.0109375 0.01449275
0 0.68632812 0.59265010 0.01171875 0.01345755
0 0.64648437 0.56055900 0.00859375 0.01345755
0 0.35078125 0.53674948 0.0078125 0.00931677
0 0.4171875 0.53985507 0.0109375 0.01966873
0 0.54335937 0.53985507 0.01953125 0.03209109
0 0.60664062 0.53571428 0.01640625 0.03209109
0 0.46054687 0.51863354 0.01171875 0.01449275
0 0.4578125 0.47774327 0.0109375 0.01345755
0 0.6578125 0.47670807 0.0125 0.02380952
0 0.3203125 0.47619047 0.0234375 0.02484472
0 0.38867187 0.47101449 0.01171875 0.01656314
0 0.6453125 0.44358178 0.0140625 0.01552795
0 0.46015625 0.44099378 0.0125 0.02898550
0 0.375 0.43115942 0.009375 0.01138716
0 0.44023437 0.41511387 0.01640625 0.01449275
0 0.653125 0.39285714 0.0078125 0.00931677
0 0.56445312 0.37939958 0.01015625 0.01345755
0 0.546875 0.38146997 0.0171875 0.02380952
0 0.50234375 0.37525879 0.0171875 0.03416149
0 0.58007812 0.36024844 0.01171875 0.01242236
0 0.5578125 0.35869565 0.009375 0.01345755
0 0.64765625 0.33022774 0.0109375 0.02070393
0 0.3328125 0.31832298 0.0171875 0.02380952
0 0.36484375 0.26656314 0.0078125 0.02173913
0 0.45507812 0.26035196 0.01171875 0.01552795
0 0.5734375 0.24585921 0.0109375 0.02380952
0 0.65078125 0.22360248 0.0078125 0.01449275
0 0.39882812 0.19927536 0.02734375 0.02587991
0 0.5578125 0.18685300 0.0109375 0.01759834
0 0.390625 0.15010351 0.0125 0.01449275
0 0.44140625 0.14078674 0.0359375 0.03105590
0 0.55546875 0.10559006 0.0203125 0.03726708
0 0.44609375 0.08540372 0.0140625 0.01966873
0 0.6328125 0.06935817 0.0078125 0.01035196
0 0.64609375 0.06677018 0.0171875 0.01552795
0 0.54179687 0.05538302 0.01015625 0.01552795
0 0.43359375 0.05227743 0.0140625 0.01966873
0 0.58007812 0.04554865 0.01484375 0.02070393
0 0.48515625 0.04296066 0.0171875 0.02380952
0 0.38789062 0.01242236 0.01328125 0.01449275
0 0.359375 0.01035196 0.0109375 0.01242236