0 0.40664062 0.91252587 0.01171875 0.01759834
0 0.61054687 0.86490683 0.01484375 0.02587991
0 0.62890625 0.84368530 0.01875 0.02691511
0 0.39414062 0.80693581 0.00703125 0.01966873
0 0.30351562 0.80124223 0.01484375 0.01035196
0 0.37851562 0.80331262 0.02109375 0.03726708
0 0.45 0.77536231 0.0125 0.02070393
0 0.62460937 0.76915113 0.00703125 0.01656314
0 0.57109375 0.73395445 0.0171875 0.03105590
0 0.30742187 0.73033126 0.02421875 0.03209109
0 0.36679687 0.69461697 0.01484375 0.02277432
0 0.48632812 0.60973084 0.02265625 0.03105590
0 0.32851562 0.58178053 0.01953125 0.02070393
0 0.65546875 0.54710144 0.01875 0.02795031
0 0.58007812 0.53881987 0.01640625 0.01759834
0 0.3875 0.50310559 0.00625 0.02277432
0 0.48984375 0.46790890 0.01875 0.02484472
0 0.39726562 0.45393374 0.01015625 0.01966873
0 0.6046875 0.44047619 0.015625 0.02173913
0 0.64101562 0.40217391 0.02265625 0.03002070
0 0.45039062 0.38923395 0.02109375 0.02898550
0 0.42695312 0.31728778 0.01953125 0.02173913
0 0.5328125 0.25569358 0.01875 0.02277432
0 0.47890625 0.12732919 0.0203125 0.02691511
0 0.54765625 0.11231884 0.009375 0.02380952
0 0.6484375 0.07401656 0.0125 0.01759834