0 0.46835937 0.80745341 0.00703125 0.02484472
0 0.6734375 0.77587991 0.009375 0.01966873
0 0.54804687 0.72981366 0.01015625 0.00828157
0 0.41875 0.71997929 0.015625 0.01759834
0 0.30273437 0.68840579 0.01171875 0.02070393
0 0.56328125 0.67598343 0.009375 0.02484472
0 0.56601562 0.61335403 0.01640625 0.02795031
0 0.3984375 0.57194616 0.0203125 0.01966873
0 0.52617187 0.52018633 0.01328125 0.01552795
0 0.5546875 0.42443064 0.009375 0.01035196
0 0.54609375 0.39492753 0.025 0.02587991
0 0.44726562 0.31055900 0.01796875 0.01242236
0 0.39648437 0.29761904 0.01171875 0.01966873
0 0.49101562 0.27122153 0.01796875 0.02898550
0 0.52304687 0.21480331 0.01796875 0.01759834
0 0.44140625 0.15631469 0.0171875 0.01656314