0 0.4265625 0.97619047 0.0078125 0.01863354
0 0.52578125 0.97308488 0.0171875 0.03933747
0 0.34765625 0.94151138 0.0171875 0.02380952
0 0.55117187 0.91925465 0.04453125 0.03726708
0 0.33671875 0.90372670 0.0140625 0.01242236
0 0.56757812 0.88871635 0.01796875 0.02587991
0 0.65742187 0.87525879 0.00859375 0.01345755
0 0.56171875 0.87060041 0.0109375 0.01242236
0 0.68125 0.86956521 0.0078125 0.01449275
0 0.48398437 0.85300207 0.01015625 0.01242236
0 0.67734375 0.84368530 0.0109375 0.01449275
0 0.39140625 0.83954451 0.0125 0.01656314
0 0.55390625 0.83695652 0.0171875 0.02587991
0 0.46015625 0.81884057 0.0125 0.01449275
0 0.4796875 0.81677018 0.009375 0.01656314
0 0.40507812 0.77122153 0.02578125 0.01035196
0 0.66015625 0.77587991 0.0171875 0.02380952
0 0.58945312 0.76086956 0.01015625 0.02070393
0 0.32578125 0.75258799 0.0109375 0.02484472
0 0.35 0.74534161 0.0140625 0.02484472
0 0.51484375 0.72774327 0.0125 0.01656314
0 0.36054687 0.72049689 0.01328125 0.01449275
0 0.58515625 0.71687370 0.0171875 0.02380952
0 0.40625 0.70962732 0.0203125 0.01759834
0 0.2953125 0.70962732 0.0140625 0.02380952
0 0.45585937 0.67908902 0.01015625 0.01656314
0 0.3640625 0.67598343 0.0125 0.01863354
0 0.35859375 0.65062111 0.0109375 0.01552795
0 0.42578125 0.64596273 0.0171875 0.02070393
0 0.559375 0.64492753 0.0125 0.02070393
0 0.5984375 0.63819875 0.0078125 0.01138716
0 0.3890625 0.62474120 0.0171875 0.02380952
0 0.45546875 0.61542443 0.009375 0.01552795
0 0.51445312 0.61594202 0.01328125 0.02277432
0 0.66367187 0.60921325 0.01171875 0.01138716
0 0.590625 0.61024844 0.009375 0.01345755
0 0.45039062 0.58022774 0.01328125 0.01966873
0 0.4296875 0.58074534 0.009375 0.02070393
0 0.3578125 0.55693581 0.021875 0.02898550
0 0.49960937 0.54399585 0.01015625 0.01345755
0 0.646875 0.53260869 0.0171875 0.02380952
0 0.66210937 0.53209109 0.01171875 0.03105590
0 0.31328125 0.51811594 0.0171875 0.02380952
0 0.3890625 0.51190476 0.009375 0.01345755
0 0.57617187 0.50724637 0.01171875 0.01449275
0 0.603125 0.50207039 0.0109375 0.02277432
0 0.3453125 0.49327122 0.0140625 0.01552795
0 0.55898437 0.49171842 0.01171875 0.01449275
0 0.4125 0.48343685 0.0171875 0.01035196
0 0.59179687 0.48498964 0.00703125 0.01759834
0 0.43984375 0.48136645 0.0125 0.01656314
0 0.54179687 0.47929606 0.01328125 0.01656314
0 0.32304687 0.47774327 0.00859375 0.02173913
0 0.66171875 0.45859213 0.0125 0.01863354
0 0.33789062 0.44358178 0.01328125 0.02587991
0 0.56640625 0.42391304 0.0171875 0.02380952
0 0.38984375 0.39751552 0.015625 0.01863354
0 0.31796875 0.39596273 0.0171875 0.02380952
0 0.58632812 0.36904761 0.01796875 0.02173913
0 0.53164062 0.35714285 0.01484375 0.01656314
0 0.37851562 0.34989648 0.01015625 0.01449275
0 0.58398437 0.33695652 0.01015625 0.01345755
0 0.3796875 0.33126293 0.021875 0.02277432
0 0.4046875 0.32505175 0.0140625 0.01449275
0 0.53984375 0.31055900 0.00625 0.01449275
0 0.415625 0.29917184 0.009375 0.01242236
0 0.63203125 0.29761904 0.0171875 0.02173913
0 0.52109375 0.27898550 0.0171875 0.01138716
0 0.61210937 0.26966873 0.01171875 0.01345755
0 0.6484375 0.26035196 0.0125 0.01345755
0 0.62695312 0.25362318 0.01171875 0.01863354
0 0.40078125 0.25310559 0.0203125 0.02173913
0 0.39257812 0.21273291 0.01484375 0.00931677
0 0.43359375 0.21014492 0.0140625 0.01449275
0 0.43242187 0.19151138 0.01015625 0.01449275
0 0.36132812 0.17391304 0.01796875 0.02070393
0 0.44726562 0.15372670 0.01328125 0.01552795
0 0.58125 0.13198757 0.0109375 0.01138716
0 0.35117187 0.10662525 0.00859375 0.01449275
0 0.59648437 0.08695652 0.01796875 0.02484472
0 0.39257812 0.07505175 0.01796875 0.02380952
0 0.53710937 0.06004140 0.01015625 0.01656314
0 0.55273437 0.04244306 0.01015625 0.02691511
0 0.446875 0.02846790 0.0171875 0.02380952
0 0.41796875 0.01501035 0.0171875 0.02795031
0 0.4921875 0.01242236 0.015625 0.02484472