0 0.3953125 0.86387163 0.0109375 0.02173913
0 0.30273437 0.83747412 0.01015625 0.01242236
0 0.6078125 0.81211180 0.0125 0.01966873
0 0.56953125 0.78519668 0.0171875 0.01966873
0 0.65585937 0.71790890 0.02109375 0.02795031
0 0.49257812 0.68167701 0.01328125 0.01966873
0 0.6171875 0.65269151 0.0125 0.01345755
0 0.67070312 0.65113871 0.01953125 0.02691511
0 0.29375 0.55848861 0.0109375 0.02173913
0 0.43398437 0.42287784 0.01796875 0.02380952
0 0.49960937 0.39389233 0.01796875 0.01966873
0 0.40351562 0.37732919 0.02421875 0.02795031
0 0.3671875 0.36697722 0.0125 0.01552795
0 0.47148437 0.29710144 0.01484375 0.01242236
0 0.50625 0.24223602 0.0109375 0.01449275
0 0.64570312 0.22360248 0.01796875 0.02484472