0 0.48320312 0.89026915 0.01796875 0.02484472
0 0.59804687 0.88509316 0.05703125 0.03519668
0 0.64453125 0.86128364 0.040625 0.08902691
0 0.3171875 0.74637681 0.0203125 0.02484472
0 0.5609375 0.73964803 0.01875 0.01759834
0 0.58789062 0.71739130 0.01640625 0.02484472
0 0.64570312 0.64803312 0.01953125 0.02691511
0 0.62695312 0.60300207 0.01015625 0.02380952
0 0.47148437 0.55848861 0.01171875 0.03209109
0 0.38164062 0.54710144 0.01640625 0.02173913
0 0.43515625 0.53881987 0.040625 0.03830227
0 0.3078125 0.47360248 0.01875 0.04451345
0 0.37617187 0.45703933 0.02734375 0.02587991
0 0.43476562 0.39440993 0.01640625 0.02484472
0 0.39101562 0.35973084 0.02265625 0.01552795
0 0.53945312 0.35714285 0.01796875 0.01656314
0 0.42148437 0.32763975 0.02734375 0.01552795
0 0.49375 0.32246376 0.0140625 0.03209109
0 0.51484375 0.24171842 0.0109375 0.02380952
0 0.34765625 0.06677018 0.015625 0.01966873