0 0.49492187 0.97412008 0.01171875 0.01242236
0 0.65703125 0.97567287 0.0109375 0.02173913
0 0.40117187 0.95807453 0.02109375 0.01138716
0 0.62929687 0.95548654 0.02109375 0.01656314
0 0.58476562 0.94772256 0.01484375 0.01552795
0 0.55429687 0.93788819 0.00859375 0.02484472
0 0.54101562 0.92494824 0.01640625 0.01138716
0 0.35390625 0.92598343 0.0140625 0.01966873
0 0.625 0.91666666 0.0078125 0.01345755
0 0.57382812 0.91770186 0.01640625 0.01552795
0 0.65390625 0.91097308 0.015625 0.02070393
0 0.41015625 0.90942028 0.0171875 0.02380952
0 0.55664062 0.89026915 0.01015625 0.01449275
0 0.50234375 0.88146997 0.0109375 0.01345755
0 0.59414062 0.87163561 0.01328125 0.01449275
0 0.54375 0.87318840 0.0140625 0.01759834
0 0.44375 0.86180124 0.0140625 0.01345755
0 0.63007812 0.86024844 0.01171875 0.01656314
0 0.46835937 0.85196687 0.00703125 0.02070393
0 0.3828125 0.85351966 0.0171875 0.02380952
0 0.60625 0.84213250 0.0171875 0.02380952
0 0.5671875 0.82349896 0.0171875 0.02380952
0 0.346875 0.79089026 0.015625 0.01242236
0 0.50546875 0.79451345 0.021875 0.02173913
0 0.39609375 0.78674948 0.01875 0.01242236
0 0.67617187 0.77795031 0.01640625 0.02173913
0 0.47070312 0.78002070 0.03671875 0.03002070
0 0.34335937 0.76552795 0.01171875 0.01345755
0 0.56835937 0.76501035 0.01328125 0.01656314
0 0.640625 0.73757763 0.0109375 0.01345755
0 0.31445312 0.73343685 0.01328125 0.01759834
0 0.57109375 0.72308488 0.0078125 0.01345755
0 0.64023437 0.72204968 0.01484375 0.01345755
0 0.29296875 0.71687370 0.009375 0.02173913
0 0.61132812 0.69151138 0.00859375 0.01656314
0 0.515625 0.68995859 0.0171875 0.02380952
0 0.64804687 0.66873706 0.01171875 0.01449275
0 0.47851562 0.64906832 0.01796875 0.01242236
0 0.5296875 0.62474120 0.0078125 0.02795031
0 0.40039062 0.61024844 0.01640625 0.01552795
0 0.32304687 0.60817805 0.01328125 0.01966873
0 0.49023437 0.59886128 0.01484375 0.01552795
0 0.51445312 0.59575569 0.02265625 0.01552795
0 0.684375 0.55590062 0.0140625 0.01449275
0 0.54960937 0.55434782 0.01484375 0.01138716
0 0.56171875 0.53985507 0.0125 0.01759834
0 0.41484375 0.52691511 0.0125 0.01242236
0 0.3515625 0.52536231 0.009375 0.01552795
0 0.48515625 0.47877846 0.0234375 0.00931677
0 0.42890625 0.46066252 0.0125 0.01656314
0 0.40976562 0.45082815 0.01015625 0.01345755
0 0.62617187 0.44151138 0.00859375 0.01552795
0 0.48085937 0.43944099 0.01328125 0.01552795
0 0.50742187 0.41459627 0.01796875 0.03416149
0 0.29921875 0.40683229 0.0078125 0.02277432
0 0.62304687 0.39803312 0.01484375 0.01552795
0 0.57460937 0.39699792 0.01484375 0.01759834
0 0.39960937 0.39751552 0.01484375 0.02277432
0 0.434375 0.39699792 0.028125 0.04244306
0 0.36210937 0.37422360 0.01171875 0.01759834
0 0.45117187 0.37008281 0.00703125 0.02380952
0 0.32890625 0.36697722 0.015625 0.01759834
0 0.34765625 0.36594202 0.0171875 0.02380952
0 0.484375 0.36076604 0.0109375 0.01759834
0 0.45546875 0.34679089 0.0125 0.01242236
0 0.41289062 0.33695652 0.01171875 0.01345755
0 0.5125 0.32763975 0.0109375 0.01345755
0 0.48203125 0.30279503 0.0125 0.01966873
0 0.41289062 0.29399585 0.00859375 0.01242236
0 0.56367187 0.29192546 0.01328125 0.01656314
0 0.396875 0.28467908 0.0109375 0.01449275
0 0.48046875 0.26293995 0.0125 0.01242236
0 0.553125 0.26656314 0.01875 0.02380952
0 0.53125 0.25465838 0.0078125 0.02277432
0 0.42929687 0.24223602 0.01640625 0.01656314
0 0.63398437 0.22360248 0.01171875 0.01656314
0 0.50039062 0.18219461 0.00703125 0.01863354
0 0.52265625 0.16925465 0.0109375 0.01552795
0 0.36171875 0.14492753 0.0125 0.01863354
0 0.53242187 0.12370600 0.01328125 0.02173913
0 0.48242187 0.10869565 0.01328125 0.01242236
0 0.4140625 0.10766045 0.0078125 0.01242236
0 0.56640625 0.11024844 0.0171875 0.02380952
0 0.36171875 0.08074534 0.0109375 0.01656314
0 0.61015625 0.07867494 0.009375 0.02070393
0 0.53203125 0.07142857 0.0140625 0.01242236
0 0.41796875 0.07712215 0.0171875 0.02380952
0 0.375 0.04813664 0.0125 0.02173913
0 0.59765625 0.03416149 0.009375 0.01035196
0 0.52304687 0.03416149 0.02265625 0.01863354
0 0.34609375 0.02432712 0.0171875 0.01759834
0 0.49609375 0.00569358 0.0140625 0.01138716