0 0.53671875 0.84472049 0.0171875 0.02484472
0 0.64023437 0.84109730 0.03203125 0.04865424
0 0.59492187 0.81469979 0.01640625 0.01449275
0 0.5546875 0.67598343 0.0203125 0.03105590
0 0.66992187 0.61490683 0.03046875 0.02898550
0 0.4765625 0.59006211 0.0203125 0.02484472
0 0.5609375 0.54296066 0.021875 0.02587991
0 0.43710937 0.48757763 0.01328125 0.02484472
0 0.371875 0.45652173 0.01875 0.02484472
0 0.40585937 0.42287784 0.01796875 0.03209109
0 0.325 0.38819875 0.0203125 0.02691511
0 0.65078125 0.40062111 0.0328125 0.07867494
0 0.375 0.33436853 0.015625 0.02484472
0 0.51328125 0.32091097 0.0171875 0.03105590
0 0.48476562 0.29554865 0.03046875 0.02173913