0 0.31328125 0.89440993 0.0234375 0.02484472
0 0.40429687 0.83281573 0.01640625 0.02587991
0 0.50507812 0.79554865 0.02109375 0.01759834
0 0.44179687 0.78105590 0.01328125 0.01966873
0 0.553125 0.68374741 0.015625 0.01759834
0 0.61484375 0.67184265 0.0234375 0.02277432
0 0.41445312 0.52225672 0.01953125 0.02380952
0 0.63476562 0.48498964 0.00703125 0.01966873
0 0.36601562 0.48240165 0.01484375 0.01656314
0 0.35976562 0.46221532 0.01953125 0.02173913
0 0.5015625 0.46014492 0.021875 0.03002070
0 0.46015625 0.42494824 0.0125 0.01759834
0 0.63007812 0.33488612 0.00703125 0.02173913
0 0.60820312 0.17753623 0.02421875 0.03209109
0 0.6484375 0.15217391 0.0140625 0.00828157
0 0.39453125 0.14337474 0.0203125 0.01966873
0 0.32617187 0.02070393 0.00859375 0.02277432