0 0.38671875 0.99275362 0.0109375 0.01449275
0 0.4390625 0.98033126 0.0140625 0.02070393
0 0.59570312 0.96066252 0.01015625 0.02070393
0 0.37734375 0.94772256 0.009375 0.01345755
0 0.33671875 0.95186335 0.0171875 0.02380952
0 0.67890625 0.94772256 0.0171875 0.02380952
0 0.5078125 0.94565217 0.015625 0.02587991
0 0.48007812 0.91459627 0.01171875 0.01345755
0 0.41601562 0.90217391 0.01171875 0.01345755
0 0.55585937 0.91563146 0.02578125 0.04451345
0 0.59335937 0.89389233 0.01484375 0.01759834
0 0.6421875 0.86387163 0.0171875 0.02380952
0 0.6671875 0.85196687 0.0109375 0.01656314
0 0.540625 0.83695652 0.0171875 0.02380952
0 0.66953125 0.82815734 0.009375 0.01242236
0 0.44453125 0.82453416 0.0109375 0.01138716
0 0.35703125 0.82246376 0.0125 0.01552795
0 0.34101562 0.83022774 0.01328125 0.03105590
0 0.31757812 0.81728778 0.01015625 0.01552795
0 0.38007812 0.78830227 0.00859375 0.01138716
0 0.64609375 0.78157349 0.0171875 0.02277432
0 0.50625 0.76966873 0.009375 0.01138716
0 0.35664062 0.77329192 0.00703125 0.02691511
0 0.49023437 0.76190476 0.00859375 0.01656314
0 0.6015625 0.76086956 0.0125 0.01863354
0 0.51953125 0.76035196 0.0140625 0.01759834
0 0.378125 0.73395445 0.0109375 0.01449275
0 0.65546875 0.72826086 0.0171875 0.02380952
0 0.63554687 0.72981366 0.01953125 0.03105590
0 0.29726562 0.71428571 0.01484375 0.01449275
0 0.43320312 0.71273291 0.01328125 0.01759834
0 0.38476562 0.70548654 0.02421875 0.02587991
0 0.42617187 0.69668737 0.01328125 0.01035196
0 0.56015625 0.69565217 0.0171875 0.02277432
0 0.49570312 0.62163561 0.01484375 0.01345755
0 0.32929687 0.61283643 0.01328125 0.01449275
0 0.4015625 0.60144927 0.0125 0.01242236
0 0.48515625 0.59523809 0.0109375 0.02070393
0 0.48046875 0.56107660 0.009375 0.02070393
0 0.39257812 0.54606625 0.00859375 0.02587991
0 0.434375 0.52846790 0.0109375 0.01552795
0 0.6359375 0.52329192 0.0125 0.01552795
0 0.50664062 0.51345755 0.00859375 0.01449275
0 0.3109375 0.50051759 0.009375 0.01345755
0 0.29414062 0.49792960 0.00859375 0.03726708
0 0.57070312 0.48033126 0.00703125 0.01449275
0 0.496875 0.46532091 0.0171875 0.02380952
0 0.62851562 0.45548654 0.00859375 0.01656314
0 0.30703125 0.45082815 0.0140625 0.01966873
0 0.42304687 0.44720496 0.01171875 0.01449275
0 0.29257812 0.43840579 0.00859375 0.01138716
0 0.47773437 0.43374741 0.00859375 0.01035196
0 0.50742187 0.42132505 0.01171875 0.01449275
0 0.303125 0.41356107 0.0171875 0.02380952
0 0.61953125 0.38612836 0.0125 0.01863354
0 0.63945312 0.36697722 0.00859375 0.01966873
0 0.40820312 0.37422360 0.01796875 0.03416149
0 0.45625 0.34316770 0.0171875 0.02380952
0 0.546875 0.33540372 0.0109375 0.02070393
0 0.34882812 0.33178053 0.01171875 0.01345755
0 0.49179687 0.31314699 0.01796875 0.01759834
0 0.43476562 0.31055900 0.01328125 0.01449275
0 0.50351562 0.30590062 0.01484375 0.01552795
0 0.33320312 0.29192546 0.01484375 0.01035196
0 0.6171875 0.25724637 0.0125 0.01552795
0 0.46171875 0.25828157 0.0171875 0.02380952
0 0.5140625 0.25931677 0.021875 0.03002070
0 0.43203125 0.24741200 0.0078125 0.02070393
0 0.35664062 0.23550724 0.01953125 0.01966873
0 0.47773437 0.22826086 0.01484375 0.01138716
0 0.53632812 0.22877846 0.02734375 0.04140786
0 0.62578125 0.19409937 0.01875 0.03623188
0 0.51875 0.14492753 0.015625 0.01449275
0 0.33320312 0.14958592 0.01328125 0.02380952
0 0.415625 0.13405797 0.0078125 0.01138716
0 0.43320312 0.12732919 0.01171875 0.01242236
0 0.55195312 0.12422360 0.01796875 0.02277432
0 0.42851562 0.08540372 0.01328125 0.01552795
0 0.49296875 0.08178053 0.025 0.02898550
0 0.64726562 0.07608695 0.01484375 0.02380952
0 0.4125 0.05952380 0.0140625 0.02380952
0 0.3953125 0.05538302 0.0078125 0.01966873
0 0.50429687 0.04761904 0.00859375 0.01449275
0 0.54765625 0.05020703 0.0171875 0.02380952
0 0.38125 0.04089026 0.0140625 0.01759834
0 0.43398437 0.01656314 0.02421875 0.01449275
0 0.5125 0.01086956 0.0140625 0.02173913