0 0.7 0.96946169 0.0109375 0.01138716
0 0.31601562 0.97101449 0.01640625 0.02484472
0 0.58359375 0.96428571 0.0140625 0.01759834
0 0.446875 0.95445134 0.0140625 0.01242236
0 0.41484375 0.93167701 0.015625 0.01242236
0 0.6328125 0.93219461 0.0078125 0.01759834
0 0.64765625 0.91356107 0.0109375 0.01552795
0 0.3765625 0.91666666 0.0171875 0.02380952
0 0.59492187 0.90579710 0.01640625 0.03726708
0 0.5125 0.89544513 0.0078125 0.02484472
0 0.49140625 0.88664596 0.009375 0.01552795
0 0.53671875 0.89130434 0.0125 0.02898550
0 0.67265625 0.87991718 0.009375 0.01242236
0 0.53398437 0.84937888 0.00859375 0.01345755
0 0.446875 0.84627329 0.0234375 0.01345755
0 0.53671875 0.83540372 0.0125 0.01035196
0 0.3859375 0.83592132 0.0109375 0.01552795
0 0.49140625 0.82712215 0.015625 0.02070393
0 0.51914062 0.80124223 0.01484375 0.01449275
0 0.42773437 0.80383022 0.01640625 0.02173913
0 0.49609375 0.79451345 0.0125 0.01966873
0 0.6203125 0.78519668 0.0109375 0.01759834
0 0.35507812 0.77484472 0.01484375 0.01138716
0 0.38242187 0.76708074 0.00859375 0.01863354
0 0.3671875 0.74120082 0.0109375 0.01242236
0 0.640625 0.74120082 0.01875 0.02484472
0 0.52695312 0.72256728 0.01328125 0.01863354
0 0.3375 0.69979296 0.015625 0.01656314
0 0.35585937 0.69927536 0.01015625 0.01966873
0 0.45078125 0.69513457 0.009375 0.01345755
0 0.63710937 0.69254658 0.01015625 0.01242236
0 0.5828125 0.68892339 0.009375 0.01552795
0 0.621875 0.68581780 0.0125 0.01966873
0 0.54804687 0.68167701 0.01171875 0.01552795
0 0.46953125 0.66666666 0.009375 0.01242236
0 0.57929687 0.66097308 0.01328125 0.01759834
0 0.33476562 0.65113871 0.01484375 0.01035196
0 0.67421875 0.64751552 0.0203125 0.01552795
0 0.46796875 0.63819875 0.0171875 0.02380952
0 0.49335937 0.62474120 0.00703125 0.01552795
0 0.640625 0.62008281 0.0125 0.01656314
0 0.57460937 0.61697722 0.01640625 0.01449275
0 0.521875 0.59834368 0.0171875 0.01242236
0 0.45625 0.55952380 0.0171875 0.02380952
0 0.321875 0.54917184 0.0125 0.02173913
0 0.55585937 0.54296066 0.01328125 0.01552795
0 0.65429687 0.52691511 0.01015625 0.01242236
0 0.32148437 0.52639751 0.01796875 0.01552795
0 0.50273437 0.52432712 0.01015625 0.01552795
0 0.64257812 0.52122153 0.01015625 0.01138716
0 0.41914062 0.52122153 0.01015625 0.01138716
0 0.44257812 0.50207039 0.01328125 0.01035196
0 0.59804687 0.50569358 0.01328125 0.02173913
0 0.50742187 0.49741200 0.01015625 0.01552795
0 0.49335937 0.49534161 0.01171875 0.01345755
0 0.36796875 0.48809523 0.009375 0.01345755
0 0.47382812 0.48809523 0.02265625 0.01552795
0 0.51328125 0.47567287 0.0109375 0.01552795
0 0.52929687 0.46997929 0.00859375 0.01242236
0 0.4125 0.46273291 0.0078125 0.01449275
0 0.3453125 0.45548654 0.0109375 0.02070393
0 0.36210937 0.45134575 0.01015625 0.01656314
0 0.30703125 0.43944099 0.0109375 0.01552795
0 0.5328125 0.41666666 0.0171875 0.02380952
0 0.496875 0.41718426 0.0234375 0.03105590
0 0.38476562 0.39130434 0.01015625 0.01242236
0 0.40664062 0.39078674 0.01171875 0.01345755
0 0.58359375 0.38095238 0.0078125 0.01863354
0 0.5203125 0.35144927 0.0171875 0.02380952
0 0.42578125 0.33540372 0.0125 0.01242236
0 0.56484375 0.33126293 0.0109375 0.02898550
0 0.37070312 0.32091097 0.01015625 0.01656314
0 0.49140625 0.31780538 0.0140625 0.01863354
0 0.47460937 0.30693581 0.01171875 0.01345755
0 0.33007812 0.28209109 0.00859375 0.01138716
0 0.57929687 0.27484472 0.01171875 0.01345755
0 0.5125 0.25362318 0.0125 0.01242236
0 0.48710937 0.25103519 0.01171875 0.01759834
0 0.63125 0.22515527 0.0109375 0.01759834
0 0.51523437 0.21997929 0.01953125 0.01138716
0 0.465625 0.20652173 0.0171875 0.02380952
0 0.33867187 0.18840579 0.01640625 0.01656314
0 0.49960937 0.18064182 0.01796875 0.03830227
0 0.45429687 0.16511387 0.01328125 0.01345755
0 0.46992187 0.16407867 0.01171875 0.01552795
0 0.60898437 0.15838509 0.01328125 0.01863354
0 0.62460937 0.15165631 0.01171875 0.01552795
0 0.515625 0.13871635 0.0125 0.01449275
0 0.35664062 0.13146997 0.00859375 0.01863354
0 0.6015625 0.09368530 0.0125 0.01552795
0 0.64023437 0.08850931 0.01171875 0.01138716
0 0.62070312 0.07401656 0.00859375 0.01552795
0 0.546875 0.06780538 0.0171875 0.02380952