0 0.53828125 0.98757763 0.009375 0.02070393
0 0.54804687 0.96842650 0.01640625 0.01138716
0 0.3640625 0.93530020 0.0125 0.01345755
0 0.30234375 0.93012422 0.0234375 0.01552795
0 0.56796875 0.91149068 0.0171875 0.02380952
0 0.54648437 0.88146997 0.00859375 0.01345755
0 0.4671875 0.88095238 0.01875 0.01449275
0 0.33945312 0.87474120 0.01171875 0.01449275
0 0.60273437 0.87267080 0.02109375 0.02691511
0 0.62695312 0.86542443 0.01015625 0.01863354
0 0.39882812 0.84627329 0.01171875 0.01345755
0 0.6515625 0.84161490 0.0109375 0.02277432
0 0.35898437 0.83385093 0.01015625 0.01552795
0 0.3921875 0.82142857 0.009375 0.01759834
0 0.41835937 0.81004140 0.01171875 0.01552795
0 0.446875 0.79347826 0.0109375 0.00931677
0 0.31914062 0.79296066 0.01328125 0.01449275
0 0.48203125 0.78778467 0.015625 0.01242236
0 0.64296875 0.79140786 0.0203125 0.02173913
0 0.37890625 0.78053830 0.021875 0.02691511
0 0.5875 0.76345755 0.009375 0.01552795
0 0.35507812 0.75776397 0.01015625 0.01035196
0 0.60585937 0.75414078 0.00859375 0.01552795
0 0.425 0.75621118 0.0078125 0.02587991
0 0.63671875 0.75155279 0.0109375 0.02277432
0 0.475 0.74844720 0.0109375 0.01656314
0 0.371875 0.74327122 0.009375 0.01449275
0 0.58242187 0.72567287 0.01484375 0.02484472
0 0.32265625 0.69772256 0.0125 0.01449275
0 0.63085937 0.69151138 0.01015625 0.01449275
0 0.35078125 0.68271221 0.0125 0.01552795
0 0.56015625 0.68633540 0.0109375 0.02691511
0 0.44335937 0.67650103 0.01953125 0.01966873
0 0.58125 0.66718426 0.0125 0.01759834
0 0.63007812 0.65631469 0.01015625 0.01449275
0 0.46914062 0.62939958 0.02421875 0.02070393
0 0.54648437 0.62008281 0.00859375 0.02070393
0 0.49296875 0.60196687 0.0171875 0.02380952
0 0.465625 0.57919254 0.0234375 0.00931677
0 0.29648437 0.57608695 0.01328125 0.01966873
0 0.65546875 0.56884057 0.0109375 0.02173913
0 0.46484375 0.55227743 0.0171875 0.01759834
0 0.43007812 0.54813664 0.01328125 0.01552795
0 0.62617187 0.54192546 0.00859375 0.01138716
0 0.58164062 0.53002070 0.01015625 0.01449275
0 0.60195312 0.52587991 0.00859375 0.01242236
0 0.41914062 0.51604554 0.00859375 0.01138716
0 0.6 0.51190476 0.0125 0.01138716
0 0.35546875 0.50465838 0.009375 0.01552795
0 0.48828125 0.49430641 0.0125 0.01552795
0 0.56484375 0.49016563 0.0171875 0.02380952
0 0.5828125 0.48706004 0.0171875 0.02380952
0 0.4578125 0.47877846 0.0171875 0.01759834
0 0.32265625 0.47567287 0.0171875 0.02380952
0 0.66914062 0.45859213 0.01796875 0.01242236
0 0.3921875 0.45082815 0.0109375 0.01345755
0 0.31328125 0.44202898 0.0078125 0.01449275
0 0.29804687 0.43788819 0.01796875 0.01656314
0 0.3671875 0.42028985 0.0140625 0.01656314
0 0.54921875 0.40113871 0.009375 0.01759834
0 0.5328125 0.39596273 0.0171875 0.02380952
0 0.38984375 0.38923395 0.0109375 0.01242236
0 0.64140625 0.37681159 0.0109375 0.01242236
0 0.64023437 0.35300207 0.01015625 0.01449275
0 0.56367187 0.32660455 0.03203125 0.03002070
0 0.50859375 0.31469979 0.021875 0.01863354
0 0.4 0.31107660 0.009375 0.01138716
0 0.4203125 0.29192546 0.009375 0.01449275
0 0.39726562 0.28519668 0.00703125 0.01138716
0 0.37890625 0.28209109 0.0109375 0.01345755
0 0.63710937 0.24482401 0.01484375 0.01138716
0 0.38671875 0.22567287 0.0140625 0.02484472
0 0.56328125 0.21583850 0.0171875 0.03209109
0 0.62578125 0.19409937 0.0171875 0.02380952
0 0.50507812 0.18788819 0.01796875 0.01966873
0 0.37265625 0.17236024 0.0171875 0.02380952
0 0.5125 0.14596273 0.0109375 0.01035196
0 0.60078125 0.13405797 0.0140625 0.01138716
0 0.60859375 0.10714285 0.0109375 0.01345755
0 0.5625 0.10507246 0.009375 0.01759834
0 0.34960937 0.10817805 0.01796875 0.02380952
0 0.45117187 0.06884057 0.01171875 0.01552795
0 0.5859375 0.06728778 0.0125 0.01449275
0 0.64570312 0.05693581 0.01328125 0.01449275
0 0.51875 0.03933747 0.0109375 0.01449275
0 0.34140625 0.02277432 0.009375 0.01035196
0 0.29140625 0.02743271 0.0171875 0.02380952
0 0.36640625 0.01293995 0.009375 0.01966873