0 0.55 0.96376811 0.0265625 0.01449275
0 0.4125 0.96997929 0.0109375 0.02898550
0 0.35039062 0.95652173 0.01640625 0.01449275
0 0.65585937 0.95807453 0.01015625 0.02380952
0 0.4078125 0.94151138 0.0171875 0.02380952
0 0.34140625 0.93012422 0.0171875 0.02380952
0 0.36992187 0.91304347 0.01171875 0.01863354
0 0.41523437 0.88975155 0.00859375 0.01552795
0 0.49257812 0.89285714 0.02265625 0.02380952
0 0.44648437 0.88405797 0.00859375 0.01242236
0 0.31523437 0.88146997 0.01171875 0.01552795
0 0.59882812 0.87422360 0.01015625 0.01138716
0 0.61289062 0.86801242 0.01015625 0.01138716
0 0.5453125 0.85559006 0.0203125 0.01345755
0 0.67617187 0.84265010 0.01015625 0.01449275
0 0.528125 0.84368530 0.0109375 0.01656314
0 0.64960937 0.83126293 0.00859375 0.01242236
0 0.5625 0.83281573 0.0078125 0.01552795
0 0.68554687 0.82608695 0.01171875 0.01035196
0 0.31367187 0.81625258 0.01015625 0.01138716
0 0.46875 0.80641821 0.0296875 0.04347826
0 0.4265625 0.77950310 0.0140625 0.01656314
0 0.30820312 0.77587991 0.01328125 0.01759834
0 0.58867187 0.77277432 0.01015625 0.01552795
0 0.62851562 0.76449275 0.00859375 0.01552795
0 0.6796875 0.75103519 0.0125 0.01759834
0 0.46367187 0.74534161 0.01796875 0.01449275
0 0.49882812 0.74689440 0.00859375 0.02173913
0 0.309375 0.72308488 0.0078125 0.00931677
0 0.46835937 0.72308488 0.01171875 0.01552795
0 0.50859375 0.72049689 0.0109375 0.01449275
0 0.61992187 0.71687370 0.01015625 0.01345755
0 0.55742187 0.71428571 0.01328125 0.01242236
0 0.64492187 0.68685300 0.01015625 0.01138716
0 0.58515625 0.67908902 0.0109375 0.01242236
0 0.565625 0.67391304 0.0109375 0.01242236
0 0.2984375 0.67236024 0.0171875 0.03002070
0 0.671875 0.66045548 0.025 0.02070393
0 0.34023437 0.65165631 0.01015625 0.01138716
0 0.61757812 0.63509316 0.01484375 0.01759834
0 0.29414062 0.61387163 0.01171875 0.01449275
0 0.47265625 0.60662525 0.0109375 0.02277432
0 0.45976562 0.60041407 0.00859375 0.01449275
0 0.49453125 0.59316770 0.0140625 0.01863354
0 0.65 0.58954451 0.009375 0.01345755
0 0.67460937 0.58850931 0.01171875 0.01345755
0 0.521875 0.57763975 0.0109375 0.01656314
0 0.440625 0.57298136 0.0171875 0.02380952
0 0.590625 0.53985507 0.0171875 0.02380952
0 0.42304687 0.53519668 0.02578125 0.03519668
0 0.68085937 0.51811594 0.02109375 0.01138716
0 0.36875 0.50258799 0.0171875 0.02380952
0 0.40703125 0.49741200 0.0125 0.01759834
0 0.42773437 0.49120082 0.01640625 0.03002070
0 0.41445312 0.45962732 0.00859375 0.01656314
0 0.64453125 0.45445134 0.025 0.01863354
0 0.66523437 0.43064182 0.01171875 0.01449275
0 0.5546875 0.41925465 0.0109375 0.01656314
0 0.52539062 0.41356107 0.01953125 0.01345755
0 0.38398437 0.40424430 0.01015625 0.01345755
0 0.41953125 0.40579710 0.0171875 0.02070393
0 0.30703125 0.40734989 0.0125 0.02587991
0 0.325 0.39906832 0.0171875 0.02380952
0 0.55625 0.37888198 0.0140625 0.01242236
0 0.53789062 0.37370600 0.00859375 0.01035196
0 0.60546875 0.37732919 0.0171875 0.02587991
0 0.4953125 0.36490683 0.0140625 0.01345755
0 0.64101562 0.36180124 0.00859375 0.01966873
0 0.50820312 0.35662525 0.01015625 0.01138716
0 0.57148437 0.33799171 0.01953125 0.01345755
0 0.54921875 0.33954451 0.0125 0.02070393
0 0.44179687 0.32453416 0.00859375 0.01138716
0 0.64609375 0.29658385 0.009375 0.02587991
0 0.52929687 0.28105590 0.01015625 0.01759834
0 0.61640625 0.27484472 0.009375 0.02173913
0 0.584375 0.25103519 0.0140625 0.01552795
0 0.55195312 0.23706004 0.01015625 0.01449275
0 0.4984375 0.23654244 0.0171875 0.02380952
0 0.46523437 0.20548654 0.02109375 0.02380952
0 0.61484375 0.18685300 0.0171875 0.02380952
0 0.34375 0.18115942 0.0125 0.01656314
0 0.53945312 0.15320910 0.01640625 0.02898550
0 0.60195312 0.13561076 0.01328125 0.01449275
0 0.49726562 0.13043478 0.01953125 0.01035196
0 0.64648437 0.13612836 0.00703125 0.02587991
0 0.48125 0.13146997 0.0109375 0.02277432
0 0.57890625 0.10196687 0.0109375 0.01345755
0 0.35039062 0.10869565 0.00859375 0.02691511
0 0.58789062 0.04089026 0.01015625 0.01966873
0 0.56210937 0.02691511 0.01171875 0.01863354
0 0.66875 0.02329192 0.0171875 0.02380952
0 0.41757812 0.00672877 0.01796875 0.01345755