0 0.5359375 0.98395445 0.0078125 0.01345755
0 0.65429687 0.98033126 0.01015625 0.01449275
0 0.34882812 0.95703933 0.01171875 0.01138716
0 0.34726562 0.92287784 0.01640625 0.00931677
0 0.57265625 0.92546583 0.0140625 0.01863354
0 0.51875 0.91459627 0.0140625 0.01138716
0 0.46875 0.91614906 0.0140625 0.01656314
0 0.68632812 0.89182194 0.01015625 0.02795031
0 0.59882812 0.87629399 0.01171875 0.01138716
0 0.63359375 0.86749482 0.0109375 0.01449275
0 0.37109375 0.83592132 0.0109375 0.01552795
0 0.61171875 0.82608695 0.015625 0.01656314
0 0.3125 0.82142857 0.009375 0.01345755
0 0.43789062 0.81573498 0.01015625 0.01449275
0 0.55273437 0.79917184 0.01796875 0.01449275
0 0.3765625 0.79658385 0.015625 0.01966873
0 0.59414062 0.78933747 0.01171875 0.01552795
0 0.49804687 0.78416149 0.01953125 0.02380952
0 0.6859375 0.77536231 0.0109375 0.01656314
0 0.47304687 0.76293995 0.01328125 0.01656314
0 0.34609375 0.76293995 0.0203125 0.03105590
0 0.42421875 0.74896480 0.0109375 0.01138716
0 0.63007812 0.74689440 0.01171875 0.02173913
0 0.5515625 0.73240165 0.009375 0.01345755
0 0.34101562 0.72101449 0.01171875 0.02173913
0 0.6390625 0.71273291 0.0234375 0.03209109
0 0.43828125 0.69772256 0.009375 0.01656314
0 0.4546875 0.69358178 0.009375 0.01242236
0 0.58554687 0.68685300 0.01953125 0.02173913
0 0.39648437 0.67857142 0.01328125 0.01966873
0 0.46679687 0.66614906 0.01015625 0.01552795
0 0.41523437 0.63768115 0.01640625 0.01035196
0 0.3484375 0.63871635 0.0171875 0.01656314
0 0.59726562 0.61542443 0.01015625 0.01552795
0 0.571875 0.61387163 0.0125 0.01449275
0 0.51171875 0.60507246 0.009375 0.01138716
0 0.39765625 0.60869565 0.0171875 0.02484472
0 0.47773437 0.59730848 0.01953125 0.01863354
0 0.58242187 0.58126293 0.01953125 0.01966873
0 0.66367187 0.55900621 0.01171875 0.01242236
0 0.50546875 0.54761904 0.009375 0.01242236
0 0.60546875 0.54554865 0.0171875 0.01242236
0 0.32539062 0.54347826 0.01328125 0.02691511
0 0.39765625 0.53467908 0.0171875 0.02380952
0 0.46953125 0.52070393 0.0109375 0.01449275
0 0.35117187 0.51811594 0.01640625 0.02173913
0 0.3015625 0.51345755 0.0203125 0.01656314
0 0.65703125 0.51501035 0.021875 0.02173913
0 0.41875 0.51604554 0.0125 0.02380952
0 0.596875 0.50051759 0.0109375 0.01138716
0 0.68710937 0.45548654 0.01015625 0.01449275
0 0.34296875 0.45652173 0.009375 0.01656314
0 0.50859375 0.45134575 0.0125 0.01656314
0 0.54335937 0.42908902 0.01484375 0.01552795
0 0.46875 0.41563146 0.0109375 0.01138716
0 0.621875 0.41200828 0.0109375 0.01449275
0 0.48632812 0.39906832 0.02265625 0.02380952
0 0.5890625 0.39389233 0.0140625 0.01552795
0 0.5734375 0.38405797 0.009375 0.01863354
0 0.5015625 0.37525879 0.0140625 0.01759834
0 0.3421875 0.35973084 0.0109375 0.01345755
0 0.56796875 0.34937888 0.0109375 0.01552795
0 0.38320312 0.32298136 0.01640625 0.02070393
0 0.425 0.31262939 0.0171875 0.01656314
0 0.62890625 0.30797101 0.0109375 0.01345755
0 0.50429687 0.31469979 0.02421875 0.02898550
0 0.390625 0.30020703 0.009375 0.01242236
0 0.41445312 0.29658385 0.01015625 0.01345755
0 0.61992187 0.29399585 0.00859375 0.01035196
0 0.51835937 0.29192546 0.00859375 0.01035196
0 0.5625 0.28881987 0.0125 0.01656314
0 0.49609375 0.28002070 0.009375 0.01138716
0 0.38789062 0.27070393 0.01015625 0.01138716
0 0.43398437 0.24844720 0.01328125 0.01656314
0 0.47695312 0.23188405 0.00859375 0.01035196
0 0.33359375 0.21325051 0.009375 0.01242236
0 0.42695312 0.19616977 0.01171875 0.01759834
0 0.5265625 0.17598343 0.021875 0.01656314
0 0.503125 0.15062111 0.0109375 0.01138716
0 0.625 0.13095238 0.0109375 0.01552795
0 0.44492187 0.12163561 0.01171875 0.01966873
0 0.534375 0.11024844 0.0171875 0.02380952
0 0.54570312 0.07246376 0.01015625 0.01449275
0 0.63867187 0.06677018 0.01171875 0.02173913
0 0.38203125 0.06418219 0.015625 0.01863354
0 0.60859375 0.04606625 0.0078125 0.02795031
0 0.58828125 0.02484472 0.0140625 0.02070393
0 0.5078125 0.02432712 0.0171875 0.02380952
0 0.6359375 0.01552795 0.0140625 0.01656314
0 0.43476562 0.01190476 0.01015625 0.02173913