0 0.43984375 0.89130434 0.01875 0.02484472
0 0.315625 0.86594202 0.0109375 0.02587991
0 0.40976562 0.84886128 0.01640625 0.03105590
0 0.365625 0.83592132 0.0203125 0.02795031
0 0.64023437 0.84109730 0.03203125 0.04865424
0 0.67226562 0.83643892 0.01953125 0.05175983
0 0.31640625 0.80693581 0.015625 0.01966873
0 0.39140625 0.76501035 0.01875 0.02070393
0 0.4578125 0.75207039 0.015625 0.01966873
0 0.39140625 0.73964803 0.01875 0.02173913
0 0.62773437 0.69202898 0.01640625 0.01966873
0 0.66953125 0.60973084 0.0203125 0.02691511
0 0.57890625 0.60300207 0.0203125 0.02795031
0 0.47695312 0.57867494 0.01953125 0.02691511
0 0.3390625 0.53416149 0.0453125 0.05590062
0 0.4578125 0.43788819 0.0171875 0.01449275
0 0.58164062 0.43478260 0.02578125 0.01863354
0 0.6203125 0.40165631 0.015625 0.02277432
0 0.36015625 0.39699792 0.0140625 0.01759834
0 0.3765625 0.34523809 0.01875 0.01345755
0 0.42265625 0.32763975 0.0296875 0.04244306
0 0.37617187 0.28623188 0.01640625 0.01759834
0 0.609375 0.09523809 0.0125 0.02070393
0 0.37109375 0.07971014 0.0140625 0.05175983
0 0.63203125 0.06314699 0.0125 0.02070393