0 0.59492187 0.99223602 0.01171875 0.01552795
0 0.515625 0.99068322 0.0171875 0.01863354
0 0.67070312 0.96739130 0.01640625 0.01966873
0 0.60859375 0.96014492 0.0125 0.01759834
0 0.29609375 0.95445134 0.021875 0.03519668
0 0.48046875 0.93892339 0.009375 0.01863354
0 0.6875 0.92132505 0.0203125 0.01242236
0 0.42421875 0.90372670 0.0203125 0.01863354
0 0.54453125 0.90165631 0.015625 0.02070393
0 0.37890625 0.90113871 0.01875 0.03209109
0 0.58671875 0.88819875 0.009375 0.01242236
0 0.4453125 0.88146997 0.009375 0.01345755
0 0.53164062 0.87784679 0.01171875 0.01656314
0 0.60664062 0.87939958 0.02265625 0.02587991
0 0.56289062 0.86853002 0.01328125 0.01656314
0 0.36757812 0.84265010 0.01015625 0.01449275
0 0.58203125 0.83850931 0.0125 0.01035196
0 0.45078125 0.81004140 0.009375 0.03623188
0 0.50546875 0.78209109 0.0140625 0.01345755
0 0.62304687 0.77691511 0.01328125 0.01552795
0 0.446875 0.76811594 0.0171875 0.03312629
0 0.42382812 0.75258799 0.01015625 0.01656314
0 0.61328125 0.75 0.0109375 0.01345755
0 0.546875 0.74378881 0.0109375 0.01345755
0 0.39882812 0.74068322 0.02421875 0.02380952
0 0.39882812 0.72101449 0.02265625 0.01552795
0 0.60664062 0.68944099 0.00859375 0.01656314
0 0.3703125 0.68115942 0.0078125 0.02484472
0 0.64765625 0.67857142 0.015625 0.02173913
0 0.49960937 0.67443064 0.01640625 0.01552795
0 0.6421875 0.65320910 0.009375 0.01242236
0 0.3734375 0.63457556 0.0109375 0.01863354
0 0.46914062 0.62888198 0.01171875 0.01966873
0 0.671875 0.62111801 0.009375 0.01449275
0 0.30117187 0.62008281 0.01484375 0.01656314
0 0.3640625 0.61387163 0.009375 0.01242236
0 0.43242187 0.57194616 0.01328125 0.01552795
0 0.63789062 0.54503105 0.01484375 0.02173913
0 0.4875 0.53778467 0.0109375 0.01759834
0 0.56484375 0.53985507 0.0171875 0.02380952
0 0.29648437 0.52122153 0.01328125 0.01138716
0 0.48359375 0.50672877 0.015625 0.01138716
0 0.39648437 0.50879917 0.01328125 0.01759834
0 0.53945312 0.50465838 0.01328125 0.01966873
0 0.3296875 0.49585921 0.0125 0.01656314
0 0.5171875 0.49068322 0.0171875 0.01242236
0 0.65078125 0.48240165 0.0109375 0.01656314
0 0.63398437 0.47204968 0.00703125 0.01656314
0 0.68242187 0.45859213 0.01328125 0.02070393
0 0.48710937 0.45289855 0.01171875 0.01138716
0 0.41796875 0.44875776 0.009375 0.01138716
0 0.3078125 0.43840579 0.009375 0.01759834
0 0.32578125 0.43167701 0.0109375 0.01035196
0 0.59414062 0.42236024 0.01328125 0.01863354
0 0.49570312 0.41407867 0.01015625 0.01242236
0 0.29375 0.41459627 0.0109375 0.01552795
0 0.559375 0.39285714 0.01875 0.01966873
0 0.46132812 0.37111801 0.01484375 0.01138716
0 0.475 0.37215320 0.009375 0.01759834
0 0.4984375 0.36180124 0.015625 0.01759834
0 0.53867187 0.34109730 0.00859375 0.00931677
0 0.36757812 0.34316770 0.01171875 0.01345755
0 0.40507812 0.32401656 0.02734375 0.02484472
0 0.44101562 0.30434782 0.01328125 0.01863354
0 0.63007812 0.29140786 0.01171875 0.01552795
0 0.51171875 0.28985507 0.009375 0.01242236
0 0.38671875 0.27122153 0.025 0.03105590
0 0.62851562 0.25258799 0.01171875 0.01656314
0 0.49023437 0.26242236 0.03359375 0.04244306
0 0.54765625 0.24016563 0.009375 0.02070393
0 0.37617187 0.22619047 0.01484375 0.02173913
0 0.34453125 0.19668737 0.0125 0.01656314
0 0.44765625 0.19927536 0.0234375 0.02380952
0 0.384375 0.19927536 0.0109375 0.02587991
0 0.35859375 0.16563146 0.0125 0.01863354
0 0.3453125 0.14337474 0.0078125 0.00931677
0 0.63867187 0.14182194 0.01015625 0.01449275
0 0.40234375 0.12215320 0.009375 0.01449275
0 0.3609375 0.10973084 0.0109375 0.01656314
0 0.45820312 0.10921325 0.01328125 0.01966873
0 0.61953125 0.09368530 0.009375 0.01759834
0 0.59726562 0.08954451 0.00859375 0.01138716
0 0.62070312 0.05745341 0.02109375 0.02173913
0 0.45976562 0.04917184 0.01640625 0.01552795
0 0.53359375 0.03623188 0.0078125 0.01035196
0 0.47890625 0.03623188 0.0125 0.01242236
0 0.4515625 0.02070393 0.0140625 0.01035196
0 0.57890625 0.00621118 0.015625 0.01035196