0 0.53828125 0.99482401 0.015625 0.01035196
0 0.43007812 0.95755693 0.02109375 0.02070393
0 0.5625 0.87525879 0.009375 0.01345755
0 0.4390625 0.85662525 0.0203125 0.02380952
0 0.46054687 0.81314699 0.01171875 0.01759834
0 0.56757812 0.75983436 0.00859375 0.00828157
0 0.46210937 0.74534161 0.02109375 0.00828157
0 0.46054687 0.72360248 0.01953125 0.02070393
0 0.29765625 0.71014492 0.01875 0.02691511
0 0.59140625 0.63302277 0.01875 0.02173913
0 0.50390625 0.62939958 0.009375 0.02484472
0 0.38828125 0.56521739 0.0140625 0.02277432
0 0.58554687 0.50103519 0.01328125 0.01863354
0 0.64648437 0.36387163 0.01953125 0.03002070
0 0.61289062 0.22463768 0.02421875 0.02691511