0 0.52578125 0.98757763 0.0078125 0.01449275
0 0.39453125 0.93167701 0.0140625 0.02070393
0 0.6171875 0.92857142 0.015625 0.02070393
0 0.659375 0.91045548 0.0234375 0.03002070
0 0.29570312 0.88923395 0.01484375 0.02070393
0 0.68398437 0.87215320 0.00859375 0.02380952
0 0.61367187 0.86749482 0.01328125 0.02070393
0 0.58007812 0.69565217 0.01328125 0.01863354
0 0.49921875 0.55072463 0.0171875 0.02277432
0 0.67265625 0.53105590 0.0140625 0.01863354
0 0.3546875 0.52536231 0.0140625 0.01966873
0 0.3078125 0.40424430 0.0078125 0.01552795
0 0.50664062 0.32246376 0.01796875 0.01345755
0 0.57265625 0.26863354 0.015625 0.01345755
0 0.48554687 0.25362318 0.01484375 0.02070393
0 0.6109375 0.24792960 0.0125 0.02587991
0 0.40429687 0.20031055 0.01484375 0.00724637
0 0.65117187 0.10869565 0.00703125 0.03933747
0 0.59921875 0.07298136 0.0109375 0.01759834
0 0.5765625 0.06677018 0.0078125 0.01552795
0 0.284375 0.00465838 0.0109375 0.00931677