0 0.56992187 0.99689440 0.00859375 0.00621118
0 0.3296875 0.91873706 0.0171875 0.02380952
0 0.478125 0.89544513 0.009375 0.01035196
0 0.334375 0.89233954 0.0171875 0.02484472
0 0.42773437 0.89130434 0.01796875 0.02898550
0 0.58867187 0.87629399 0.00859375 0.02173913
0 0.665625 0.86594202 0.0109375 0.01345755
0 0.44140625 0.86697722 0.0171875 0.02380952
0 0.4921875 0.86128364 0.0109375 0.01656314
0 0.58242187 0.85093167 0.00859375 0.01242236
0 0.6328125 0.81728778 0.021875 0.03623188
0 0.43007812 0.80590062 0.01015625 0.01552795
0 0.47304687 0.79865424 0.01640625 0.01966873
0 0.36835937 0.79089026 0.01953125 0.01035196
0 0.52265625 0.79658385 0.0171875 0.03623188
0 0.34335937 0.77950310 0.01171875 0.01242236
0 0.3171875 0.77380952 0.009375 0.01138716
0 0.49296875 0.77225672 0.0125 0.01449275
0 0.59570312 0.72360248 0.01171875 0.01656314
0 0.45117187 0.71997929 0.01015625 0.01966873
0 0.37265625 0.70962732 0.0109375 0.02173913
0 0.58164062 0.68530020 0.01328125 0.01656314
0 0.62148437 0.68944099 0.01328125 0.02691511
0 0.5515625 0.68322981 0.0171875 0.02484472
0 0.65507812 0.67287784 0.01015625 0.01242236
0 0.59804687 0.67908902 0.01015625 0.02691511
0 0.5265625 0.66356107 0.0125 0.01242236
0 0.49804687 0.66356107 0.01171875 0.01656314
0 0.4765625 0.65734989 0.009375 0.01242236
0 0.58789062 0.66045548 0.00859375 0.02484472
0 0.42929687 0.65424430 0.01015625 0.01449275
0 0.34179687 0.63198757 0.01484375 0.02173913
0 0.5171875 0.61438923 0.0171875 0.02380952
0 0.46367187 0.60093167 0.01484375 0.01552795
0 0.678125 0.59782608 0.0171875 0.02380952
0 0.36523437 0.58540372 0.02109375 0.01138716
0 0.5984375 0.57608695 0.0171875 0.02380952
0 0.32304687 0.55020703 0.02109375 0.01552795
0 0.38046875 0.54658385 0.0140625 0.01035196
0 0.49765625 0.53571428 0.0140625 0.01345755
0 0.43710937 0.53467908 0.00859375 0.02380952
0 0.56328125 0.52277432 0.009375 0.01035196
0 0.31835937 0.52018633 0.01015625 0.01552795
0 0.49921875 0.51604554 0.0234375 0.01966873
0 0.30703125 0.51190476 0.0078125 0.01345755
0 0.41445312 0.51552795 0.02578125 0.02691511
0 0.3359375 0.49120082 0.0109375 0.01552795
0 0.440625 0.48240165 0.009375 0.01449275
0 0.66328125 0.46790890 0.009375 0.01035196
0 0.4265625 0.47722567 0.0171875 0.03312629
0 0.47773437 0.46480331 0.02734375 0.02070393
0 0.4484375 0.42028985 0.0109375 0.01449275
0 0.38359375 0.39389233 0.0109375 0.01345755
0 0.59257812 0.36335403 0.01171875 0.01449275
0 0.42109375 0.35869565 0.0125 0.01552795
0 0.35390625 0.36283643 0.0140625 0.02380952
0 0.38515625 0.34834368 0.0140625 0.01345755
0 0.56015625 0.33902691 0.015625 0.01759834
0 0.3640625 0.33074534 0.0140625 0.01966873
0 0.39726562 0.32712215 0.01015625 0.01863354
0 0.53085937 0.31677018 0.01953125 0.01242236
0 0.440625 0.32246376 0.0171875 0.02380952
0 0.55429687 0.30434782 0.01015625 0.01656314
0 0.45664062 0.29296066 0.01640625 0.01449275
0 0.41484375 0.28778467 0.009375 0.01242236
0 0.35546875 0.28623188 0.034375 0.01966873
0 0.48320312 0.27639751 0.00859375 0.01863354
0 0.63125 0.26397515 0.009375 0.01035196
0 0.37539062 0.25051759 0.01484375 0.01242236
0 0.62773437 0.22619047 0.01171875 0.01345755
0 0.52148437 0.21946169 0.01015625 0.01656314
0 0.42890625 0.21583850 0.0140625 0.01552795
0 0.4078125 0.20652173 0.0125 0.01552795
0 0.55507812 0.18064182 0.01015625 0.01345755
0 0.50507812 0.16045548 0.01328125 0.01242236
0 0.51289062 0.14182194 0.01015625 0.01242236
0 0.46445312 0.13768115 0.01171875 0.01656314
0 0.40078125 0.12474120 0.0140625 0.01966873
0 0.4546875 0.11387163 0.021875 0.01449275
0 0.61367187 0.09109730 0.02265625 0.04140786
0 0.53007812 0.07867494 0.01015625 0.02691511
0 0.4265625 0.05331262 0.015625 0.01552795
0 0.47460937 0.00362318 0.00703125 0.00724637