0 0.39179687 0.90165631 0.01953125 0.02484472
0 0.3671875 0.83902691 0.0140625 0.01966873
0 0.4796875 0.80020703 0.015625 0.02898550
0 0.39804687 0.74741200 0.01796875 0.02691511
0 0.35820312 0.73809523 0.01328125 0.01035196
0 0.45664062 0.73084886 0.01171875 0.02277432
0 0.43085937 0.64648033 0.01328125 0.01552795
0 0.56835937 0.59523809 0.01640625 0.02484472
0 0.61835937 0.58333333 0.02109375 0.02173913
0 0.59492187 0.53416149 0.01640625 0.02070393
0 0.51484375 0.51759834 0.0140625 0.01449275
0 0.66289062 0.52277432 0.03046875 0.03519668
0 0.49414062 0.51449275 0.01171875 0.01863354
0 0.36835937 0.49171842 0.02734375 0.02691511
0 0.45351562 0.43322981 0.01953125 0.03209109
0 0.63125 0.28364389 0.0203125 0.02277432
0 0.57617187 0.26759834 0.00859375 0.02173913
0 0.43203125 0.26552795 0.0140625 0.01759834
0 0.57773437 0.23550724 0.01484375 0.01966873
0 0.64023437 0.23550724 0.01953125 0.03002070
0 0.63320312 0.20600414 0.00703125 0.00828157
0 0.50976562 0.19358178 0.01015625 0.02898550
0 0.45859375 0.13819875 0.0109375 0.01138716
0 0.38632812 0.06832298 0.02265625 0.01242236
0 0.5453125 0.01966873 0.0125 0.02070393