0 0.42890625 0.97515527 0.0125 0.01656314
0 0.37421875 0.96894409 0.0125 0.01656314
0 0.52265625 0.96842650 0.0125 0.01759834
0 0.60507812 0.86542443 0.01484375 0.01863354
0 0.309375 0.79347826 0.015625 0.01966873
0 0.39023437 0.76293995 0.01484375 0.01863354
0 0.41289062 0.75931677 0.03046875 0.03002070
0 0.5859375 0.71325051 0.0140625 0.02070393
0 0.60859375 0.68944099 0.01875 0.01863354
0 0.62304687 0.68167701 0.01328125 0.00931677
0 0.65078125 0.62525879 0.0234375 0.02898550
0 0.45820312 0.60196687 0.02265625 0.02380952
0 0.334375 0.54761904 0.009375 0.00828157
0 0.42421875 0.54347826 0.009375 0.01242236
0 0.59726562 0.54244306 0.01171875 0.01656314
0 0.58867187 0.47619047 0.01328125 0.01863354
0 0.49609375 0.48136645 0.01875 0.02898550
0 0.64023437 0.46325051 0.01953125 0.03002070
0 0.46054687 0.33281573 0.01640625 0.02173913
0 0.52890625 0.30590062 0.0203125 0.02587991
0 0.32929687 0.29192546 0.00703125 0.01242236
0 0.49335937 0.28674948 0.01328125 0.01863354
0 0.39726562 0.28416149 0.01484375 0.01759834
0 0.59414062 0.23498964 0.01640625 0.02277432
0 0.53789062 0.18581780 0.01640625 0.01759834
0 0.41679687 0.12888198 0.00859375 0.01345755
0 0.56679687 0.12422360 0.01328125 0.01656314
0 0.61132812 0.12888198 0.01796875 0.03002070
0 0.60039062 0.01345755 0.01171875 0.00828157