0 0.45507812 0.97204968 0.02109375 0.00828157
0 0.64375 0.88871635 0.015625 0.01552795
0 0.29960937 0.89233954 0.01953125 0.03312629
0 0.55976562 0.85610766 0.01796875 0.01863354
0 0.65117187 0.83799171 0.01171875 0.01552795
0 0.57304687 0.76759834 0.01640625 0.02173913
0 0.35976562 0.71066252 0.01953125 0.03209109
0 0.41367187 0.66614906 0.01328125 0.01552795
0 0.3484375 0.62577639 0.015625 0.02380952
0 0.38710937 0.58488612 0.01171875 0.01242236
0 0.35976562 0.49534161 0.01328125 0.02173913
0 0.3140625 0.47204968 0.015625 0.03105590
0 0.48476562 0.40010351 0.01640625 0.02173913
0 0.65429687 0.37784679 0.01796875 0.02070393
0 0.56054687 0.30797101 0.01328125 0.02173913
0 0.52460937 0.27691511 0.01171875 0.02173913
0 0.54453125 0.25672877 0.01875 0.02691511
0 0.33359375 0.24896480 0.015625 0.02795031
0 0.57578125 0.19616977 0.0171875 0.02173913
0 0.41484375 0.17650103 0.0125 0.01759834
0 0.34257812 0.17287784 0.01953125 0.02277432
0 0.45859375 0.11697722 0.009375 0.02898550
0 0.64609375 0.09679089 0.0171875 0.02380952
0 0.53320312 0.08747412 0.02109375 0.01552795