0 0.3859375 0.98809523 0.0140625 0.02380952
0 0.59804687 0.92753623 0.01640625 0.01863354
0 0.37695312 0.91666666 0.01953125 0.01552795
0 0.46367187 0.91459627 0.01328125 0.01552795
0 0.57578125 0.91045548 0.0171875 0.02380952
0 0.66328125 0.90424430 0.0109375 0.01552795
0 0.51367187 0.89233954 0.01484375 0.01863354
0 0.6578125 0.87422360 0.01875 0.02173913
0 0.5171875 0.85559006 0.009375 0.01138716
0 0.5421875 0.84575569 0.009375 0.01656314
0 0.68359375 0.84316770 0.015625 0.02380952
0 0.50117187 0.81884057 0.01484375 0.01863354
0 0.60898437 0.81366459 0.01328125 0.01863354
0 0.64140625 0.80383022 0.0109375 0.01345755
0 0.3765625 0.78209109 0.0125 0.01759834
0 0.47734375 0.78105590 0.0109375 0.01759834
0 0.396875 0.77898550 0.0171875 0.02380952
0 0.58945312 0.77122153 0.01015625 0.01242236
0 0.51445312 0.76863354 0.01484375 0.01966873
0 0.4328125 0.74585921 0.0078125 0.01138716
0 0.59921875 0.72929606 0.0140625 0.01552795
0 0.46054687 0.71221532 0.01015625 0.01863354
0 0.6515625 0.70910973 0.0109375 0.01863354
0 0.6359375 0.69409937 0.0109375 0.01345755
0 0.61484375 0.67960662 0.0125 0.00931677
0 0.49960937 0.67494824 0.01171875 0.01656314
0 0.5796875 0.67287784 0.0125 0.01863354
0 0.68789062 0.66873706 0.00703125 0.02484472
0 0.40273437 0.65217391 0.01328125 0.01449275
0 0.38242187 0.64699792 0.01171875 0.01449275
0 0.52421875 0.64233954 0.009375 0.01138716
0 0.42539062 0.63871635 0.01015625 0.01242236
0 0.62421875 0.63716356 0.0171875 0.02380952
0 0.59492187 0.62732919 0.01484375 0.01449275
0 0.465625 0.62836438 0.0109375 0.01656314
0 0.33007812 0.61904761 0.01640625 0.04140786
0 0.45234375 0.59161490 0.0125 0.01345755
0 0.29882812 0.58695652 0.01015625 0.01449275
0 0.671875 0.55434782 0.0125 0.01345755
0 0.46367187 0.55383022 0.01171875 0.01449275
0 0.56875 0.53416149 0.0109375 0.01242236
0 0.53828125 0.53364389 0.0171875 0.02380952
0 0.68164062 0.53053830 0.01015625 0.01966873
0 0.49570312 0.51604554 0.01640625 0.01552795
0 0.40703125 0.50258799 0.0171875 0.02587991
0 0.30429687 0.47256728 0.02421875 0.01552795
0 0.40976562 0.45445134 0.01015625 0.01449275
0 0.43125 0.44720496 0.0109375 0.01656314
0 0.57539062 0.44358178 0.00703125 0.02380952
0 0.44765625 0.43374741 0.0109375 0.01449275
0 0.5890625 0.43995859 0.015625 0.02898550
0 0.39296875 0.43374741 0.0171875 0.03312629
0 0.60976562 0.40217391 0.00859375 0.01138716
0 0.37890625 0.40527950 0.0109375 0.02173913
0 0.35117187 0.40113871 0.01484375 0.01966873
0 0.56367187 0.39233954 0.02109375 0.01449275
0 0.30664062 0.38250517 0.01015625 0.01345755
0 0.39296875 0.38302277 0.009375 0.02898550
0 0.5015625 0.36904761 0.0109375 0.01552795
0 0.4703125 0.36594202 0.0078125 0.01345755
0 0.42890625 0.34627329 0.015625 0.01345755
0 0.3546875 0.33902691 0.0125 0.01759834
0 0.47929687 0.32712215 0.01328125 0.01449275
0 0.45 0.32401656 0.009375 0.02070393
0 0.396875 0.30590062 0.0171875 0.02380952
0 0.646875 0.30072463 0.0078125 0.01759834
0 0.5109375 0.29140786 0.009375 0.01345755
0 0.5796875 0.28364389 0.0125 0.01656314
0 0.48632812 0.28364389 0.01328125 0.01863354
0 0.55390625 0.24223602 0.0109375 0.01242236
0 0.61992187 0.23757763 0.01328125 0.01552795
0 0.36679687 0.23550724 0.01484375 0.03830227
0 0.396875 0.21842650 0.0234375 0.03933747
0 0.56601562 0.18115942 0.01328125 0.02277432
0 0.34765625 0.17753623 0.0125 0.01552795
0 0.38046875 0.17960662 0.0171875 0.02380952
0 0.57773437 0.16149068 0.01328125 0.01449275
0 0.45664062 0.16149068 0.01640625 0.01863354
0 0.51757812 0.15786749 0.01171875 0.01759834
0 0.35546875 0.15217391 0.03125 0.02691511
0 0.59882812 0.12991718 0.01171875 0.01552795
0 0.571875 0.12370600 0.0109375 0.01345755
0 0.34648437 0.11076604 0.01484375 0.01863354
0 0.52421875 0.07556935 0.0078125 0.01449275
0 0.32578125 0.03519668 0.0171875 0.01035196
0 0.67929687 0.03467908 0.02265625 0.02380952
0 0.49453125 0.02536231 0.009375 0.01345755
0 0.45664062 0.01656314 0.00703125 0.02070393
0 0.33867187 0.01035196 0.01640625 0.01863354