0 0.57890625 0.98913043 0.0109375 0.01552795
0 0.38242187 0.97877846 0.01171875 0.02587991
0 0.6421875 0.96066252 0.0390625 0.02898550
0 0.521875 0.92287784 0.009375 0.02587991
0 0.39882812 0.91718426 0.01015625 0.01656314
0 0.64570312 0.91356107 0.01640625 0.02173913
0 0.49453125 0.88250517 0.0109375 0.01345755
0 0.43945312 0.86749482 0.00703125 0.01242236
0 0.5484375 0.86490683 0.0140625 0.01345755
0 0.38007812 0.85766045 0.01484375 0.01759834
0 0.57695312 0.85869565 0.01796875 0.02173913
0 0.29570312 0.84834368 0.01484375 0.02380952
0 0.63632812 0.82401656 0.01328125 0.01449275
0 0.31835937 0.81780538 0.01015625 0.01242236
0 0.640625 0.80641821 0.009375 0.01656314
0 0.3578125 0.80227743 0.0109375 0.01035196
0 0.39023437 0.79865424 0.01015625 0.01966873
0 0.33554687 0.79347826 0.01328125 0.01138716
0 0.52695312 0.77484472 0.00703125 0.02173913
0 0.44453125 0.77484472 0.0171875 0.02380952
0 0.65664062 0.75776397 0.01171875 0.01242236
0 0.55742187 0.73654244 0.01015625 0.01138716
0 0.46875 0.73861283 0.0140625 0.02380952
0 0.3640625 0.73033126 0.009375 0.01138716
0 0.6515625 0.71583850 0.0078125 0.00931677
0 0.49765625 0.70652173 0.0109375 0.01552795
0 0.59609375 0.69772256 0.0109375 0.01449275
0 0.61328125 0.69616977 0.0109375 0.01345755
0 0.47695312 0.69202898 0.01953125 0.02380952
0 0.50351562 0.68426501 0.01640625 0.01449275
0 0.3484375 0.67546583 0.0140625 0.01759834
0 0.3265625 0.67857142 0.0171875 0.02380952
0 0.43085937 0.67028985 0.01640625 0.01966873
0 0.4703125 0.65372670 0.009375 0.01345755
0 0.46679687 0.62888198 0.01328125 0.01759834
0 0.571875 0.63095238 0.0171875 0.02380952
0 0.41835937 0.62318840 0.01953125 0.02277432
0 0.34453125 0.61128364 0.009375 0.01552795
0 0.50039062 0.61801242 0.01796875 0.03312629
0 0.64726562 0.59109730 0.01015625 0.01449275
0 0.52539062 0.59420289 0.01328125 0.02277432
0 0.58710937 0.58850931 0.01484375 0.01552795
0 0.47070312 0.58178053 0.01171875 0.01449275
0 0.50507812 0.57971014 0.01328125 0.01449275
0 0.37539062 0.55331262 0.01171875 0.01345755
0 0.340625 0.55279503 0.0109375 0.01242236
0 0.32695312 0.54037267 0.01328125 0.01656314
0 0.67304687 0.53985507 0.00703125 0.01759834
0 0.36679687 0.51345755 0.01171875 0.01863354
0 0.478125 0.51449275 0.0171875 0.03312629
0 0.29960937 0.50724637 0.01484375 0.01863354
0 0.37578125 0.49275362 0.0109375 0.01449275
0 0.4734375 0.45600414 0.0125 0.01345755
0 0.5890625 0.41977225 0.015625 0.01759834
0 0.64882812 0.41097308 0.00859375 0.01242236
0 0.5640625 0.40424430 0.0109375 0.01759834
0 0.48984375 0.39182194 0.0171875 0.02380952
0 0.41523437 0.38509316 0.00859375 0.01035196
0 0.55429687 0.38509316 0.01171875 0.01656314
0 0.43789062 0.38871635 0.01328125 0.03623188
0 0.62148437 0.36438923 0.01796875 0.01242236
0 0.56523437 0.34937888 0.01171875 0.01759834
0 0.54375 0.30227743 0.0171875 0.02277432
0 0.64023437 0.29347826 0.01171875 0.01345755
0 0.62265625 0.29140786 0.009375 0.01552795
0 0.60039062 0.28830227 0.01015625 0.01552795
0 0.62226562 0.27691511 0.01171875 0.01138716
0 0.38125 0.27587991 0.0125 0.01759834
0 0.5140625 0.23550724 0.0140625 0.01345755
0 0.39414062 0.21428571 0.01328125 0.01656314
0 0.55976562 0.20186335 0.01328125 0.01656314
0 0.34882812 0.18685300 0.01328125 0.01759834
0 0.5421875 0.18012422 0.009375 0.01656314
0 0.37734375 0.18374741 0.0359375 0.03209109
0 0.58164062 0.16459627 0.01171875 0.01449275
0 0.48359375 0.15993788 0.0125 0.01552795
0 0.6296875 0.15269151 0.015625 0.01552795
0 0.36992187 0.14389233 0.01171875 0.01035196
0 0.34140625 0.14285714 0.0109375 0.01242236
0 0.45273437 0.12008281 0.01171875 0.01449275
0 0.46953125 0.11438923 0.0203125 0.01966873
0 0.48125 0.09420289 0.0109375 0.01449275
0 0.5546875 0.09265010 0.0171875 0.02380952
0 0.64804687 0.07971014 0.01171875 0.01242236
0 0.38632812 0.06625258 0.02421875 0.01656314
0 0.4375 0.05020703 0.0171875 0.02380952
0 0.61132812 0.03830227 0.01328125 0.02070393
0 0.37226562 0.03571428 0.03984375 0.02587991
0 0.696875 0.01345755 0.0171875 0.01863354