0 0.58242187 0.98654244 0.01328125 0.01656314
0 0.39921875 0.95962732 0.0140625 0.02070393
0 0.55546875 0.93115942 0.0078125 0.01138716
0 0.52382812 0.90890269 0.01484375 0.03105590
0 0.4109375 0.89803312 0.0109375 0.01345755
0 0.37304687 0.89906832 0.01484375 0.01552795
0 0.47773437 0.89906832 0.01171875 0.01759834
0 0.6328125 0.88716356 0.0109375 0.01656314
0 0.37148437 0.88302277 0.02734375 0.01656314
0 0.63632812 0.87060041 0.01015625 0.01242236
0 0.31875 0.87318840 0.0171875 0.02380952
0 0.30585937 0.86180124 0.01484375 0.01966873
0 0.39765625 0.85300207 0.0109375 0.01656314
0 0.50859375 0.83126293 0.0125 0.01449275
0 0.3203125 0.79710144 0.0171875 0.01656314
0 0.63632812 0.78985507 0.01796875 0.02484472
0 0.50585937 0.76863354 0.01953125 0.01966873
0 0.35546875 0.76035196 0.01875 0.01552795
0 0.56289062 0.75931677 0.01328125 0.01759834
0 0.56015625 0.73809523 0.0078125 0.01035196
0 0.384375 0.73913043 0.009375 0.02070393
0 0.58554687 0.73136645 0.01171875 0.01345755
0 0.35078125 0.71894409 0.01875 0.01552795
0 0.45429687 0.71532091 0.01171875 0.01656314
0 0.43984375 0.69409937 0.0125 0.01552795
0 0.6234375 0.68995859 0.0125 0.01552795
0 0.4796875 0.68995859 0.0171875 0.02380952
0 0.6609375 0.68322981 0.0140625 0.01656314
0 0.59414062 0.67908902 0.01328125 0.01656314
0 0.34765625 0.67236024 0.0171875 0.02380952
0 0.41523437 0.66149068 0.02421875 0.01656314
0 0.49609375 0.66045548 0.015625 0.02070393
0 0.31992187 0.65631469 0.01171875 0.01449275
0 0.55234375 0.64130434 0.0109375 0.01759834
0 0.615625 0.64130434 0.0078125 0.02173913
0 0.64023437 0.62060041 0.01484375 0.01759834
0 0.50585937 0.61801242 0.01484375 0.01449275
0 0.29453125 0.61490683 0.0125 0.01863354
0 0.42070312 0.60973084 0.01484375 0.01449275
0 0.36640625 0.58902691 0.0125 0.01656314
0 0.38085937 0.58436853 0.01171875 0.01552795
0 0.50585937 0.55227743 0.00859375 0.01759834
0 0.32734375 0.54710144 0.0171875 0.02380952
0 0.6390625 0.53778467 0.0140625 0.02380952
0 0.43515625 0.53364389 0.009375 0.01552795
0 0.56992187 0.53519668 0.01484375 0.02484472
0 0.4515625 0.49896480 0.0171875 0.02277432
0 0.58046875 0.48395445 0.0171875 0.02380952
0 0.65039062 0.47153209 0.01328125 0.02173913
0 0.33320312 0.45496894 0.01015625 0.01345755
0 0.603125 0.44202898 0.021875 0.02070393
0 0.64375 0.41252587 0.0078125 0.01138716
0 0.55625 0.39389233 0.0109375 0.01345755
0 0.63203125 0.38819875 0.009375 0.01449275
0 0.45 0.38457556 0.015625 0.01138716
0 0.42539062 0.37888198 0.01171875 0.01656314
0 0.6578125 0.36387163 0.009375 0.01345755
0 0.41367187 0.35921325 0.01171875 0.01242236
0 0.64960937 0.34782608 0.01171875 0.01656314
0 0.53828125 0.34316770 0.009375 0.02380952
0 0.41132812 0.33954451 0.02265625 0.02277432
0 0.5640625 0.33488612 0.01875 0.02380952
0 0.603125 0.32091097 0.0125 0.01863354
0 0.53203125 0.31728778 0.0140625 0.01138716
0 0.57773437 0.31625258 0.01328125 0.01552795
0 0.37226562 0.31418219 0.00859375 0.01345755
0 0.62617187 0.30797101 0.01171875 0.01552795
0 0.55507812 0.28933747 0.01171875 0.01138716
0 0.52617187 0.29606625 0.01015625 0.02691511
0 0.4078125 0.24741200 0.0140625 0.01449275
0 0.45703125 0.24430641 0.009375 0.03105590
0 0.51367187 0.23136645 0.01171875 0.01552795
0 0.34960937 0.23136645 0.01953125 0.01552795
0 0.55039062 0.22204968 0.01171875 0.01552795
0 0.64257812 0.21739130 0.01328125 0.01863354
0 0.48476562 0.21739130 0.01640625 0.01863354
0 0.53789062 0.20703933 0.01015625 0.01656314
0 0.62617187 0.20652173 0.01640625 0.02587991
0 0.4625 0.19616977 0.0125 0.01552795
0 0.559375 0.19047619 0.0109375 0.01242236
0 0.59257812 0.18892339 0.01796875 0.02173913
0 0.38203125 0.19306418 0.034375 0.04244306
0 0.53203125 0.14026915 0.015625 0.01759834
0 0.39296875 0.12681159 0.0171875 0.02380952
0 0.44453125 0.11956521 0.0109375 0.01345755
0 0.4359375 0.10714285 0.009375 0.01345755
0 0.34882812 0.10714285 0.01171875 0.01345755
0 0.61992187 0.10662525 0.01484375 0.01863354
0 0.45039062 0.09420289 0.01328125 0.01656314
0 0.60585937 0.08850931 0.00859375 0.01966873
0 0.58164062 0.05745341 0.01015625 0.01345755
0 0.60625 0.04296066 0.0109375 0.01759834
0 0.37617187 0.03674948 0.01484375 0.01552795