0 0.57851562 0.99223602 0.01171875 0.01552795
0 0.50039062 0.94565217 0.01171875 0.01552795
0 0.52734375 0.91407867 0.0125 0.01242236
0 0.3546875 0.91252587 0.015625 0.02380952
0 0.45976562 0.89492753 0.00859375 0.01345755
0 0.68125 0.88768115 0.0171875 0.02380952
0 0.44492187 0.86904761 0.01953125 0.02380952
0 0.34648437 0.86335403 0.01015625 0.01656314
0 0.32109375 0.83747412 0.021875 0.01242236
0 0.50078125 0.83540372 0.0109375 0.01242236
0 0.54765625 0.84213250 0.0125 0.02795031
0 0.59609375 0.83126293 0.0109375 0.01449275
0 0.36523437 0.82815734 0.01640625 0.01863354
0 0.51640625 0.82349896 0.0171875 0.02380952
0 0.5953125 0.81159420 0.0109375 0.01656314
0 0.34140625 0.80020703 0.0125 0.01242236
0 0.45078125 0.78053830 0.0125 0.01449275
0 0.37851562 0.75672877 0.01328125 0.01656314
0 0.49140625 0.74585921 0.03125 0.02795031
0 0.36875 0.73861283 0.0109375 0.01552795
0 0.6015625 0.72929606 0.0109375 0.01552795
0 0.303125 0.71273291 0.021875 0.01345755
0 0.65976562 0.68737060 0.01328125 0.01656314
0 0.496875 0.67391304 0.009375 0.01656314
0 0.53085937 0.67184265 0.00859375 0.01449275
0 0.61445312 0.67184265 0.00859375 0.01656314
0 0.6 0.66149068 0.0109375 0.01035196
0 0.6859375 0.65320910 0.0078125 0.01035196
0 0.571875 0.65269151 0.009375 0.01345755
0 0.32578125 0.65113871 0.0171875 0.01035196
0 0.58476562 0.64648033 0.00859375 0.01138716
0 0.43710937 0.64337474 0.01328125 0.01759834
0 0.65117187 0.62525879 0.01328125 0.01242236
0 0.52695312 0.62784679 0.01328125 0.01966873
0 0.3375 0.62318840 0.015625 0.01863354
0 0.409375 0.62008281 0.0140625 0.01863354
0 0.6359375 0.57815734 0.0125 0.01759834
0 0.553125 0.54451345 0.009375 0.01863354
0 0.29609375 0.52639751 0.0125 0.01552795
0 0.41445312 0.52380952 0.00859375 0.01242236
0 0.52265625 0.52225672 0.009375 0.01138716
0 0.5109375 0.51449275 0.0125 0.01449275
0 0.55507812 0.50569358 0.01015625 0.01138716
0 0.55 0.49120082 0.009375 0.01552795
0 0.42734375 0.47670807 0.0140625 0.01552795
0 0.509375 0.45082815 0.0125 0.01759834
0 0.55976562 0.44668737 0.01328125 0.01759834
0 0.35117187 0.43633540 0.01171875 0.01552795
0 0.57929687 0.43995859 0.01171875 0.02484472
0 0.59453125 0.43115942 0.0125 0.01966873
0 0.3828125 0.42184265 0.0109375 0.01552795
0 0.5203125 0.40631469 0.0203125 0.01345755
0 0.3734375 0.40683229 0.0125 0.02070393
0 0.67617187 0.38509316 0.01328125 0.01656314
0 0.44375 0.38302277 0.0078125 0.01656314
0 0.5875 0.39440993 0.025 0.04554865
0 0.40351562 0.34057971 0.01328125 0.01863354
0 0.50390625 0.27432712 0.0140625 0.01863354
0 0.41445312 0.26293995 0.01015625 0.01449275
0 0.6234375 0.26863354 0.0171875 0.03623188
0 0.45351562 0.25362318 0.01171875 0.01035196
0 0.62460937 0.23654244 0.01015625 0.01345755
0 0.50078125 0.23136645 0.0234375 0.02380952
0 0.60585937 0.22412008 0.01328125 0.01552795
0 0.49375 0.21635610 0.0109375 0.01449275
0 0.42851562 0.21273291 0.01953125 0.01345755
0 0.56132812 0.19616977 0.01171875 0.01966873
0 0.6 0.19409937 0.0109375 0.02173913
0 0.4390625 0.15734989 0.009375 0.01242236
0 0.384375 0.16200828 0.0171875 0.02380952
0 0.37070312 0.14078674 0.01328125 0.01449275
0 0.3453125 0.14233954 0.0265625 0.02380952
0 0.57226562 0.13250517 0.00859375 0.01035196
0 0.60820312 0.13302277 0.01484375 0.02173913
0 0.44492187 0.10714285 0.00859375 0.01345755
0 0.57617187 0.08747412 0.01171875 0.01759834
0 0.6296875 0.06625258 0.0109375 0.01242236
0 0.6046875 0.05848861 0.0078125 0.00931677
0 0.3671875 0.05797101 0.0234375 0.01449275
0 0.4546875 0.06055900 0.0171875 0.02380952
0 0.35742187 0.04347826 0.01640625 0.01035196
0 0.5 0.04813664 0.0171875 0.02380952
0 0.28984375 0.02329192 0.0171875 0.02380952
0 0.60078125 0.01915113 0.0140625 0.02173913
0 0.36289062 0.01708074 0.01328125 0.01759834
0 0.57734375 0.00931677 0.0109375 0.01449275
0 0.63945312 0.00776397 0.01796875 0.01552795
0 0.49453125 0.00517598 0.0140625 0.01035196
0 0.45390625 0.00828157 0.0078125 0.01656314
0 0.28164062 0.00258799 0.00546875 0.00517598