0 0.6546875 0.88302277 0.0203125 0.02277432
0 0.31953125 0.86024844 0.01875 0.03726708
0 0.35546875 0.85144927 0.046875 0.06314699
0 0.35703125 0.80641821 0.0203125 0.02484472
0 0.64296875 0.77743271 0.0140625 0.01863354
0 0.36875 0.73861283 0.015625 0.02380952
0 0.58789062 0.71739130 0.01640625 0.02484472
0 0.64453125 0.65683229 0.01875 0.02173913
0 0.51132812 0.58436853 0.02265625 0.03830227
0 0.55546875 0.51915113 0.0125 0.01759834
0 0.31757812 0.51501035 0.01640625 0.02173913
0 0.33632812 0.50569358 0.01640625 0.01966873
0 0.52109375 0.47412008 0.040625 0.02691511
0 0.40625 0.45755693 0.0171875 0.02484472
0 0.43164062 0.45341614 0.01640625 0.03105590
0 0.31992187 0.43478260 0.01484375 0.02691511
0 0.38125 0.39906832 0.0140625 0.02173913
0 0.5671875 0.37163561 0.0140625 0.03105590
0 0.5328125 0.30693581 0.0203125 0.01552795
0 0.42304687 0.27795031 0.02890625 0.01345755
0 0.58828125 0.24120082 0.0140625 0.02070393
0 0.49648437 0.23861283 0.01796875 0.03002070
0 0.56835937 0.19927536 0.04296875 0.03830227
0 0.4234375 0.14440993 0.015625 0.02587991
0 0.34609375 0.07039337 0.0203125 0.02691511
0 0.37109375 0.07971014 0.0140625 0.05175983