0 0.28398437 0.98343685 0.01015625 0.01449275
0 0.52695312 0.97826086 0.01953125 0.02277432
0 0.40703125 0.97619047 0.009375 0.02070393
0 0.64882812 0.95134575 0.01640625 0.01242236
0 0.44570312 0.91356107 0.00859375 0.01759834
0 0.39101562 0.90010351 0.01171875 0.01552795
0 0.521875 0.89648033 0.0109375 0.02484472
0 0.5375 0.88354037 0.0171875 0.02380952
0 0.4421875 0.88457556 0.025 0.02795031
0 0.40742187 0.88612836 0.01796875 0.03105590
0 0.51523437 0.87060041 0.01484375 0.01656314
0 0.34140625 0.87422360 0.0171875 0.03623188
0 0.66484375 0.85300207 0.009375 0.01242236
0 0.6671875 0.83126293 0.009375 0.01242236
0 0.39960937 0.82091097 0.01328125 0.01449275
0 0.54453125 0.81625258 0.0109375 0.01345755
0 0.49804687 0.81935817 0.01953125 0.02587991
0 0.53164062 0.81262939 0.00859375 0.02484472
0 0.37929687 0.79554865 0.01015625 0.01345755
0 0.66796875 0.77484472 0.0109375 0.01759834
0 0.65234375 0.76863354 0.0125 0.01552795
0 0.6359375 0.76552795 0.0140625 0.01759834
0 0.37578125 0.74430641 0.009375 0.01242236
0 0.41367187 0.74171842 0.01015625 0.01759834
0 0.50585937 0.73240165 0.01171875 0.01759834
0 0.48789062 0.71687370 0.01171875 0.01552795
0 0.64101562 0.71376811 0.01328125 0.01759834
0 0.58515625 0.70807453 0.0078125 0.01035196
0 0.6046875 0.70910973 0.01875 0.01656314
0 0.58710937 0.69047619 0.01171875 0.01449275
0 0.56484375 0.68892339 0.0171875 0.02380952
0 0.33828125 0.68012422 0.015625 0.01035196
0 0.46796875 0.66097308 0.0078125 0.02173913
0 0.35117187 0.64078674 0.01171875 0.01449275
0 0.50625 0.64337474 0.0171875 0.02380952
0 0.59257812 0.60662525 0.01640625 0.01035196
0 0.56132812 0.60196687 0.01328125 0.02173913
0 0.68515625 0.59265010 0.0140625 0.02380952
0 0.3296875 0.58333333 0.0171875 0.02380952
0 0.66875 0.57039337 0.0140625 0.01863354
0 0.43476562 0.56521739 0.01171875 0.01449275
0 0.67070312 0.54710144 0.01171875 0.01552795
0 0.43515625 0.53260869 0.009375 0.01552795
0 0.47578125 0.53467908 0.0171875 0.02380952
0 0.68710937 0.52587991 0.01015625 0.01449275
0 0.55976562 0.52639751 0.01171875 0.02795031
0 0.309375 0.51656314 0.0125 0.01449275
0 0.35976562 0.50931677 0.00859375 0.01242236
0 0.66015625 0.50983436 0.0125 0.01552795
0 0.309375 0.49741200 0.009375 0.01345755
0 0.64414062 0.50051759 0.01015625 0.02795031
0 0.35273437 0.49378881 0.00859375 0.01449275
0 0.38007812 0.49327122 0.01171875 0.01759834
0 0.49570312 0.47412008 0.01015625 0.01449275
0 0.46210937 0.46583850 0.01640625 0.01656314
0 0.41875 0.46221532 0.0171875 0.02380952
0 0.39296875 0.44668737 0.0171875 0.02380952
0 0.37109375 0.44254658 0.0109375 0.01552795
0 0.42851562 0.42184265 0.01015625 0.01345755
0 0.29375 0.42080745 0.0109375 0.01966873
0 0.54101562 0.41459627 0.02421875 0.02587991
0 0.49296875 0.40527950 0.0109375 0.01345755
0 0.50664062 0.37939958 0.01171875 0.01345755
0 0.55195312 0.37422360 0.01328125 0.01552795
0 0.37539062 0.34161490 0.01015625 0.01035196
0 0.43671875 0.32608695 0.0140625 0.01449275
0 0.33164062 0.31987577 0.01171875 0.01035196
0 0.37851562 0.32039337 0.00703125 0.02795031
0 0.34140625 0.30693581 0.0125 0.01345755
0 0.39101562 0.29089026 0.00859375 0.01035196
0 0.37695312 0.28623188 0.01171875 0.01552795
0 0.57695312 0.27743271 0.00703125 0.01035196
0 0.6328125 0.24378881 0.009375 0.01552795
0 0.58320312 0.24120082 0.00859375 0.01035196
0 0.6140625 0.23395445 0.01875 0.02277432
0 0.55820312 0.22670807 0.01015625 0.01656314
0 0.50390625 0.23809523 0.0140625 0.03933747
0 0.59257812 0.22670807 0.01171875 0.02691511
0 0.49453125 0.20496894 0.0109375 0.02898550
0 0.4078125 0.18685300 0.0125 0.01552795
0 0.65039062 0.16097308 0.00859375 0.01345755
0 0.40390625 0.13664596 0.0140625 0.02070393
0 0.50703125 0.13043478 0.0125 0.01656314
0 0.55078125 0.12111801 0.021875 0.01242236
0 0.4234375 0.12681159 0.0171875 0.02380952
0 0.47109375 0.09472049 0.0171875 0.02380952
0 0.36484375 0.08902691 0.0109375 0.01449275
0 0.58359375 0.06832298 0.0125 0.01242236
0 0.54414062 0.06677018 0.00859375 0.01552795
0 0.44335937 0.04296066 0.00859375 0.02173913
0 0.3046875 0.03830227 0.0109375 0.01242236
0 0.28515625 0.02536231 0.0125 0.01138716
0 0.68242187 0.00569358 0.01171875 0.01138716