0 0.41757812 0.89492753 0.01015625 0.00724637
0 0.56914062 0.88975155 0.01484375 0.02380952
0 0.60117187 0.88198757 0.01640625 0.02070393
0 0.59492187 0.72256728 0.01796875 0.02484472
0 0.34726562 0.69824016 0.01328125 0.02173913
0 0.67226562 0.66563146 0.01640625 0.01449275
0 0.50507812 0.64078674 0.01640625 0.01656314
0 0.67460937 0.63871635 0.01953125 0.02898550
0 0.49570312 0.57349896 0.02421875 0.03933747
0 0.58945312 0.47463768 0.02265625 0.02173913
0 0.684375 0.42650103 0.015625 0.01863354
0 0.42539062 0.37888198 0.01484375 0.01863354
0 0.47929687 0.34989648 0.01015625 0.00828157
0 0.48554687 0.27795031 0.01328125 0.02380952
0 0.61640625 0.22619047 0.0140625 0.01552795
0 0.440625 0.17080745 0.0234375 0.02691511
0 0.4046875 0.16563146 0.01875 0.02070393
0 0.64414062 0.11283643 0.02109375 0.02484472
0 0.48242187 0.08643892 0.00546875 0.01759834