0 0.4984375 0.99068322 0.0078125 0.01863354
0 0.44335937 0.90113871 0.01484375 0.02380952
0 0.51289062 0.88198757 0.01953125 0.02898550
0 0.31914062 0.86904761 0.01484375 0.01759834
0 0.4546875 0.86490683 0.021875 0.03209109
0 0.31523437 0.82349896 0.01796875 0.01966873
0 0.6703125 0.78364389 0.0109375 0.02277432
0 0.575 0.78778467 0.009375 0.03105590
0 0.34023437 0.68322981 0.01640625 0.00828157
0 0.59140625 0.68581780 0.028125 0.02587991
0 0.41015625 0.52070393 0.01875 0.02484472
0 0.58984375 0.46428571 0.015625 0.01759834
0 0.50390625 0.45496894 0.0078125 0.02173913
0 0.61484375 0.41925465 0.0140625 0.01449275
0 0.37421875 0.40113871 0.015625 0.02173913
0 0.61132812 0.34886128 0.01484375 0.01863354
0 0.5 0.30072463 0.01875 0.02795031
0 0.56796875 0.26656314 0.021875 0.02795031
0 0.55742187 0.19202898 0.01953125 0.02587991
0 0.43984375 0.09161490 0.01875 0.01966873
0 0.63203125 0.08488612 0.0109375 0.01656314
0 0.35507812 0.07608695 0.02578125 0.02795031
0 0.51445312 0.03157349 0.01953125 0.02380952
0 0.34375 0.02484472 0.021875 0.01863354