0 0.44960937 0.89130434 0.03828125 0.02484472
0 0.40390625 0.85714285 0.0203125 0.02484472
0 0.53867187 0.84368530 0.02109375 0.02691511
0 0.509375 0.83436853 0.0234375 0.02691511
0 0.55976562 0.76811594 0.01640625 0.02277432
0 0.40976562 0.73240165 0.01640625 0.02173913
0 0.3953125 0.54451345 0.0140625 0.02277432
0 0.31953125 0.47929606 0.0140625 0.02484472
0 0.52109375 0.47412008 0.040625 0.02691511
0 0.3890625 0.45755693 0.0140625 0.02484472
0 0.57851562 0.37784679 0.03671875 0.04554865
0 0.47617187 0.32763975 0.01328125 0.01552795
0 0.39492187 0.31211180 0.01640625 0.02380952
0 0.49375 0.28519668 0.0125 0.01552795
0 0.60898437 0.28053830 0.02109375 0.01449275
0 0.58828125 0.24120082 0.0140625 0.02070393
0 0.53085937 0.22412008 0.01796875 0.02380952
0 0.38359375 0.09420289 0.0109375 0.02070393