0 0.62773437 0.88612836 0.01640625 0.02070393
0 0.553125 0.88509316 0.0453125 0.03519668
0 0.58554687 0.84265010 0.01796875 0.02691511
0 0.41757812 0.83643892 0.03203125 0.05590062
0 0.49921875 0.76708074 0.0234375 0.02277432
0 0.390625 0.73964803 0.0171875 0.02173913
0 0.55234375 0.70496894 0.015625 0.03105590
0 0.59765625 0.69409937 0.0125 0.01552795
0 0.571875 0.61594202 0.0296875 0.02277432
0 0.5609375 0.54296066 0.021875 0.02587991
0 0.52929687 0.49275362 0.02421875 0.02277432
0 0.3890625 0.45755693 0.0140625 0.02484472
0 0.371875 0.45652173 0.01875 0.02484472
0 0.3953125 0.33488612 0.015625 0.02380952
0 0.49375 0.32815734 0.0140625 0.02070393
0 0.5390625 0.32091097 0.0171875 0.03105590
0 0.5734375 0.32608695 0.040625 0.04761904
0 0.42265625 0.29554865 0.0296875 0.02173913
0 0.62421875 0.29606625 0.021875 0.04554865
0 0.42382812 0.26345755 0.02421875 0.01552795
0 0.55546875 0.25465838 0.0203125 0.02898550
0 0.42070312 0.12474120 0.01328125 0.02587991
0 0.359375 0.07919254 0.0140625 0.05072463
0 0.57617187 0.06780538 0.01796875 0.03209109