0 0.45039062 0.98033126 0.01015625 0.01656314
0 0.63242187 0.96946169 0.01328125 0.01759834
0 0.37539062 0.92028985 0.00546875 0.02070393
0 0.65703125 0.88923395 0.0140625 0.01863354
0 0.61601562 0.88871635 0.02421875 0.03209109
0 0.4109375 0.86542443 0.015625 0.01863354
0 0.36601562 0.86180124 0.01640625 0.02173913
0 0.62734375 0.75724637 0.00625 0.01759834
0 0.67890625 0.67028985 0.0234375 0.02795031
0 0.48867187 0.66459627 0.01796875 0.02277432
0 0.62695312 0.57556935 0.01953125 0.02898550
0 0.55703125 0.55020703 0.025 0.02380952
0 0.29414062 0.52329192 0.01171875 0.01759834
0 0.48515625 0.48498964 0.0140625 0.01345755
0 0.49296875 0.27122153 0.025 0.02898550
0 0.53632812 0.17908902 0.01328125 0.01242236
0 0.40664062 0.13768115 0.02265625 0.02070393
0 0.48828125 0.12836438 0.0078125 0.01656314