0 0.64296875 0.87163561 0.021875 0.01449275
0 0.31796875 0.84109730 0.0140625 0.01552795
0 0.35703125 0.80641821 0.0203125 0.02484472
0 0.39140625 0.73964803 0.01875 0.02173913
0 0.35390625 0.74741200 0.0265625 0.04140786
0 0.58789062 0.71997929 0.01640625 0.01966873
0 0.59765625 0.69409937 0.0125 0.01552795
0 0.54023437 0.5 0.04609375 0.03726708
0 0.43125 0.48447204 0.025 0.03105590
0 0.31953125 0.47929606 0.0140625 0.02484472
0 0.40585937 0.40683229 0.01796875 0.01656314
0 0.36015625 0.39906832 0.0140625 0.02173913
0 0.40820312 0.36024844 0.02421875 0.02277432
0 0.53789062 0.34575569 0.01484375 0.02484472
0 0.375 0.33178053 0.015625 0.01966873
0 0.5125 0.25569358 0.0234375 0.02070393
0 0.43554687 0.15890269 0.02109375 0.02173913
0 0.63476562 0.09523809 0.01171875 0.02070393