0 0.49921875 0.87784679 0.015625 0.01656314
0 0.315625 0.86594202 0.0109375 0.02587991
0 0.584375 0.84316770 0.0203125 0.02795031
0 0.36132812 0.78416149 0.01171875 0.02795031
0 0.3171875 0.77070393 0.0140625 0.01759834
0 0.5859375 0.76449275 0.021875 0.03830227
0 0.58789062 0.71739130 0.01640625 0.02484472
0 0.66367187 0.59886128 0.01640625 0.02173913
0 0.5609375 0.54296066 0.021875 0.02587991
0 0.5671875 0.46687370 0.025 0.02277432
0 0.6390625 0.36283643 0.01875 0.01759834
0 0.60898437 0.28053830 0.02109375 0.01449275
0 0.63242187 0.28053830 0.01484375 0.02277432
0 0.55585937 0.23809523 0.01640625 0.02277432
0 0.62421875 0.22826086 0.0171875 0.02795031
0 0.42070312 0.12474120 0.01328125 0.02587991