0 0.63710937 0.89285714 0.01953125 0.02587991
0 0.61367187 0.88457556 0.02578125 0.03416149
0 0.31796875 0.84109730 0.0140625 0.01552795
0 0.34179687 0.83385093 0.01953125 0.02795031
0 0.5859375 0.77380952 0.021875 0.01966873
0 0.4578125 0.73291925 0.015625 0.02070393
0 0.60742187 0.71687370 0.01640625 0.02380952
0 0.58789062 0.71739130 0.01640625 0.02484472
0 0.64335937 0.71635610 0.01484375 0.02484472
0 0.621875 0.60351966 0.0203125 0.02691511
0 0.51132812 0.58436853 0.02265625 0.03830227
0 0.47695312 0.57867494 0.01953125 0.02691511
0 0.59453125 0.54399585 0.021875 0.02380952
0 0.52382812 0.51915113 0.02265625 0.03002070
0 0.40703125 0.51552795 0.0203125 0.02691511
0 0.371875 0.45652173 0.01875 0.02484472
0 0.30859375 0.43633540 0.0203125 0.03209109
0 0.63632812 0.35662525 0.02421875 0.03002070
0 0.47617187 0.32763975 0.01328125 0.01552795
0 0.49375 0.28519668 0.0125 0.01552795
0 0.60898437 0.28053830 0.02109375 0.01449275
0 0.58828125 0.24120082 0.0140625 0.02070393
0 0.62421875 0.22826086 0.0171875 0.02795031
0 0.53085937 0.22412008 0.01796875 0.02380952
0 0.3625 0.14078674 0.0125 0.02484472
0 0.5984375 0.06469979 0.0125 0.02173913