0 0.54765625 0.89440993 0.0125 0.01863354
0 0.46992187 0.87474120 0.01484375 0.02070393
0 0.48164062 0.83902691 0.02109375 0.04451345
0 0.44179687 0.79451345 0.01796875 0.02380952
0 0.31601562 0.78209109 0.01484375 0.02380952
0 0.49257812 0.60921325 0.01328125 0.00931677
0 0.6546875 0.60196687 0.021875 0.02795031
0 0.48007812 0.58229813 0.01328125 0.02173913
0 0.503125 0.57194616 0.0171875 0.02587991
0 0.60390625 0.55072463 0.0140625 0.02277432
0 0.41796875 0.51035196 0.015625 0.02277432
0 0.3953125 0.44306418 0.0125 0.02070393
0 0.45742187 0.43995859 0.02109375 0.02898550
0 0.33554687 0.41977225 0.01640625 0.02587991
0 0.56601562 0.38146997 0.01171875 0.01759834
0 0.66757812 0.37525879 0.01484375 0.02173913
0 0.32460937 0.36024844 0.01640625 0.02277432
0 0.57265625 0.29554865 0.0203125 0.02587991
0 0.6203125 0.28002070 0.0140625 0.01552795
0 0.54921875 0.26863354 0.0140625 0.01552795
0 0.4171875 0.25828157 0.01875 0.02587991
0 0.64296875 0.22101449 0.0234375 0.04658385
0 0.43359375 0.15113871 0.0234375 0.01449275
0 0.63867187 0.12422360 0.01953125 0.02277432
0 0.36914062 0.11594202 0.01171875 0.02484472
0 0.62460937 0.08643892 0.01328125 0.01552795
0 0.60078125 0.07971014 0.0140625 0.02070393