0 0.44414062 0.97412008 0.01328125 0.01242236
0 0.340625 0.97049689 0.009375 0.01138716
0 0.58476562 0.95703933 0.01015625 0.01138716
0 0.31484375 0.95289855 0.0171875 0.02380952
0 0.3796875 0.94306418 0.0125 0.01656314
0 0.51679687 0.93426501 0.00703125 0.01966873
0 0.60742187 0.91977225 0.01328125 0.01138716
0 0.3453125 0.91977225 0.0109375 0.02173913
0 0.57851562 0.91821946 0.02265625 0.04347826
0 0.50664062 0.89699792 0.00859375 0.00931677
0 0.45703125 0.88612836 0.009375 0.01242236
0 0.534375 0.88354037 0.0171875 0.02380952
0 0.40273437 0.87577639 0.00859375 0.01449275
0 0.32578125 0.86438923 0.009375 0.01242236
0 0.49492187 0.86335403 0.01328125 0.01449275
0 0.5734375 0.83281573 0.0140625 0.02173913
0 0.34335937 0.82453416 0.01171875 0.01138716
0 0.6640625 0.82039337 0.0078125 0.01138716
0 0.54023437 0.79296066 0.01171875 0.01449275
0 0.6515625 0.77898550 0.0109375 0.01138716
0 0.52578125 0.76863354 0.0171875 0.01138716
0 0.59023437 0.76190476 0.01171875 0.01863354
0 0.4015625 0.76138716 0.0109375 0.01759834
0 0.5515625 0.75207039 0.0078125 0.01138716
0 0.37578125 0.74896480 0.009375 0.02173913
0 0.66171875 0.73447204 0.0125 0.01552795
0 0.61953125 0.73084886 0.0140625 0.01242236
0 0.5578125 0.71946169 0.0078125 0.01242236
0 0.33789062 0.69979296 0.00859375 0.01035196
0 0.54765625 0.69824016 0.0109375 0.01759834
0 0.6046875 0.69720496 0.0171875 0.02380952
0 0.29570312 0.67650103 0.01328125 0.01552795
0 0.68398437 0.66614906 0.01484375 0.01759834
0 0.63164062 0.65993788 0.00859375 0.01345755
0 0.56914062 0.65476190 0.01953125 0.02380952
0 0.63554687 0.64026915 0.01171875 0.02380952
0 0.40117187 0.62060041 0.01015625 0.01138716
0 0.4578125 0.60817805 0.0265625 0.01552795
0 0.58476562 0.59265010 0.01171875 0.01345755
0 0.4765625 0.55745341 0.0109375 0.01759834
0 0.36875 0.54399585 0.015625 0.01966873
0 0.48085937 0.51915113 0.01171875 0.02380952
0 0.33984375 0.51293995 0.0109375 0.01552795
0 0.46484375 0.50879917 0.0171875 0.02380952
0 0.68632812 0.50414078 0.01171875 0.01656314
0 0.37148437 0.49275362 0.01796875 0.01656314
0 0.53125 0.48706004 0.0125 0.01552795
0 0.49570312 0.48136645 0.01953125 0.01863354
0 0.453125 0.47463768 0.0171875 0.02380952
0 0.48710937 0.43581780 0.00859375 0.01242236
0 0.61523437 0.42753623 0.01328125 0.01449275
0 0.42578125 0.42184265 0.0125 0.01759834
0 0.47578125 0.41459627 0.0109375 0.01552795
0 0.45 0.39389233 0.009375 0.01138716
0 0.39296875 0.39389233 0.0171875 0.02380952
0 0.48515625 0.38664596 0.0125 0.01345755
0 0.65898437 0.37267080 0.00859375 0.01449275
0 0.41523437 0.37474120 0.01484375 0.02277432
0 0.39882812 0.37060041 0.01015625 0.01449275
0 0.45117187 0.35559006 0.00859375 0.01138716
0 0.51015625 0.33747412 0.0109375 0.01449275
0 0.39726562 0.31625258 0.00859375 0.01138716
0 0.47929687 0.31211180 0.00859375 0.01138716
0 0.59570312 0.30952380 0.01640625 0.01449275
0 0.58671875 0.29296066 0.0109375 0.01656314
0 0.40898437 0.30538302 0.01796875 0.04968944
0 0.51796875 0.28623188 0.0109375 0.01759834
0 0.34609375 0.27898550 0.0140625 0.01345755
0 0.54453125 0.26086956 0.0109375 0.01449275
0 0.39960937 0.25258799 0.02265625 0.03312629
0 0.38515625 0.21790890 0.0140625 0.01759834
0 0.6484375 0.19151138 0.009375 0.01242236
0 0.47109375 0.19202898 0.0171875 0.02380952
0 0.41054687 0.19461697 0.01171875 0.02898550
0 0.55742187 0.18737060 0.01640625 0.02277432
0 0.33984375 0.17028985 0.0171875 0.02380952
0 0.56796875 0.15786749 0.0171875 0.02380952
0 0.3578125 0.14337474 0.009375 0.01345755
0 0.64609375 0.14596273 0.009375 0.02691511
0 0.621875 0.13975155 0.009375 0.01863354
0 0.3375 0.14130434 0.0078125 0.02380952
0 0.53320312 0.12422360 0.01953125 0.01863354
0 0.503125 0.11956521 0.0171875 0.02380952
0 0.36992187 0.11853002 0.02109375 0.02587991
0 0.45390625 0.10196687 0.0078125 0.03002070
0 0.37695312 0.08643892 0.01171875 0.01345755
0 0.48125 0.08333333 0.015625 0.01966873
0 0.5390625 0.06055900 0.0109375 0.01759834
0 0.49023437 0.03364389 0.00859375 0.01966873
0 0.4546875 0.02380952 0.0078125 0.02070393
0 0.50234375 0.01345755 0.009375 0.01656314