0 0.41953125 0.87474120 0.0171875 0.01656314
0 0.53867187 0.84368530 0.02109375 0.02691511
0 0.44179687 0.82349896 0.01640625 0.04037267
0 0.62109375 0.79554865 0.0203125 0.02795031
0 0.64023437 0.77018633 0.01953125 0.03312629
0 0.55625 0.72826086 0.0125 0.02380952
0 0.559375 0.62318840 0.021875 0.01863354
0 0.42539062 0.53416149 0.02890625 0.04761904
0 0.3890625 0.45755693 0.0140625 0.02484472
0 0.43164062 0.43840579 0.01796875 0.01966873
0 0.6453125 0.41252587 0.0203125 0.02173913
0 0.375 0.33436853 0.015625 0.02484472
0 0.39492187 0.32349896 0.01640625 0.01552795
0 0.47617187 0.28623188 0.01328125 0.01759834
0 0.58828125 0.24120082 0.0140625 0.02070393
0 0.45039062 0.24120082 0.01484375 0.02484472
0 0.346875 0.11231884 0.0203125 0.02587991
0 0.61015625 0.07971014 0.0140625 0.05175983