0 0.45820312 0.89130434 0.02109375 0.02484472
0 0.57851562 0.88509316 0.01796875 0.01656314
0 0.63828125 0.82971014 0.021875 0.02587991
0 0.65078125 0.79710144 0.0390625 0.03726708
0 0.35195312 0.78416149 0.01328125 0.02380952
0 0.390625 0.73964803 0.0171875 0.02173913
0 0.59765625 0.69409937 0.0125 0.01552795
0 0.62851562 0.65165631 0.01328125 0.02173913
0 0.51171875 0.56262939 0.01875 0.02173913
0 0.33632812 0.50569358 0.01640625 0.01966873
0 0.465625 0.48550724 0.0171875 0.03105590
0 0.42773437 0.47877846 0.01796875 0.01966873
0 0.540625 0.39130434 0.021875 0.01449275
0 0.45664062 0.37474120 0.01328125 0.02277432
0 0.6390625 0.36283643 0.01875 0.01759834
0 0.540625 0.36438923 0.021875 0.02070393
0 0.38671875 0.35559006 0.03125 0.02380952
0 0.5078125 0.29606625 0.015625 0.02484472
0 0.46210937 0.25569358 0.03046875 0.02070393
0 0.53945312 0.18685300 0.01796875 0.02380952
0 0.59921875 0.07971014 0.0140625 0.05175983
0 0.3765625 0.07971014 0.025 0.05175983