0 0.60898437 0.98498964 0.02109375 0.01966873
0 0.28789062 0.98136645 0.01015625 0.01242236
0 0.31484375 0.96946169 0.009375 0.01345755
0 0.61914062 0.95652173 0.01015625 0.01242236
0 0.65273437 0.95134575 0.01171875 0.02277432
0 0.37695312 0.93892339 0.01171875 0.01863354
0 0.40351562 0.91977225 0.01171875 0.01759834
0 0.50703125 0.91200828 0.021875 0.02898550
0 0.36328125 0.90424430 0.0171875 0.02380952
0 0.66523437 0.88768115 0.01015625 0.01552795
0 0.32578125 0.88768115 0.0125 0.01759834
0 0.43984375 0.88302277 0.009375 0.01242236
0 0.59296875 0.88043478 0.0109375 0.01345755
0 0.64882812 0.86594202 0.01953125 0.01966873
0 0.67382812 0.86231884 0.01484375 0.01656314
0 0.37773437 0.84937888 0.01328125 0.01138716
0 0.58359375 0.82453416 0.009375 0.01759834
0 0.67382812 0.79037267 0.01640625 0.01552795
0 0.64921875 0.78726708 0.009375 0.01138716
0 0.49609375 0.78571428 0.0078125 0.01656314
0 0.36171875 0.78416149 0.0171875 0.02380952
0 0.5046875 0.76501035 0.009375 0.01242236
0 0.31835937 0.75983436 0.01015625 0.01449275
0 0.36484375 0.75155279 0.0078125 0.02277432
0 0.48398437 0.72774327 0.01640625 0.01035196
0 0.46015625 0.70082815 0.01875 0.01656314
0 0.590625 0.69461697 0.0140625 0.01449275
0 0.44179687 0.68892339 0.01015625 0.01552795
0 0.56914062 0.66304347 0.01171875 0.02173913
0 0.58320312 0.65062111 0.01015625 0.01966873
0 0.60859375 0.63354037 0.0125 0.01242236
0 0.34179687 0.63354037 0.00859375 0.01656314
0 0.46992187 0.62215320 0.01484375 0.01863354
0 0.50703125 0.61076604 0.009375 0.01242236
0 0.56328125 0.61231884 0.0125 0.01759834
0 0.66992187 0.60248447 0.01171875 0.01656314
0 0.575 0.58747412 0.0171875 0.02380952
0 0.371875 0.58074534 0.0125 0.01863354
0 0.29375 0.57763975 0.0109375 0.01242236
0 0.34140625 0.54606625 0.0109375 0.01138716
0 0.5546875 0.53260869 0.0140625 0.01138716
0 0.56289062 0.52070393 0.01796875 0.01449275
0 0.43789062 0.52173913 0.01953125 0.01863354
0 0.45195312 0.50879917 0.01328125 0.01345755
0 0.50507812 0.49741200 0.00859375 0.01138716
0 0.3625 0.49844720 0.009375 0.02380952
0 0.3421875 0.48757763 0.0125 0.02277432
0 0.4453125 0.47826086 0.015625 0.01449275
0 0.29570312 0.44254658 0.01328125 0.01759834
0 0.5234375 0.44461697 0.0171875 0.02380952
0 0.58007812 0.43685300 0.01015625 0.01242236
0 0.34140625 0.44461697 0.0171875 0.03002070
0 0.62539062 0.43581780 0.01171875 0.01863354
0 0.31523437 0.42753623 0.01328125 0.01863354
0 0.46445312 0.41614906 0.00703125 0.01863354
0 0.553125 0.41149068 0.0171875 0.01138716
0 0.64101562 0.40683229 0.00859375 0.01449275
0 0.60546875 0.40424430 0.0171875 0.02380952
0 0.49960937 0.38768115 0.01484375 0.01345755
0 0.55078125 0.37681159 0.009375 0.01242236
0 0.65273437 0.37111801 0.01171875 0.01759834
0 0.41328125 0.38509316 0.0171875 0.04554865
0 0.63085937 0.33540372 0.01328125 0.01449275
0 0.37421875 0.31728778 0.0125 0.01759834
0 0.59140625 0.31573498 0.028125 0.01656314
0 0.45195312 0.31728778 0.02578125 0.04037267
0 0.38242187 0.30020703 0.01640625 0.01035196
0 0.33828125 0.28830227 0.0171875 0.02380952
0 0.48242187 0.28053830 0.01171875 0.01449275
0 0.35429687 0.27587991 0.01015625 0.03002070
0 0.39257812 0.26552795 0.01640625 0.01138716
0 0.47460937 0.25103519 0.01015625 0.01138716
0 0.55820312 0.24792960 0.00859375 0.01966873
0 0.37421875 0.24637681 0.0140625 0.01863354
0 0.43554687 0.23913043 0.01640625 0.01863354
0 0.41679687 0.23602484 0.01484375 0.01656314
0 0.58671875 0.19409937 0.0171875 0.02380952
0 0.3484375 0.17805383 0.009375 0.02277432
0 0.390625 0.17391304 0.0140625 0.01863354
0 0.603125 0.15217391 0.0140625 0.01035196
0 0.52226562 0.14751552 0.01015625 0.01345755
0 0.50234375 0.15579710 0.0125 0.03209109
0 0.63671875 0.14389233 0.0078125 0.01863354
0 0.57109375 0.14337474 0.0203125 0.01966873
0 0.48515625 0.11490683 0.015625 0.01656314
0 0.47265625 0.09368530 0.0109375 0.01552795
0 0.62460937 0.09161490 0.01328125 0.01759834
0 0.540625 0.10455486 0.025 0.04968944
0 0.43085937 0.08022774 0.01171875 0.01552795
0 0.58515625 0.07298136 0.009375 0.01552795
0 0.61484375 0.06935817 0.0078125 0.01863354
0 0.49765625 0.01138716 0.01875 0.01656314
0 0.4734375 0.01138716 0.0171875 0.02277432