0 0.328125 0.96739130 0.0125 0.01552795
0 0.68984375 0.96118012 0.0078125 0.01345755
0 0.5140625 0.94254658 0.0140625 0.01345755
0 0.60117187 0.93788819 0.00859375 0.01449275
0 0.5375 0.91666666 0.0078125 0.01759834
0 0.50703125 0.90631469 0.0171875 0.01138716
0 0.37304687 0.91149068 0.02109375 0.03002070
0 0.409375 0.89699792 0.009375 0.01966873
0 0.65976562 0.88509316 0.01015625 0.01242236
0 0.39648437 0.88664596 0.01484375 0.01966873
0 0.49140625 0.88923395 0.0171875 0.02898550
0 0.34023437 0.86542443 0.01484375 0.02070393
0 0.55273437 0.86180124 0.00703125 0.01759834
0 0.396875 0.85351966 0.0078125 0.01345755
0 0.51054687 0.85144927 0.01171875 0.01345755
0 0.31601562 0.81728778 0.01015625 0.01345755
0 0.4484375 0.80952380 0.0078125 0.01242236
0 0.29648437 0.80797101 0.01640625 0.03002070
0 0.565625 0.77639751 0.0140625 0.01449275
0 0.34023437 0.77173913 0.01015625 0.01966873
0 0.66953125 0.76708074 0.0125 0.01242236
0 0.45585937 0.76293995 0.01328125 0.01035196
0 0.31367187 0.77122153 0.01015625 0.02691511
0 0.59414062 0.75672877 0.01171875 0.01656314
0 0.5671875 0.74637681 0.0125 0.01242236
0 0.31757812 0.74223602 0.01171875 0.01449275
0 0.44960937 0.73964803 0.01171875 0.01759834
0 0.66289062 0.72619047 0.01015625 0.02587991
0 0.61367187 0.71842650 0.00859375 0.01449275
0 0.425 0.67080745 0.0109375 0.02277432
0 0.39023437 0.66614906 0.01484375 0.01552795
0 0.60703125 0.66563146 0.0125 0.01656314
0 0.5703125 0.66666666 0.0140625 0.02070393
0 0.48398437 0.64233954 0.02578125 0.02587991
0 0.34804687 0.63716356 0.01328125 0.01966873
0 0.57890625 0.63302277 0.0125 0.01759834
0 0.47734375 0.59989648 0.0171875 0.02380952
0 0.496875 0.58333333 0.009375 0.01759834
0 0.484375 0.56211180 0.0109375 0.01449275
0 0.34335937 0.54606625 0.00703125 0.01345755
0 0.43007812 0.53881987 0.01484375 0.02173913
0 0.31015625 0.51552795 0.0140625 0.01656314
0 0.37539062 0.49585921 0.01796875 0.01242236
0 0.58710937 0.48550724 0.01328125 0.01449275
0 0.54257812 0.47774327 0.01171875 0.01345755
0 0.43632812 0.45289855 0.01171875 0.02587991
0 0.46289062 0.43944099 0.01171875 0.01759834
0 0.325 0.43271221 0.0109375 0.01242236
0 0.61484375 0.42857142 0.009375 0.01242236
0 0.30585937 0.42598343 0.01015625 0.00931677
0 0.42578125 0.42494824 0.021875 0.02795031
0 0.375 0.41459627 0.0171875 0.02380952
0 0.29492187 0.41149068 0.00703125 0.01966873
0 0.5375 0.39337474 0.0109375 0.01242236
0 0.4 0.38612836 0.0109375 0.01656314
0 0.54726562 0.38146997 0.01015625 0.01345755
0 0.58203125 0.37577639 0.021875 0.02691511
0 0.5640625 0.36438923 0.009375 0.01449275
0 0.6109375 0.35610766 0.01875 0.01863354
0 0.51210937 0.35144927 0.00859375 0.01345755
0 0.48007812 0.32815734 0.01171875 0.01242236
0 0.56132812 0.31935817 0.01328125 0.01345755
0 0.33203125 0.32091097 0.0125 0.01863354
0 0.39414062 0.31521739 0.00859375 0.01138716
0 0.45703125 0.31159420 0.009375 0.01656314
0 0.53945312 0.29347826 0.01015625 0.01345755
0 0.43320312 0.28830227 0.01171875 0.01552795
0 0.4046875 0.28674948 0.0265625 0.02484472
0 0.60429687 0.27018633 0.01171875 0.01242236
0 0.56601562 0.27070393 0.01328125 0.01345755
0 0.45703125 0.25621118 0.0078125 0.02173913
0 0.39414062 0.23913043 0.01953125 0.02691511
0 0.53984375 0.20445134 0.009375 0.02173913
0 0.41523437 0.19927536 0.01171875 0.01345755
0 0.47929687 0.17443064 0.01171875 0.01759834
0 0.41875 0.16356107 0.0125 0.02277432
0 0.44882812 0.14803312 0.01015625 0.01449275
0 0.5796875 0.13716356 0.0109375 0.01138716
0 0.40039062 0.12681159 0.01015625 0.01345755
0 0.621875 0.12370600 0.0140625 0.01759834
0 0.503125 0.09057971 0.0125 0.01552795
0 0.390625 0.08126293 0.0140625 0.01552795
0 0.3671875 0.08281573 0.01875 0.02070393
0 0.3375 0.07298136 0.009375 0.01345755
0 0.59375 0.06677018 0.021875 0.00931677
0 0.45117187 0.06469979 0.01328125 0.01138716
0 0.634375 0.06262939 0.009375 0.01552795
0 0.540625 0.00672877 0.009375 0.01345755