0 0.64101562 0.80641821 0.01953125 0.04140786
0 0.55976562 0.76811594 0.01640625 0.02277432
0 0.56289062 0.70703933 0.03671875 0.04761904
0 0.3609375 0.52587991 0.0375 0.03726708
0 0.3890625 0.45755693 0.0140625 0.02484472
0 0.45703125 0.42701863 0.015625 0.02587991
0 0.540625 0.39130434 0.021875 0.01449275
0 0.3765625 0.34523809 0.01875 0.01345755
0 0.51601562 0.34472049 0.01171875 0.02277432
0 0.3953125 0.29037267 0.015625 0.02380952
0 0.42382812 0.26345755 0.02421875 0.01552795
0 0.60507812 0.23188405 0.01640625 0.02484472
0 0.44335937 0.22308488 0.01171875 0.01759834
0 0.37109375 0.07971014 0.0140625 0.05175983