0 0.42226562 0.99585921 0.00703125 0.00828157
0 0.57578125 0.97308488 0.0171875 0.02070393
0 0.409375 0.97619047 0.0265625 0.02898550
0 0.49960937 0.93633540 0.01015625 0.01138716
0 0.28789062 0.92391304 0.01484375 0.01966873
0 0.6625 0.91666666 0.0078125 0.01345755
0 0.459375 0.89958592 0.0140625 0.02484472
0 0.50078125 0.88095238 0.021875 0.02691511
0 0.59804687 0.87681159 0.02734375 0.02070393
0 0.34804687 0.86231884 0.01015625 0.01035196
0 0.3296875 0.86490683 0.0125 0.02173913
0 0.36679687 0.85973084 0.01171875 0.01552795
0 0.3078125 0.85869565 0.0140625 0.01552795
0 0.43359375 0.84213250 0.0125 0.01552795
0 0.675 0.82919254 0.0140625 0.01449275
0 0.51015625 0.82194616 0.015625 0.02070393
0 0.4421875 0.81107660 0.0171875 0.02380952
0 0.37109375 0.79917184 0.015625 0.01863354
0 0.31796875 0.78364389 0.009375 0.01242236
0 0.496875 0.77484472 0.015625 0.01759834
0 0.46796875 0.75 0.0109375 0.01552795
0 0.42773437 0.74430641 0.01328125 0.01863354
0 0.296875 0.74223602 0.0125 0.01656314
0 0.60898437 0.73033126 0.01171875 0.01345755
0 0.478125 0.72774327 0.01875 0.02277432
0 0.33867187 0.71946169 0.00703125 0.00828157
0 0.62929687 0.72204968 0.01328125 0.01759834
0 0.45117187 0.71428571 0.00859375 0.01656314
0 0.62539062 0.69099378 0.01484375 0.01345755
0 0.57304687 0.68737060 0.01171875 0.01863354
0 0.52734375 0.68685300 0.0140625 0.02380952
0 0.60546875 0.66977225 0.0125 0.01449275
0 0.47070312 0.66407867 0.01171875 0.02173913
0 0.6265625 0.64699792 0.009375 0.01242236
0 0.52929687 0.62163561 0.01015625 0.01552795
0 0.56601562 0.61283643 0.01015625 0.01242236
0 0.46289062 0.61490683 0.01640625 0.01656314
0 0.59765625 0.61490683 0.01875 0.02070393
0 0.42539062 0.60507246 0.02109375 0.02587991
0 0.62148437 0.59316770 0.01171875 0.01449275
0 0.68085937 0.56055900 0.01171875 0.01759834
0 0.4484375 0.56262939 0.009375 0.02587991
0 0.58789062 0.53260869 0.01171875 0.01345755
0 0.31640625 0.53053830 0.0140625 0.01552795
0 0.49648437 0.52070393 0.01015625 0.01035196
0 0.44570312 0.51863354 0.01328125 0.01656314
0 0.52617187 0.51656314 0.01171875 0.01449275
0 0.40507812 0.49792960 0.01328125 0.01656314
0 0.49765625 0.48395445 0.0171875 0.02380952
0 0.58867187 0.47826086 0.01328125 0.01863354
0 0.3390625 0.46325051 0.015625 0.02587991
0 0.45585937 0.45600414 0.01171875 0.01552795
0 0.55976562 0.44720496 0.01328125 0.01449275
0 0.67539062 0.44616977 0.01171875 0.01449275
0 0.60976562 0.44616977 0.01015625 0.01449275
0 0.396875 0.43478260 0.0125 0.01449275
0 0.57304687 0.42494824 0.01015625 0.01345755
0 0.34882812 0.42857142 0.01015625 0.02070393
0 0.52304687 0.39130434 0.00703125 0.02070393
0 0.43632812 0.38354037 0.01171875 0.01552795
0 0.45429687 0.36801242 0.01015625 0.01345755
0 0.33828125 0.34834368 0.0140625 0.01759834
0 0.48164062 0.34265010 0.01015625 0.01449275
0 0.48515625 0.31935817 0.009375 0.01138716
0 0.48828125 0.29140786 0.009375 0.01345755
0 0.34609375 0.28623188 0.0125 0.01138716
0 0.63203125 0.28571428 0.0140625 0.01656314
0 0.44804687 0.26915113 0.01328125 0.01449275
0 0.51523437 0.26604554 0.01484375 0.01656314
0 0.36757812 0.24171842 0.01015625 0.01759834
0 0.54921875 0.20755693 0.0265625 0.03209109
0 0.64765625 0.19772256 0.009375 0.01656314
0 0.34257812 0.19099378 0.01171875 0.01552795
0 0.64414062 0.17443064 0.01171875 0.01966873
0 0.35742187 0.17287784 0.01328125 0.01656314
0 0.48046875 0.17287784 0.015625 0.02484472
0 0.375 0.15683229 0.0171875 0.02380952
0 0.64140625 0.12784679 0.0109375 0.01138716
0 0.5765625 0.10300207 0.0203125 0.01759834
0 0.49179687 0.09937888 0.01015625 0.01242236
0 0.59804687 0.07919254 0.01953125 0.01138716
0 0.41835937 0.07505175 0.01015625 0.01552795
0 0.61835937 0.06935817 0.01015625 0.01449275
0 0.36796875 0.07298136 0.0171875 0.02380952
0 0.38320312 0.06055900 0.01015625 0.01345755
0 0.6296875 0.06107660 0.0140625 0.01863354
0 0.43242187 0.04037267 0.00859375 0.01656314
0 0.609375 0.01708074 0.0125 0.01345755
0 0.64140625 0.00362318 0.0140625 0.00724637