0 0.559375 0.93840579 0.01875 0.01552795
0 0.68242187 0.93219461 0.01796875 0.01966873
0 0.340625 0.87318840 0.0125 0.01552795
0 0.32421875 0.82608695 0.0140625 0.02070393
0 0.5953125 0.77484472 0.015625 0.01345755
0 0.53046875 0.78209109 0.0171875 0.03002070
0 0.55117187 0.74896480 0.00703125 0.00931677
0 0.56367187 0.74430641 0.01640625 0.03105590
0 0.32421875 0.59575569 0.015625 0.01759834
0 0.62773437 0.50621118 0.00859375 0.01449275
0 0.41210937 0.48602484 0.02578125 0.03416149
0 0.43359375 0.46790890 0.0125 0.01449275
0 0.440625 0.45031055 0.0109375 0.01035196
0 0.68203125 0.39958592 0.0140625 0.01656314
0 0.63515625 0.32349896 0.0078125 0.01966873
0 0.5796875 0.31521739 0.0078125 0.02380952
0 0.53867187 0.29451345 0.01171875 0.01966873
0 0.61523437 0.28364389 0.02734375 0.03726708
0 0.5421875 0.05797101 0.0109375 0.01656314