0 0.54023437 0.99482401 0.01171875 0.01035196
0 0.46210937 0.99482401 0.00859375 0.01035196
0 0.5234375 0.98654244 0.0125 0.01035196
0 0.603125 0.98809523 0.0171875 0.02380952
0 0.55585937 0.96325051 0.01328125 0.02173913
0 0.66445312 0.93944099 0.00859375 0.01966873
0 0.53125 0.93581780 0.0125 0.01449275
0 0.5890625 0.93840579 0.01875 0.02587991
0 0.46132812 0.91252587 0.02109375 0.01552795
0 0.37421875 0.90217391 0.0140625 0.01966873
0 0.5265625 0.88043478 0.0171875 0.02380952
0 0.60546875 0.87318840 0.0125 0.01345755
0 0.36210937 0.85766045 0.00859375 0.01552795
0 0.46796875 0.85973084 0.0171875 0.02380952
0 0.434375 0.84057971 0.0171875 0.02691511
0 0.6796875 0.83385093 0.015625 0.01552795
0 0.63203125 0.82660455 0.009375 0.00931677
0 0.57539062 0.82401656 0.01328125 0.01449275
0 0.36484375 0.81469979 0.0125 0.01449275
0 0.65234375 0.80590062 0.0109375 0.00931677
0 0.51132812 0.81159420 0.01328125 0.02484472
0 0.33359375 0.81107660 0.0171875 0.02380952
0 0.46484375 0.80538302 0.0109375 0.01449275
0 0.37890625 0.80383022 0.0109375 0.01552795
0 0.52851562 0.79710144 0.01328125 0.01449275
0 0.59414062 0.79451345 0.00859375 0.01138716
0 0.57265625 0.77329192 0.009375 0.01449275
0 0.55390625 0.77639751 0.025 0.02691511
0 0.41015625 0.77018633 0.009375 0.02070393
0 0.328125 0.76138716 0.0171875 0.02380952
0 0.38320312 0.75310559 0.01328125 0.01552795
0 0.66445312 0.74896480 0.02578125 0.02173913
0 0.35742187 0.74637681 0.02109375 0.02070393
0 0.45820312 0.72877846 0.01171875 0.01863354
0 0.29804687 0.71428571 0.00859375 0.01035196
0 0.55039062 0.69565217 0.01484375 0.02070393
0 0.57226562 0.68271221 0.02109375 0.01759834
0 0.60273437 0.65269151 0.02421875 0.02380952
0 0.56445312 0.63819875 0.00859375 0.01138716
0 0.43554687 0.63146997 0.00703125 0.02691511
0 0.68046875 0.60144927 0.015625 0.02484472
0 0.5875 0.59679089 0.015625 0.01759834
0 0.61796875 0.59679089 0.0109375 0.02587991
0 0.45390625 0.59575569 0.0171875 0.02380952
0 0.37929687 0.59006211 0.01015625 0.01656314
0 0.49570312 0.57763975 0.00859375 0.02070393
0 0.64375 0.54761904 0.0109375 0.01449275
0 0.3125 0.54813664 0.0171875 0.02380952
0 0.52226562 0.52329192 0.01015625 0.01552795
0 0.41523437 0.51863354 0.02890625 0.04761904
0 0.5609375 0.49896480 0.0109375 0.01242236
0 0.471875 0.49068322 0.0109375 0.01449275
0 0.30898437 0.48395445 0.01171875 0.01345755
0 0.52265625 0.47153209 0.0140625 0.01552795
0 0.5609375 0.45496894 0.0125 0.01552795
0 0.54492187 0.43944099 0.01015625 0.03002070
0 0.48515625 0.42960662 0.009375 0.01035196
0 0.5296875 0.40734989 0.0203125 0.03209109
0 0.65664062 0.39492753 0.00859375 0.01345755
0 0.32773437 0.39389233 0.01328125 0.01138716
0 0.640625 0.39803312 0.0171875 0.02380952
0 0.56796875 0.38871635 0.0109375 0.01345755
0 0.54335937 0.38095238 0.01328125 0.01242236
0 0.42304687 0.39182194 0.01796875 0.03416149
0 0.3875 0.32763975 0.0125 0.01552795
0 0.58164062 0.31366459 0.01484375 0.01863354
0 0.4375 0.31262939 0.015625 0.02070393
0 0.56054687 0.30383022 0.01015625 0.01552795
0 0.5828125 0.27484472 0.0171875 0.01138716
0 0.56875 0.27846790 0.009375 0.02070393
0 0.634375 0.26863354 0.0109375 0.01345755
0 0.53632812 0.21687370 0.01328125 0.01759834
0 0.57421875 0.18788819 0.015625 0.01345755
0 0.403125 0.16718426 0.0171875 0.02380952
0 0.59726562 0.16666666 0.01015625 0.03933747
0 0.45273437 0.13923395 0.01015625 0.01966873
0 0.49648437 0.12163561 0.01796875 0.01345755
0 0.57578125 0.11335403 0.009375 0.01552795
0 0.33164062 0.10921325 0.01015625 0.01345755
0 0.55117187 0.10610766 0.01015625 0.01966873
0 0.61015625 0.08902691 0.0109375 0.01449275
0 0.37382812 0.07712215 0.00859375 0.01345755
0 0.55976562 0.07039337 0.00859375 0.01035196
0 0.6 0.06935817 0.0109375 0.01242236
0 0.40859375 0.06262939 0.0234375 0.02795031
0 0.66640625 0.03260869 0.01875 0.01966873
0 0.45117187 0.02432712 0.01328125 0.01345755
0 0.35585937 0.00879917 0.01015625 0.01138716