0 0.35546875 0.85144927 0.046875 0.06314699
0 0.63945312 0.81573498 0.01171875 0.02277432
0 0.31757812 0.80641821 0.02109375 0.07246376
0 0.36835937 0.73861283 0.01640625 0.02380952
0 0.59804687 0.71583850 0.01484375 0.01552795
0 0.51171875 0.56262939 0.01875 0.02173913
0 0.44453125 0.54399585 0.0234375 0.01552795
0 0.38125 0.52329192 0.015625 0.02380952
0 0.3390625 0.53416149 0.0453125 0.05590062
0 0.5671875 0.46687370 0.025 0.02277432
0 0.4578125 0.43788819 0.0171875 0.01449275
0 0.56328125 0.42546583 0.0171875 0.02898550
0 0.6046875 0.39958592 0.0203125 0.02691511
0 0.41328125 0.39544513 0.0125 0.02277432
0 0.328125 0.38664596 0.0140625 0.02380952
0 0.57460937 0.35351966 0.02734375 0.02587991
0 0.47617187 0.32763975 0.01328125 0.01552795
0 0.49375 0.32815734 0.0140625 0.02070393
0 0.63359375 0.32660455 0.01875 0.02173913
0 0.42265625 0.29554865 0.0296875 0.02173913
0 0.4921875 0.27846790 0.015625 0.02898550
0 0.55546875 0.25465838 0.0203125 0.02898550
0 0.62109375 0.22670807 0.0140625 0.02070393
0 0.4390625 0.15631469 0.028125 0.02691511
0 0.58125 0.13612836 0.01875 0.01552795
0 0.609375 0.09523809 0.0125 0.02070393
0 0.63515625 0.07919254 0.0203125 0.05279503