0 0.3234375 0.86490683 0.0109375 0.02173913
0 0.31640625 0.80693581 0.015625 0.01966873
0 0.55976562 0.76811594 0.01640625 0.02277432
0 0.61367187 0.73757763 0.01796875 0.02380952
0 0.4578125 0.74171842 0.015625 0.04037267
0 0.41796875 0.74171842 0.0328125 0.04037267
0 0.60742187 0.69358178 0.01953125 0.02277432
0 0.58789062 0.68012422 0.01171875 0.02070393
0 0.55820312 0.67339544 0.02734375 0.03623188
0 0.38789062 0.53416149 0.02890625 0.04761904
0 0.52929687 0.49275362 0.02421875 0.02277432
0 0.5921875 0.47515527 0.021875 0.02277432
0 0.3078125 0.47360248 0.01875 0.04451345
0 0.40625 0.45755693 0.0171875 0.02484472
0 0.371875 0.45652173 0.01875 0.02484472
0 0.58164062 0.43892339 0.02578125 0.02691511
0 0.45703125 0.42701863 0.015625 0.02587991
0 0.60664062 0.41252587 0.01328125 0.02587991
0 0.3953125 0.33488612 0.015625 0.02380952
0 0.51328125 0.32091097 0.0171875 0.03105590
0 0.5328125 0.30693581 0.0203125 0.01552795
0 0.37539062 0.31159420 0.01640625 0.02484472
0 0.61992187 0.30538302 0.01328125 0.02691511
0 0.55546875 0.25465838 0.0203125 0.02898550
0 0.62421875 0.22826086 0.0171875 0.02795031
0 0.36640625 0.14182194 0.0203125 0.02691511