0 0.44375 0.97412008 0.021875 0.02277432
0 0.36367187 0.94151138 0.01328125 0.00931677
0 0.54609375 0.87318840 0.0234375 0.03416149
0 0.48007812 0.80434782 0.01484375 0.02691511
0 0.55507812 0.77743271 0.01328125 0.01863354
0 0.48398437 0.77795031 0.01484375 0.02380952
0 0.45507812 0.75569358 0.02109375 0.01863354
0 0.6265625 0.74378881 0.01875 0.02795031
0 0.4125 0.72929606 0.0140625 0.02173913
0 0.50859375 0.72101449 0.0125 0.01966873
0 0.65546875 0.65527950 0.021875 0.02898550
0 0.546875 0.62267080 0.009375 0.02587991
0 0.42148437 0.59161490 0.01484375 0.01966873
0 0.30742187 0.54865424 0.01640625 0.02691511
0 0.325 0.54399585 0.015625 0.02173913
0 0.32890625 0.48757763 0.015625 0.02070393
0 0.51757812 0.48188405 0.01171875 0.02173913
0 0.375 0.46894409 0.0171875 0.01863354
0 0.58007812 0.42805383 0.02109375 0.02795031
0 0.38359375 0.38405797 0.0125 0.02277432
0 0.3578125 0.31366459 0.0171875 0.01035196
0 0.41953125 0.31211180 0.0203125 0.01759834
0 0.6265625 0.25414078 0.0140625 0.01966873
0 0.63085937 0.17028985 0.01796875 0.03209109
0 0.36328125 0.07556935 0.0125 0.01656314