0 0.61015625 0.99171842 0.0140625 0.01656314
0 0.36523437 0.96894409 0.01015625 0.02070393
0 0.44570312 0.94875776 0.01484375 0.03002070
0 0.409375 0.92080745 0.0171875 0.02380952
0 0.65585937 0.90527950 0.01015625 0.01138716
0 0.46484375 0.88716356 0.03125 0.02898550
0 0.57382812 0.86749482 0.01953125 0.01449275
0 0.45234375 0.85041407 0.0140625 0.01759834
0 0.315625 0.84834368 0.0109375 0.01552795
0 0.64882812 0.84627329 0.01171875 0.01759834
0 0.61601562 0.81884057 0.01328125 0.01449275
0 0.3515625 0.81832298 0.0140625 0.01966873
0 0.42890625 0.82298136 0.0234375 0.03933747
0 0.65351562 0.80434782 0.01953125 0.01656314
0 0.3734375 0.80331262 0.009375 0.01449275
0 0.5671875 0.79968944 0.021875 0.01345755
0 0.52695312 0.79451345 0.01796875 0.01759834
0 0.63671875 0.76552795 0.009375 0.01552795
0 0.66796875 0.76656314 0.0203125 0.02795031
0 0.5609375 0.75621118 0.009375 0.01345755
0 0.5296875 0.75207039 0.009375 0.01138716
0 0.334375 0.73654244 0.015625 0.00931677
0 0.42695312 0.73240165 0.01015625 0.01345755
0 0.41601562 0.69824016 0.01015625 0.01345755
0 0.36484375 0.69875776 0.01875 0.01449275
0 0.49492187 0.66718426 0.01328125 0.01759834
0 0.51328125 0.65786749 0.009375 0.01345755
0 0.4703125 0.66097308 0.01875 0.02795031
0 0.62773437 0.63354037 0.02890625 0.02070393
0 0.43046875 0.60921325 0.0109375 0.01345755
0 0.56796875 0.61697722 0.015625 0.03519668
0 0.35546875 0.61024844 0.0171875 0.02380952
0 0.37578125 0.56935817 0.0125 0.01449275
0 0.42929687 0.55020703 0.00859375 0.01966873
0 0.5 0.54968944 0.0125 0.02070393
0 0.609375 0.52950310 0.0109375 0.01759834
0 0.65390625 0.51708074 0.0171875 0.02380952
0 0.590625 0.49741200 0.0171875 0.02380952
0 0.43515625 0.49327122 0.0109375 0.01552795
0 0.67226562 0.47722567 0.01640625 0.01449275
0 0.309375 0.43944099 0.0125 0.01759834
0 0.50898437 0.42753623 0.01015625 0.01449275
0 0.6546875 0.42236024 0.0109375 0.01449275
0 0.35585937 0.40424430 0.00859375 0.01552795
0 0.39296875 0.40165631 0.0078125 0.02277432
0 0.30976562 0.39803312 0.01015625 0.01552795
0 0.61679687 0.38871635 0.01171875 0.01552795
0 0.56757812 0.37732919 0.01015625 0.01138716
0 0.34375 0.37163561 0.0234375 0.01035196
0 0.37851562 0.33488612 0.01015625 0.01345755
0 0.54921875 0.32971014 0.0140625 0.01966873
0 0.38515625 0.34109730 0.0234375 0.05279503
0 0.40546875 0.31987577 0.0125 0.01449275
0 0.33203125 0.32556935 0.0125 0.02587991
0 0.5296875 0.30538302 0.0109375 0.01242236
0 0.35117187 0.30020703 0.02421875 0.02484472
0 0.38125 0.29503105 0.0109375 0.01656314
0 0.43164062 0.29192546 0.02734375 0.02691511
0 0.61601562 0.27329192 0.01484375 0.02070393
0 0.46757812 0.25362318 0.01171875 0.01242236
0 0.59882812 0.23913043 0.01328125 0.01656314
0 0.45117187 0.23136645 0.00859375 0.01345755
0 0.48164062 0.23291925 0.01484375 0.02070393
0 0.64492187 0.22981366 0.01171875 0.01656314
0 0.38554687 0.21946169 0.01484375 0.01656314
0 0.590625 0.20289855 0.0140625 0.01449275
0 0.4890625 0.19668737 0.0171875 0.01242236
0 0.36484375 0.19616977 0.015625 0.02380952
0 0.33828125 0.16925465 0.015625 0.01345755
0 0.58945312 0.15062111 0.01328125 0.01552795
0 0.4 0.13716356 0.0109375 0.01345755
0 0.54414062 0.13354037 0.01328125 0.01242236
0 0.33359375 0.13250517 0.0125 0.01242236
0 0.3796875 0.13095238 0.0171875 0.02380952
0 0.59375 0.12629399 0.0125 0.01656314
0 0.49453125 0.12318840 0.0078125 0.01449275
0 0.559375 0.10041407 0.0125 0.01242236
0 0.59804687 0.08178053 0.00859375 0.01656314
0 0.4953125 0.07608695 0.0109375 0.01345755
0 0.60898437 0.07505175 0.01015625 0.01552795
0 0.45742187 0.06573498 0.02578125 0.01345755
0 0.63710937 0.06677018 0.02421875 0.03623188