0 0.65820312 0.98550724 0.01328125 0.01035196
0 0.41523437 0.98447204 0.02265625 0.01035196
0 0.50390625 0.97981366 0.0171875 0.02380952
0 0.55390625 0.95652173 0.009375 0.01656314
0 0.371875 0.94254658 0.0171875 0.02173913
0 0.61328125 0.94254658 0.0140625 0.02587991
0 0.4296875 0.90424430 0.0171875 0.02380952
0 0.31757812 0.88302277 0.01171875 0.01242236
0 0.65390625 0.87577639 0.009375 0.01242236
0 0.34648437 0.87370600 0.01015625 0.01449275
0 0.51015625 0.86231884 0.015625 0.02484472
0 0.61484375 0.85921325 0.021875 0.02070393
0 0.53945312 0.82919254 0.01015625 0.01449275
0 0.3625 0.79347826 0.009375 0.01138716
0 0.57265625 0.79140786 0.0203125 0.03002070
0 0.54882812 0.78312629 0.01015625 0.01552795
0 0.30234375 0.78209109 0.0125 0.01552795
0 0.65351562 0.77898550 0.01328125 0.01759834
0 0.62148437 0.77795031 0.01640625 0.02587991
0 0.34140625 0.77070393 0.0109375 0.01552795
0 0.37539062 0.76759834 0.02265625 0.03416149
0 0.57421875 0.76035196 0.0140625 0.02173913
0 0.67226562 0.75465838 0.01328125 0.01863354
0 0.62226562 0.74120082 0.01015625 0.02070393
0 0.56171875 0.73706004 0.0078125 0.01449275
0 0.32617187 0.72153209 0.01171875 0.02070393
0 0.65195312 0.70910973 0.01796875 0.02691511
0 0.34570312 0.69565217 0.01484375 0.01656314
0 0.39726562 0.69927536 0.01171875 0.02587991
0 0.60898437 0.69047619 0.01796875 0.01242236
0 0.496875 0.69254658 0.0375 0.04140786
0 0.33398437 0.67650103 0.01328125 0.01759834
0 0.42421875 0.67857142 0.0125 0.03416149
0 0.36914062 0.66873706 0.00859375 0.01449275
0 0.484375 0.66821946 0.0125 0.01759834
0 0.39570312 0.65320910 0.01328125 0.01242236
0 0.56679687 0.63819875 0.01171875 0.01552795
0 0.41835937 0.63871635 0.01484375 0.01656314
0 0.359375 0.64544513 0.0203125 0.03002070
0 0.67148437 0.62888198 0.00859375 0.01345755
0 0.61054687 0.61645962 0.01328125 0.01552795
0 0.5828125 0.60300207 0.0109375 0.01138716
0 0.30859375 0.60248447 0.0109375 0.01656314
0 0.46679687 0.60196687 0.01171875 0.01759834
0 0.61171875 0.59161490 0.0171875 0.02380952
0 0.35 0.55383022 0.0109375 0.01656314
0 0.54648437 0.55072463 0.01640625 0.02277432
0 0.38046875 0.53519668 0.009375 0.01449275
0 0.31445312 0.54606625 0.03046875 0.05072463
0 0.50273437 0.51345755 0.01328125 0.01449275
0 0.46953125 0.50362318 0.0140625 0.01759834
0 0.36601562 0.50362318 0.01171875 0.01759834
0 0.56914062 0.50258799 0.01015625 0.02173913
0 0.53320312 0.48343685 0.00859375 0.01449275
0 0.45976562 0.47877846 0.01171875 0.01345755
0 0.3734375 0.44151138 0.0125 0.01552795
0 0.45703125 0.44047619 0.0140625 0.01552795
0 0.30507812 0.42908902 0.01171875 0.01552795
0 0.3890625 0.42184265 0.0140625 0.01345755
0 0.49414062 0.42236024 0.01328125 0.02277432
0 0.43320312 0.42132505 0.01484375 0.03105590
0 0.51757812 0.40993788 0.01015625 0.01449275
0 0.6140625 0.39751552 0.009375 0.01242236
0 0.48710937 0.37163561 0.01171875 0.01449275
0 0.40820312 0.37681159 0.00703125 0.03726708
0 0.41640625 0.34782608 0.0125 0.01035196
0 0.57070312 0.34730848 0.01171875 0.01552795
0 0.48203125 0.34627329 0.0109375 0.01345755
0 0.59492187 0.33488612 0.01015625 0.01345755
0 0.5421875 0.32142857 0.0125 0.01966873
0 0.62304687 0.29451345 0.01015625 0.01759834
0 0.459375 0.29192546 0.015625 0.01242236
0 0.47578125 0.28209109 0.0171875 0.02380952
0 0.64960937 0.27070393 0.01015625 0.01759834
0 0.51171875 0.25672877 0.0078125 0.01449275
0 0.45859375 0.20859213 0.0171875 0.02380952
0 0.51171875 0.20496894 0.0125 0.02070393
0 0.55039062 0.18840579 0.01015625 0.02484472
0 0.64453125 0.17287784 0.0109375 0.01449275
0 0.575 0.12784679 0.0171875 0.02380952
0 0.44257812 0.12267080 0.01328125 0.01759834
0 0.51640625 0.11956521 0.0109375 0.01552795
0 0.60703125 0.09989648 0.0171875 0.02380952
0 0.56757812 0.07971014 0.01640625 0.01035196
0 0.36054687 0.07142857 0.01171875 0.01242236
0 0.60234375 0.02743271 0.025 0.01966873
0 0.565625 0.02743271 0.0171875 0.02380952
0 0.63789062 0.01759834 0.01328125 0.01242236
0 0.68085937 0.01604554 0.01953125 0.03209109