0 0.66289062 0.94927536 0.01640625 0.01035196
0 0.3765625 0.92080745 0.0171875 0.01345755
0 0.52851562 0.92132505 0.01484375 0.02277432
0 0.57109375 0.90579710 0.0078125 0.02898550
0 0.51445312 0.89596273 0.01015625 0.01345755
0 0.43085937 0.85714285 0.01171875 0.01656314
0 0.51640625 0.85559006 0.0171875 0.02380952
0 0.66328125 0.84782608 0.01875 0.01035196
0 0.365625 0.83488612 0.0140625 0.01345755
0 0.34257812 0.82349896 0.01796875 0.01759834
0 0.31601562 0.82763975 0.02265625 0.03002070
0 0.68359375 0.81314699 0.0109375 0.01345755
0 0.5609375 0.80538302 0.0125 0.01449275
0 0.603125 0.80072463 0.0171875 0.02380952
0 0.33632812 0.78209109 0.01015625 0.01552795
0 0.56328125 0.77432712 0.0078125 0.02898550
0 0.58671875 0.76449275 0.009375 0.01345755
0 0.37578125 0.76190476 0.0109375 0.02070393
0 0.40390625 0.74275362 0.009375 0.01138716
0 0.45546875 0.73447204 0.0125 0.00931677
0 0.55507812 0.72256728 0.01171875 0.01449275
0 0.52695312 0.72101449 0.01484375 0.02380952
0 0.4296875 0.72153209 0.01875 0.02484472
0 0.58398437 0.71739130 0.01171875 0.02070393
0 0.6265625 0.70859213 0.009375 0.01552795
0 0.56523437 0.70082815 0.00859375 0.01035196
0 0.6734375 0.68167701 0.0125 0.01759834
0 0.5484375 0.68322981 0.0109375 0.02484472
0 0.42890625 0.67598343 0.0125 0.01863354
0 0.6390625 0.67753623 0.0171875 0.02380952
0 0.55078125 0.65786749 0.0171875 0.02380952
0 0.31914062 0.65269151 0.01484375 0.01552795
0 0.60039062 0.62008281 0.01015625 0.02277432
0 0.39804687 0.59368530 0.01328125 0.02380952
0 0.68398437 0.58799171 0.01328125 0.02070393
0 0.4546875 0.58333333 0.0140625 0.01345755
0 0.41523437 0.58488612 0.01328125 0.01656314
0 0.36601562 0.57401656 0.01953125 0.02173913
0 0.52617187 0.56832298 0.01171875 0.01449275
0 0.5046875 0.56625258 0.0125 0.01449275
0 0.30742187 0.56832298 0.01328125 0.01863354
0 0.44296875 0.55590062 0.009375 0.01035196
0 0.6703125 0.55434782 0.009375 0.01345755
0 0.57578125 0.55383022 0.0109375 0.01656314
0 0.4890625 0.55745341 0.0171875 0.02380952
0 0.3796875 0.54917184 0.0109375 0.01552795
0 0.44570312 0.52898550 0.01171875 0.01449275
0 0.40664062 0.52587991 0.01640625 0.01656314
0 0.50703125 0.48757763 0.015625 0.01863354
0 0.55898437 0.47256728 0.01171875 0.01345755
0 0.58984375 0.47670807 0.015625 0.02587991
0 0.45 0.46842650 0.0171875 0.02380952
0 0.515625 0.45755693 0.0109375 0.01449275
0 0.41054687 0.45082815 0.01328125 0.01345755
0 0.36171875 0.44254658 0.0109375 0.01552795
0 0.37421875 0.43581780 0.0125 0.01449275
0 0.43515625 0.43115942 0.009375 0.01345755
0 0.40507812 0.42391304 0.00859375 0.01138716
0 0.31640625 0.41097308 0.0125 0.01656314
0 0.50625 0.40113871 0.0171875 0.02380952
0 0.61953125 0.38095238 0.0109375 0.01656314
0 0.42304687 0.37111801 0.01328125 0.01759834
0 0.53945312 0.36283643 0.02734375 0.01966873
0 0.3421875 0.35714285 0.0078125 0.01449275
0 0.6390625 0.35093167 0.0296875 0.01656314
0 0.45585937 0.34730848 0.01796875 0.01759834
0 0.42421875 0.33643892 0.009375 0.01242236
0 0.40976562 0.31366459 0.01015625 0.01242236
0 0.44179687 0.30383022 0.01171875 0.01759834
0 0.5921875 0.30279503 0.0109375 0.03416149
0 0.54140625 0.27587991 0.0140625 0.01759834
0 0.5265625 0.24482401 0.0078125 0.01138716
0 0.40976562 0.23964803 0.01171875 0.01759834
0 0.3578125 0.23861283 0.0171875 0.02380952
0 0.50664062 0.21997929 0.01015625 0.01552795
0 0.38007812 0.20652173 0.01796875 0.01759834
0 0.37851562 0.15786749 0.01171875 0.01552795
0 0.38632812 0.13923395 0.01171875 0.01759834
0 0.56523437 0.09472049 0.01328125 0.01138716
0 0.42890625 0.10093167 0.0234375 0.02380952
0 0.59921875 0.08592132 0.009375 0.01449275
0 0.6359375 0.06262939 0.0109375 0.01345755
0 0.59296875 0.06573498 0.0171875 0.02380952
0 0.38164062 0.05797101 0.00859375 0.01242236
0 0.40234375 0.05486542 0.0109375 0.01449275
0 0.4703125 0.04347826 0.0125 0.02070393
0 0.68398437 0.03830227 0.01484375 0.01863354
0 0.553125 0.02691511 0.015625 0.02277432
0 0.3125 0.01397515 0.0171875 0.02380952