0 0.46328125 0.99430641 0.0125 0.01138716
0 0.4375 0.94513457 0.0109375 0.01035196
0 0.325 0.93322981 0.0171875 0.02380952
0 0.41601562 0.91925465 0.03203125 0.02898550
0 0.3921875 0.90062111 0.0140625 0.01449275
0 0.54882812 0.89699792 0.01328125 0.01345755
0 0.64023437 0.89544513 0.01171875 0.01449275
0 0.58789062 0.89026915 0.01640625 0.01242236
0 0.48242187 0.89078674 0.01953125 0.01345755
0 0.37109375 0.88819875 0.0109375 0.01449275
0 0.61914062 0.86335403 0.01171875 0.01656314
0 0.6328125 0.83022774 0.0125 0.01656314
0 0.5375 0.82039337 0.0171875 0.02380952
0 0.64648437 0.80900621 0.00859375 0.01138716
0 0.4015625 0.80900621 0.0109375 0.01552795
0 0.61835937 0.80124223 0.01171875 0.01242236
0 0.66054687 0.78674948 0.00859375 0.01035196
0 0.5640625 0.77536231 0.0109375 0.01656314
0 0.58867187 0.77484472 0.02578125 0.02173913
0 0.39023437 0.76501035 0.01015625 0.01449275
0 0.54921875 0.76242236 0.0171875 0.02380952
0 0.65429687 0.75310559 0.02890625 0.02795031
0 0.66171875 0.72826086 0.0140625 0.01966873
0 0.38476562 0.72101449 0.01015625 0.01966873
0 0.3546875 0.71583850 0.0140625 0.01759834
0 0.465625 0.71687370 0.0140625 0.03209109
0 0.33359375 0.71273291 0.0171875 0.02380952
0 0.58828125 0.69254658 0.009375 0.01242236
0 0.46054687 0.69047619 0.01484375 0.01035196
0 0.64414062 0.67753623 0.01328125 0.01552795
0 0.40742187 0.66718426 0.00859375 0.01345755
0 0.3859375 0.66511387 0.021875 0.01345755
0 0.47382812 0.66459627 0.01171875 0.01449275
0 0.56953125 0.63405797 0.01875 0.01345755
0 0.49765625 0.61438923 0.015625 0.01138716
0 0.31992187 0.60973084 0.02890625 0.03519668
0 0.37890625 0.59368530 0.0171875 0.02380952
0 0.55351562 0.55175983 0.01328125 0.01656314
0 0.44140625 0.55020703 0.015625 0.03830227
0 0.48554687 0.53985507 0.02421875 0.03209109
0 0.54179687 0.52380952 0.01015625 0.01656314
0 0.68359375 0.51759834 0.0109375 0.01035196
0 0.65820312 0.52484472 0.03203125 0.03519668
0 0.47578125 0.51397515 0.0109375 0.01552795
0 0.45859375 0.51708074 0.0171875 0.02380952
0 0.52773437 0.50828157 0.01171875 0.01035196
0 0.29609375 0.50517598 0.015625 0.02277432
0 0.67382812 0.49016563 0.01953125 0.01966873
0 0.421875 0.47049689 0.0171875 0.02380952
0 0.56796875 0.46273291 0.0125 0.01449275
0 0.3609375 0.43581780 0.0125 0.01656314
0 0.63125 0.43271221 0.0140625 0.01863354
0 0.33867187 0.42494824 0.01015625 0.01345755
0 0.47265625 0.41666666 0.0171875 0.02380952
0 0.68476562 0.40527950 0.01328125 0.01552795
0 0.52460937 0.41097308 0.03515625 0.02898550
0 0.38320312 0.37111801 0.01171875 0.01345755
0 0.63007812 0.32919254 0.01015625 0.01449275
0 0.46992187 0.32660455 0.01328125 0.03209109
0 0.39921875 0.31418219 0.0109375 0.01138716
0 0.54335937 0.31728778 0.02265625 0.02173913
0 0.43554687 0.29761904 0.01171875 0.01966873
0 0.46523437 0.29192546 0.02421875 0.02070393
0 0.56757812 0.28364389 0.01328125 0.02277432
0 0.540625 0.26915113 0.009375 0.01656314
0 0.54921875 0.24637681 0.0125 0.01656314
0 0.48046875 0.25258799 0.025 0.02898550
0 0.60898437 0.24120082 0.01015625 0.01449275
0 0.59453125 0.23913043 0.009375 0.01242236
0 0.5578125 0.23084886 0.0109375 0.01242236
0 0.6421875 0.23240165 0.0171875 0.02380952
0 0.41601562 0.21066252 0.01796875 0.01552795
0 0.45976562 0.20652173 0.02109375 0.01759834
0 0.44921875 0.17650103 0.0171875 0.02380952
0 0.33398437 0.16614906 0.01171875 0.01552795
0 0.42929687 0.12681159 0.02265625 0.01966873
0 0.35429687 0.09368530 0.01328125 0.01345755
0 0.47539062 0.08488612 0.01484375 0.02070393
0 0.42539062 0.07971014 0.01328125 0.01656314
0 0.35625 0.06728778 0.0140625 0.01449275
0 0.62265625 0.06211180 0.0234375 0.01656314
0 0.6859375 0.03364389 0.015625 0.01138716
0 0.64648437 0.02380952 0.01015625 0.01449275