0 0.3171875 0.87784679 0.0140625 0.02070393
0 0.46601562 0.86335403 0.01640625 0.03105590
0 0.409375 0.83229813 0.015625 0.02277432
0 0.31640625 0.80693581 0.015625 0.01966873
0 0.49921875 0.80124223 0.0234375 0.02070393
0 0.5609375 0.73964803 0.01875 0.01759834
0 0.58789062 0.71997929 0.01640625 0.01966873
0 0.56054687 0.53312629 0.02265625 0.04554865
0 0.4296875 0.52277432 0.0203125 0.02484472
0 0.525 0.50517598 0.015625 0.01656314
0 0.43164062 0.43840579 0.01796875 0.01966873
0 0.34570312 0.42753623 0.01796875 0.02484472
0 0.5328125 0.30693581 0.0203125 0.01552795
0 0.52773437 0.28519668 0.01640625 0.01552795
0 0.49375 0.28519668 0.0125 0.01552795
0 0.42382812 0.26345755 0.02421875 0.01552795
0 0.359375 0.08436853 0.0140625 0.01759834