0 0.45234375 0.96480331 0.0171875 0.02277432
0 0.31953125 0.87422360 0.0140625 0.01966873
0 0.45820312 0.83385093 0.01796875 0.02173913
0 0.3125 0.76915113 0.0203125 0.02691511
0 0.41445312 0.68115942 0.01015625 0.01863354
0 0.59101562 0.64958592 0.01640625 0.02173913
0 0.60546875 0.55538302 0.00625 0.00931677
0 0.36914062 0.53519668 0.02734375 0.03933747
0 0.59257812 0.49327122 0.01796875 0.02795031
0 0.3125 0.40010351 0.0140625 0.02380952
0 0.63867187 0.31418219 0.01484375 0.02587991
0 0.33867187 0.28830227 0.01796875 0.02380952
0 0.34960937 0.22256728 0.01328125 0.02070393
0 0.540625 0.14233954 0.0203125 0.02795031