0 0.5265625 0.97256728 0.0171875 0.02380952
0 0.3796875 0.95393374 0.0171875 0.02380952
0 0.42109375 0.94875776 0.0171875 0.02380952
0 0.67265625 0.93012422 0.0078125 0.02173913
0 0.5703125 0.92494824 0.0171875 0.02380952
0 0.41054687 0.90786749 0.01171875 0.01449275
0 0.57734375 0.89596273 0.0171875 0.02380952
0 0.53828125 0.88457556 0.009375 0.01345755
0 0.4125 0.87681159 0.0109375 0.01656314
0 0.33632812 0.85766045 0.00859375 0.01345755
0 0.571875 0.84006211 0.009375 0.01552795
0 0.37890625 0.84213250 0.0171875 0.02380952
0 0.52421875 0.83799171 0.0171875 0.02380952
0 0.34492187 0.83178053 0.00859375 0.01552795
0 0.49414062 0.82349896 0.02265625 0.02380952
0 0.40664062 0.81625258 0.01015625 0.01345755
0 0.4734375 0.81107660 0.009375 0.01138716
0 0.35820312 0.80590062 0.00703125 0.01138716
0 0.61640625 0.79192546 0.0109375 0.01449275
0 0.42617187 0.78312629 0.01015625 0.01552795
0 0.55976562 0.77950310 0.01484375 0.01035196
0 0.48710937 0.78467908 0.01953125 0.02070393
0 0.584375 0.76863354 0.0078125 0.00931677
0 0.46210937 0.76397515 0.01328125 0.01242236
0 0.34296875 0.75776397 0.0125 0.01656314
0 0.40703125 0.75465838 0.009375 0.01242236
0 0.63007812 0.75207039 0.00859375 0.01345755
0 0.66484375 0.75310559 0.0171875 0.02380952
0 0.42421875 0.74534161 0.009375 0.01242236
0 0.34648437 0.74016563 0.01015625 0.01242236
0 0.56914062 0.74016563 0.01328125 0.01656314
0 0.646875 0.72877846 0.0109375 0.01656314
0 0.3 0.72722567 0.0171875 0.02380952
0 0.6296875 0.71118012 0.0203125 0.01656314
0 0.5203125 0.70238095 0.0109375 0.01345755
0 0.56757812 0.67546583 0.00859375 0.01138716
0 0.353125 0.66925465 0.0171875 0.01345755
0 0.459375 0.66097308 0.0125 0.01345755
0 0.38203125 0.62784679 0.0125 0.02173913
0 0.32539062 0.60973084 0.01171875 0.01449275
0 0.51171875 0.61076604 0.0109375 0.02691511
0 0.334375 0.59886128 0.009375 0.01552795
0 0.4125 0.59679089 0.0171875 0.02380952
0 0.48320312 0.58902691 0.01328125 0.02070393
0 0.51132812 0.57660455 0.01484375 0.01863354
0 0.38203125 0.57505175 0.009375 0.01552795
0 0.30234375 0.55797101 0.0078125 0.01863354
0 0.453125 0.54554865 0.0078125 0.01035196
0 0.475 0.53623188 0.0125 0.02070393
0 0.47109375 0.50207039 0.0125 0.01656314
0 0.31796875 0.49844720 0.0125 0.01345755
0 0.31132812 0.46325051 0.01640625 0.01552795
0 0.47070312 0.45910973 0.01796875 0.01966873
0 0.36015625 0.44875776 0.0125 0.01138716
0 0.57539062 0.42287784 0.00859375 0.01345755
0 0.4328125 0.41407867 0.0109375 0.01035196
0 0.32851562 0.41252587 0.01015625 0.01759834
0 0.65117187 0.40424430 0.01171875 0.01138716
0 0.49296875 0.40476190 0.0109375 0.01449275
0 0.65898437 0.39026915 0.01640625 0.01656314
0 0.51015625 0.39078674 0.0171875 0.02380952
0 0.55429687 0.38768115 0.01796875 0.02173913
0 0.46757812 0.38043478 0.01640625 0.01966873
0 0.56835937 0.34420289 0.01015625 0.00931677
0 0.625 0.33954451 0.0125 0.01656314
0 0.58320312 0.33850931 0.01171875 0.01449275
0 0.36757812 0.33747412 0.01484375 0.01242236
0 0.49414062 0.28778467 0.01015625 0.01242236
0 0.58476562 0.27743271 0.01953125 0.01035196
0 0.45195312 0.26863354 0.00859375 0.01759834
0 0.36171875 0.25724637 0.0109375 0.01552795
0 0.57890625 0.24844720 0.0078125 0.01449275
0 0.39453125 0.25310559 0.0203125 0.02587991
0 0.61601562 0.22981366 0.00859375 0.01656314
0 0.5265625 0.22619047 0.0125 0.01138716
0 0.53710937 0.19824016 0.02421875 0.01552795
0 0.57695312 0.19306418 0.01171875 0.01552795
0 0.5734375 0.17132505 0.015625 0.01759834
0 0.5171875 0.16459627 0.0109375 0.01242236
0 0.63789062 0.16821946 0.02578125 0.03830227
0 0.55546875 0.15683229 0.0171875 0.01552795
0 0.37421875 0.14233954 0.0171875 0.02380952
0 0.42851562 0.12525879 0.01640625 0.02484472
0 0.534375 0.11542443 0.0171875 0.02380952
0 0.45976562 0.11283643 0.00703125 0.02691511
0 0.54492187 0.09161490 0.02109375 0.02380952
0 0.61835937 0.07401656 0.02734375 0.02173913
0 0.33515625 0.06055900 0.0109375 0.01759834
0 0.5671875 0.05538302 0.015625 0.00931677
0 0.43398437 0.01242236 0.01953125 0.01449275
0 0.41445312 0.00672877 0.01328125 0.01345755