0 0.3890625 0.97722567 0.0140625 0.02277432
0 0.60429687 0.94461697 0.02109375 0.02380952
0 0.51992187 0.94358178 0.01796875 0.02380952
0 0.63789062 0.93064182 0.01015625 0.02277432
0 0.42695312 0.90476190 0.01328125 0.01656314
0 0.55429687 0.88457556 0.01015625 0.01345755
0 0.34492187 0.88198757 0.01640625 0.01242236
0 0.6578125 0.88250517 0.009375 0.01552795
0 0.50351562 0.86542443 0.01171875 0.01449275
0 0.35703125 0.86387163 0.009375 0.01138716
0 0.46953125 0.87060041 0.0109375 0.02898550
0 0.67617187 0.86438923 0.01328125 0.01863354
0 0.43632812 0.85869565 0.00859375 0.03002070
0 0.5484375 0.84368530 0.0109375 0.01863354
0 0.6078125 0.83954451 0.0125 0.01449275
0 0.65898437 0.84316770 0.01328125 0.03002070
0 0.303125 0.83695652 0.0125 0.01966873
0 0.63398437 0.83385093 0.01015625 0.01552795
0 0.61835937 0.82505175 0.01015625 0.01656314
0 0.66875 0.81935817 0.0109375 0.01345755
0 0.428125 0.82091097 0.0125 0.01656314
0 0.565625 0.81677018 0.009375 0.02484472
0 0.553125 0.80383022 0.009375 0.01345755
0 0.44375 0.80072463 0.0265625 0.01138716
0 0.6375 0.80072463 0.021875 0.01345755
0 0.50976562 0.80538302 0.02109375 0.03519668
0 0.48242187 0.78985507 0.01328125 0.01449275
0 0.41992187 0.79037267 0.01640625 0.01759834
0 0.64140625 0.75414078 0.0171875 0.02380952
0 0.58320312 0.73395445 0.01796875 0.01449275
0 0.321875 0.74068322 0.01875 0.03002070
0 0.60195312 0.72722567 0.01015625 0.01345755
0 0.54921875 0.71946169 0.015625 0.02070393
0 0.34648437 0.71946169 0.01015625 0.02277432
0 0.56835937 0.70548654 0.00859375 0.01138716
0 0.4796875 0.69513457 0.0109375 0.01345755
0 0.31367187 0.68737060 0.01015625 0.01863354
0 0.4984375 0.68685300 0.0171875 0.02380952
0 0.45234375 0.67908902 0.0109375 0.01656314
0 0.44414062 0.65372670 0.00859375 0.01759834
0 0.6296875 0.65165631 0.0171875 0.02380952
0 0.49414062 0.61076604 0.01484375 0.02070393
0 0.51171875 0.60869565 0.015625 0.01863354
0 0.65664062 0.61231884 0.02421875 0.03002070
0 0.62070312 0.60351966 0.01171875 0.01449275
0 0.33515625 0.58540372 0.0109375 0.01552795
0 0.584375 0.59316770 0.009375 0.03312629
0 0.60703125 0.57763975 0.0140625 0.01242236
0 0.39804687 0.55124223 0.01328125 0.02380952
0 0.43554687 0.52277432 0.00859375 0.01242236
0 0.46835937 0.52329192 0.00859375 0.01759834
0 0.3765625 0.52277432 0.009375 0.03933747
0 0.55625 0.50155279 0.0171875 0.02380952
0 0.46601562 0.49068322 0.01015625 0.01449275
0 0.50117187 0.48964803 0.01328125 0.01449275
0 0.44804687 0.48343685 0.01171875 0.01656314
0 0.50429687 0.47308488 0.00859375 0.01035196
0 0.56054687 0.47412008 0.01015625 0.01449275
0 0.4109375 0.45393374 0.0109375 0.01345755
0 0.5765625 0.44824016 0.0125 0.01449275
0 0.31445312 0.43840579 0.00859375 0.01345755
0 0.63320312 0.42132505 0.01171875 0.01242236
0 0.65585937 0.41770186 0.01640625 0.00931677
0 0.51875 0.41563146 0.015625 0.01759834
0 0.58554687 0.36542443 0.01484375 0.01656314
0 0.43554687 0.36024844 0.01171875 0.02070393
0 0.471875 0.35093167 0.01875 0.03105590
0 0.515625 0.32608695 0.0125 0.01035196
0 0.59765625 0.32971014 0.0171875 0.02380952
0 0.5359375 0.31625258 0.009375 0.01345755
0 0.53164062 0.30124223 0.01015625 0.01035196
0 0.4765625 0.29658385 0.0171875 0.02380952
0 0.60859375 0.26656314 0.0109375 0.01345755
0 0.584375 0.25362318 0.0078125 0.02070393
0 0.6421875 0.24792960 0.0109375 0.01345755
0 0.60078125 0.24844720 0.0125 0.01863354
0 0.35 0.24120082 0.0125 0.01449275
0 0.51015625 0.21325051 0.0078125 0.01449275
0 0.38984375 0.21325051 0.009375 0.01656314
0 0.62148437 0.20031055 0.01171875 0.01966873
0 0.47304687 0.18322981 0.01015625 0.02070393
0 0.503125 0.16770186 0.0140625 0.01863354
0 0.6484375 0.16097308 0.0125 0.02795031
0 0.58398437 0.14803312 0.01796875 0.02277432
0 0.33203125 0.14855072 0.0109375 0.02380952
0 0.4078125 0.13871635 0.0078125 0.01656314
0 0.64453125 0.12474120 0.0171875 0.02380952
0 0.471875 0.10403726 0.0171875 0.02380952
0 0.35195312 0.09627329 0.01328125 0.01656314
0 0.33554687 0.07971014 0.00859375 0.01656314
0 0.3734375 0.07453416 0.0125 0.01449275
0 0.63398437 0.06677018 0.01328125 0.03002070
0 0.4875 0.02225672 0.0078125 0.01966873
0 0.59882812 0.01966873 0.01484375 0.01863354
0 0.68398437 0.01035196 0.01640625 0.01242236