0 0.67226562 0.83643892 0.01953125 0.05175983
0 0.63828125 0.76604554 0.015625 0.02484472
0 0.39140625 0.73964803 0.01875 0.02173913
0 0.62773437 0.69202898 0.01640625 0.01966873
0 0.57890625 0.60300207 0.0203125 0.02795031
0 0.59453125 0.53674948 0.021875 0.03830227
0 0.40703125 0.51552795 0.0203125 0.02691511
0 0.465625 0.48550724 0.0171875 0.03105590
0 0.43164062 0.43840579 0.01796875 0.01966873
0 0.43476562 0.39440993 0.01640625 0.02484472
0 0.57460937 0.35351966 0.02734375 0.02587991
0 0.51328125 0.33540372 0.0171875 0.01242236
0 0.48476562 0.33799171 0.03046875 0.02173913
0 0.59492187 0.30693581 0.02265625 0.06728778
0 0.52773437 0.27432712 0.01640625 0.02484472