0 0.45820312 0.92391304 0.01796875 0.00724637
0 0.68359375 0.87215320 0.0140625 0.01966873
0 0.51132812 0.84420289 0.01484375 0.01759834
0 0.5640625 0.83488612 0.01875 0.02380952
0 0.36132812 0.76656314 0.01328125 0.01759834
0 0.56796875 0.75828157 0.009375 0.01759834
0 0.646875 0.65217391 0.0109375 0.01863354
0 0.29570312 0.60455486 0.01328125 0.01035196
0 0.40859375 0.61231884 0.0203125 0.02795031
0 0.49414062 0.54296066 0.02265625 0.03623188
0 0.38632812 0.49534161 0.01171875 0.01552795
0 0.2953125 0.48447204 0.0125 0.02070393
0 0.50820312 0.42184265 0.01171875 0.01759834
0 0.55585937 0.41407867 0.01328125 0.02277432
0 0.5578125 0.23550724 0.0125 0.01759834
0 0.36445312 0.23809523 0.01484375 0.02277432
0 0.37929687 0.14389233 0.01171875 0.01656314
0 0.35117187 0.12370600 0.01484375 0.01966873
0 0.59921875 0.01966873 0.0203125 0.01242236