0 0.315625 0.86594202 0.0109375 0.02587991
0 0.35546875 0.85144927 0.046875 0.06314699
0 0.59492187 0.81469979 0.01640625 0.01449275
0 0.37539062 0.79192546 0.01640625 0.03933747
0 0.60742187 0.69358178 0.01953125 0.02277432
0 0.64453125 0.65683229 0.01875 0.02173913
0 0.596875 0.44047619 0.0171875 0.02380952
0 0.40585937 0.42287784 0.01796875 0.03209109
0 0.43007812 0.31625258 0.01484375 0.01966873
0 0.51484375 0.24171842 0.0109375 0.02380952
0 0.56796875 0.22101449 0.015625 0.02173913
0 0.57617187 0.06780538 0.01796875 0.03209109