0 0.42109375 0.86904761 0.0140625 0.02380952
0 0.37304687 0.86283643 0.01796875 0.01966873
0 0.684375 0.82505175 0.0140625 0.02484472
0 0.5171875 0.67857142 0.0203125 0.02380952
0 0.3640625 0.65838509 0.015625 0.00828157
0 0.58867187 0.65269151 0.01328125 0.01345755
0 0.34804687 0.64751552 0.00859375 0.01552795
0 0.66484375 0.58281573 0.0125 0.01863354
0 0.53867187 0.46066252 0.02109375 0.01449275
0 0.42148437 0.27898550 0.01484375 0.02587991
0 0.57304687 0.25207039 0.01796875 0.02173913
0 0.33476562 0.02173913 0.02265625 0.02691511