0 0.60195312 0.99275362 0.01484375 0.01449275
0 0.3703125 0.98654244 0.0125 0.01242236
0 0.65859375 0.95289855 0.0171875 0.02380952
0 0.38828125 0.94047619 0.0140625 0.01345755
0 0.48984375 0.89492753 0.0171875 0.01759834
0 0.55898437 0.87681159 0.01015625 0.01035196
0 0.43984375 0.87318840 0.0171875 0.02380952
0 0.50664062 0.85300207 0.01953125 0.01242236
0 0.296875 0.84937888 0.0078125 0.00931677
0 0.46210937 0.84886128 0.02734375 0.02898550
0 0.44023437 0.83178053 0.01171875 0.01345755
0 0.4171875 0.81418219 0.0109375 0.01345755
0 0.36171875 0.80900621 0.0171875 0.02380952
0 0.54570312 0.81211180 0.01796875 0.03623188
0 0.51210937 0.79761904 0.01484375 0.02795031
0 0.634375 0.78830227 0.0125 0.01552795
0 0.578125 0.78519668 0.0171875 0.01759834
0 0.67070312 0.77536231 0.01328125 0.01449275
0 0.35039062 0.76966873 0.00859375 0.01138716
0 0.56015625 0.75517598 0.0078125 0.01138716
0 0.3515625 0.75569358 0.0109375 0.01449275
0 0.39414062 0.75258799 0.00859375 0.02484472
0 0.65585937 0.70807453 0.01328125 0.01656314
0 0.63945312 0.68426501 0.01015625 0.01656314
0 0.43359375 0.66097308 0.0171875 0.02380952
0 0.64960937 0.65476190 0.01171875 0.01552795
0 0.55273437 0.64492753 0.01015625 0.01242236
0 0.2953125 0.64078674 0.0140625 0.01863354
0 0.32265625 0.63871635 0.0125 0.01656314
0 0.3859375 0.63612836 0.0125 0.01552795
0 0.42695312 0.63146997 0.00859375 0.01656314
0 0.67421875 0.62474120 0.0078125 0.01759834
0 0.48046875 0.62474120 0.0125 0.01759834
0 0.67265625 0.59886128 0.0125 0.00931677
0 0.63085937 0.60559006 0.01484375 0.02277432
0 0.340625 0.59937888 0.0140625 0.01863354
0 0.43203125 0.59161490 0.0109375 0.01552795
0 0.321875 0.58902691 0.0078125 0.01449275
0 0.51679687 0.57712215 0.01015625 0.01345755
0 0.63554687 0.57712215 0.01796875 0.03209109
0 0.64023437 0.53674948 0.01015625 0.01138716
0 0.49726562 0.53260869 0.01484375 0.01138716
0 0.56796875 0.52484472 0.0078125 0.01449275
0 0.30117187 0.52846790 0.02578125 0.04037267
0 0.4609375 0.49171842 0.025 0.01242236
0 0.56992187 0.48654244 0.01640625 0.01242236
0 0.51132812 0.48498964 0.02109375 0.01966873
0 0.546875 0.45807453 0.0140625 0.01552795
0 0.29257812 0.45652173 0.00859375 0.01656314
0 0.4265625 0.44358178 0.009375 0.01138716
0 0.58242187 0.43737060 0.01015625 0.01552795
0 0.35976562 0.44047619 0.01640625 0.02173913
0 0.303125 0.41407867 0.0171875 0.01242236
0 0.40507812 0.41252587 0.01015625 0.01552795
0 0.4875 0.41149068 0.0125 0.01552795
0 0.57578125 0.40010351 0.0171875 0.02380952
0 0.36171875 0.39440993 0.009375 0.01242236
0 0.59804687 0.37370600 0.01328125 0.01242236
0 0.37578125 0.36853002 0.0109375 0.01863354
0 0.628125 0.35507246 0.009375 0.01242236
0 0.34882812 0.34937888 0.01328125 0.01345755
0 0.39296875 0.34006211 0.0125 0.01552795
0 0.59960937 0.31418219 0.01015625 0.01138716
0 0.6328125 0.30072463 0.0125 0.01345755
0 0.45039062 0.29399585 0.01015625 0.02277432
0 0.39882812 0.28416149 0.01484375 0.01759834
0 0.37929687 0.28053830 0.01328125 0.01656314
0 0.59101562 0.28933747 0.03046875 0.04244306
0 0.56171875 0.28830227 0.0203125 0.04658385
0 0.58242187 0.24585921 0.01484375 0.00931677
0 0.38007812 0.23654244 0.01171875 0.01966873
0 0.63359375 0.22722567 0.0171875 0.01552795
0 0.4296875 0.20962732 0.0140625 0.01759834
0 0.41367187 0.18737060 0.01328125 0.01242236
0 0.60976562 0.19254658 0.02578125 0.02484472
0 0.49023437 0.18012422 0.01171875 0.01035196
0 0.58398437 0.17391304 0.02109375 0.01242236
0 0.63476562 0.15631469 0.01640625 0.02070393
0 0.42421875 0.15113871 0.0125 0.01656314
0 0.33242187 0.14803312 0.01171875 0.01242236
0 0.4875 0.13302277 0.0171875 0.02380952
0 0.33828125 0.07453416 0.015625 0.01656314
0 0.4546875 0.07142857 0.0125 0.01449275
0 0.40078125 0.07349896 0.0140625 0.02691511
0 0.58984375 0.06314699 0.009375 0.01863354
0 0.5515625 0.05124223 0.0171875 0.02380952
0 0.4328125 0.00517598 0.0109375 0.01035196