0 0.69257812 0.97774327 0.00703125 0.01966873
0 0.60625 0.97204968 0.0140625 0.01242236
0 0.415625 0.96221532 0.01875 0.01138716
0 0.621875 0.94772256 0.0171875 0.01552795
0 0.46679687 0.94668737 0.02109375 0.01345755
0 0.67851562 0.91873706 0.01328125 0.01552795
0 0.6390625 0.91563146 0.0125 0.01552795
0 0.3015625 0.90942028 0.0171875 0.02380952
0 0.51171875 0.89130434 0.0109375 0.01242236
0 0.54921875 0.88612836 0.009375 0.01449275
0 0.684375 0.88250517 0.0125 0.00931677
0 0.4515625 0.87991718 0.015625 0.01656314
0 0.58710937 0.87629399 0.01015625 0.01345755
0 0.65039062 0.87732919 0.01015625 0.01759834
0 0.49882812 0.87784679 0.00859375 0.02070393
0 0.43554687 0.87577639 0.00859375 0.03105590
0 0.553125 0.86645962 0.0125 0.02277432
0 0.6484375 0.85041407 0.0109375 0.01345755
0 0.41484375 0.82091097 0.0125 0.01863354
0 0.46484375 0.82142857 0.0171875 0.02380952
0 0.3140625 0.81469979 0.0109375 0.01242236
0 0.39726562 0.80383022 0.01484375 0.01345755
0 0.35 0.79554865 0.0265625 0.01966873
0 0.29414062 0.79037267 0.01171875 0.02380952
0 0.31757812 0.78105590 0.00859375 0.01345755
0 0.44882812 0.76915113 0.01171875 0.01656314
0 0.41875 0.76345755 0.0140625 0.02173913
0 0.36289062 0.75879917 0.01171875 0.01242236
0 0.48242187 0.75983436 0.00703125 0.01656314
0 0.68320312 0.75517598 0.01171875 0.01552795
0 0.32304687 0.75207039 0.01015625 0.01345755
0 0.42226562 0.74430641 0.02578125 0.01656314
0 0.3078125 0.75517598 0.0140625 0.03830227
0 0.6328125 0.74171842 0.0265625 0.01345755
0 0.44179687 0.73498964 0.01015625 0.01035196
0 0.52070312 0.73240165 0.01015625 0.01966873
0 0.32460937 0.71790890 0.01328125 0.01759834
0 0.48515625 0.69616977 0.015625 0.01966873
0 0.33789062 0.69202898 0.01015625 0.01966873
0 0.30507812 0.68944099 0.01484375 0.01656314
0 0.42226562 0.67236024 0.01328125 0.01552795
0 0.36328125 0.67028985 0.0171875 0.02380952
0 0.34804687 0.64906832 0.01484375 0.01242236
0 0.48632812 0.64855072 0.01328125 0.01759834
0 0.5078125 0.63561076 0.0203125 0.01242236
0 0.67148437 0.62939958 0.01484375 0.01656314
0 0.37421875 0.62163561 0.0171875 0.02380952
0 0.4171875 0.59886128 0.009375 0.01345755
0 0.5046875 0.55952380 0.0125 0.01759834
0 0.46523437 0.55124223 0.01171875 0.01552795
0 0.66875 0.54865424 0.009375 0.01449275
0 0.32460937 0.53312629 0.01171875 0.01656314
0 0.62851562 0.52536231 0.01171875 0.01759834
0 0.4671875 0.51708074 0.0125 0.01966873
0 0.54921875 0.50879917 0.0140625 0.01552795
0 0.515625 0.50776397 0.021875 0.01966873
0 0.34023437 0.50051759 0.01171875 0.01552795
0 0.63984375 0.49637681 0.0171875 0.02380952
0 0.465625 0.46066252 0.0109375 0.01035196
0 0.63085937 0.45445134 0.01796875 0.01242236
0 0.39414062 0.45082815 0.01015625 0.01138716
0 0.5328125 0.45600414 0.0203125 0.02380952
0 0.35273437 0.44616977 0.01015625 0.01449275
0 0.44921875 0.44358178 0.0109375 0.01552795
0 0.6671875 0.44668737 0.0171875 0.02380952
0 0.56679687 0.43840579 0.02265625 0.01552795
0 0.38320312 0.42080745 0.01328125 0.01552795
0 0.60859375 0.40062111 0.009375 0.01242236
0 0.37070312 0.39544513 0.01015625 0.01242236
0 0.53398437 0.39078674 0.01328125 0.01759834
0 0.384375 0.38146997 0.0140625 0.01966873
0 0.45859375 0.37732919 0.0125 0.01759834
0 0.4828125 0.37474120 0.0125 0.01449275
0 0.64179687 0.36024844 0.01015625 0.01449275
0 0.4 0.35196687 0.0234375 0.01242236
0 0.375 0.34627329 0.0171875 0.02380952
0 0.49648437 0.33385093 0.00859375 0.00931677
0 0.46914062 0.32608695 0.01171875 0.01656314
0 0.59453125 0.29968944 0.0125 0.01552795
0 0.55390625 0.29244306 0.015625 0.01759834
0 0.4265625 0.27173913 0.0109375 0.01345755
0 0.5671875 0.25879917 0.009375 0.01242236
0 0.59765625 0.24430641 0.0125 0.01449275
0 0.4078125 0.22308488 0.0234375 0.02795031
0 0.440625 0.20962732 0.0171875 0.02380952
0 0.5609375 0.20393374 0.0125 0.01449275
0 0.53789062 0.19306418 0.01015625 0.01345755
0 0.578125 0.19306418 0.0171875 0.02380952
0 0.45625 0.15424430 0.0109375 0.01656314
0 0.47578125 0.15424430 0.0078125 0.02070393
0 0.43789062 0.13561076 0.01171875 0.01863354
0 0.52695312 0.12577639 0.01015625 0.01138716
0 0.41835937 0.12577639 0.00859375 0.01552795
0 0.4609375 0.06004140 0.009375 0.02070393