0 0.44960937 0.89130434 0.03828125 0.02484472
0 0.64296875 0.87163561 0.021875 0.01449275
0 0.33789062 0.80227743 0.01796875 0.01863354
0 0.62109375 0.79554865 0.0203125 0.02795031
0 0.65820312 0.76604554 0.01640625 0.02484472
0 0.35585937 0.75776397 0.02265625 0.02070393
0 0.35898437 0.73395445 0.01484375 0.01449275
0 0.55234375 0.70496894 0.015625 0.03105590
0 0.59101562 0.64751552 0.01796875 0.02380952
0 0.57890625 0.60300207 0.0203125 0.02795031
0 0.65351562 0.56366459 0.03046875 0.02173913
0 0.41289062 0.51915113 0.02265625 0.03002070
0 0.31757812 0.51501035 0.01640625 0.02173913
0 0.59179687 0.44979296 0.02109375 0.04244306
0 0.30859375 0.43633540 0.0203125 0.03209109
0 0.45742187 0.42443064 0.01640625 0.03105590
0 0.38046875 0.42236024 0.0171875 0.03105590
0 0.59960937 0.38923395 0.02109375 0.02691511
0 0.4359375 0.37474120 0.0140625 0.02277432
0 0.57460937 0.35351966 0.02734375 0.02587991
0 0.5390625 0.33540372 0.0171875 0.01242236
0 0.60507812 0.23188405 0.01640625 0.02484472