0 0.29414062 0.96325051 0.01484375 0.01759834
0 0.40625 0.94772256 0.0171875 0.02380952
0 0.50078125 0.94151138 0.01875 0.01552795
0 0.61484375 0.94254658 0.0234375 0.02587991
0 0.66640625 0.93530020 0.021875 0.01966873
0 0.31328125 0.92908902 0.0140625 0.02380952
0 0.62421875 0.92028985 0.009375 0.01242236
0 0.465625 0.91252587 0.0140625 0.01759834
0 0.52148437 0.90786749 0.00859375 0.01242236
0 0.40078125 0.90165631 0.0078125 0.01242236
0 0.56015625 0.89285714 0.0109375 0.01552795
0 0.64882812 0.88975155 0.00859375 0.01552795
0 0.61328125 0.88768115 0.0171875 0.02380952
0 0.3109375 0.87525879 0.0171875 0.02380952
0 0.53359375 0.86387163 0.0140625 0.01759834
0 0.66328125 0.85351966 0.015625 0.00931677
0 0.32421875 0.86231884 0.01875 0.02691511
0 0.53164062 0.83954451 0.00859375 0.01242236
0 0.56289062 0.83178053 0.01171875 0.01345755
0 0.3703125 0.82349896 0.0171875 0.02380952
0 0.384375 0.81314699 0.009375 0.01552795
0 0.40820312 0.81004140 0.01015625 0.01345755
0 0.68398437 0.80952380 0.01015625 0.01656314
0 0.34101562 0.78674948 0.02109375 0.03933747
0 0.29921875 0.75828157 0.0171875 0.02380952
0 0.5875 0.75310559 0.0109375 0.01759834
0 0.35625 0.74430641 0.0109375 0.02070393
0 0.62539062 0.74171842 0.01796875 0.02380952
0 0.48164062 0.73861283 0.01171875 0.01759834
0 0.66015625 0.73706004 0.0125 0.01863354
0 0.440625 0.70548654 0.015625 0.01552795
0 0.528125 0.70031055 0.0078125 0.02173913
0 0.45898437 0.69254658 0.00859375 0.01449275
0 0.55585937 0.69099378 0.00859375 0.01759834
0 0.6796875 0.68012422 0.01875 0.01035196
0 0.39140625 0.68271221 0.0125 0.01759834
0 0.61171875 0.63457556 0.015625 0.02070393
0 0.4765625 0.61180124 0.015625 0.01035196
0 0.42421875 0.59730848 0.0125 0.01656314
0 0.37539062 0.59575569 0.00859375 0.01552795
0 0.6578125 0.59057971 0.009375 0.01552795
0 0.58085937 0.58178053 0.01171875 0.02070393
0 0.4046875 0.57453416 0.0125 0.01656314
0 0.68515625 0.52691511 0.0140625 0.01863354
0 0.46523437 0.51966873 0.01015625 0.01242236
0 0.396875 0.51759834 0.0171875 0.01656314
0 0.58164062 0.49948240 0.01640625 0.01759834
0 0.5078125 0.49792960 0.01875 0.02277432
0 0.3859375 0.49120082 0.0171875 0.02380952
0 0.3234375 0.46687370 0.0109375 0.01449275
0 0.57578125 0.46221532 0.0078125 0.01138716
0 0.53515625 0.44668737 0.0140625 0.01345755
0 0.43125 0.43944099 0.0125 0.01552795
0 0.6765625 0.43322981 0.0125 0.01552795
0 0.64179687 0.43633540 0.02890625 0.02380952
0 0.30234375 0.43219461 0.0109375 0.01759834
0 0.37578125 0.37370600 0.0109375 0.02070393
0 0.62148437 0.36387163 0.02265625 0.01345755
0 0.5078125 0.35766045 0.009375 0.01345755
0 0.55820312 0.34575569 0.01171875 0.01242236
0 0.48515625 0.33954451 0.021875 0.02070393
0 0.375 0.32039337 0.0125 0.01759834
0 0.57070312 0.31055900 0.02265625 0.01863354
0 0.46445312 0.30693581 0.01171875 0.01759834
0 0.44765625 0.30020703 0.0140625 0.01035196
0 0.54882812 0.27950310 0.01640625 0.01449275
0 0.49023437 0.27225672 0.01640625 0.02070393
0 0.4625 0.23654244 0.0109375 0.01345755
0 0.37460937 0.23447204 0.01171875 0.01552795
0 0.3984375 0.22774327 0.015625 0.01656314
0 0.56171875 0.22204968 0.0109375 0.01345755
0 0.45742187 0.17598343 0.01171875 0.01449275
0 0.61054687 0.17443064 0.01015625 0.01552795
0 0.64882812 0.16770186 0.01015625 0.01242236
0 0.56132812 0.17391304 0.01015625 0.02484472
0 0.37617187 0.14544513 0.01796875 0.00931677
0 0.58789062 0.14699792 0.01171875 0.01449275
0 0.53046875 0.14130434 0.0125 0.01552795
0 0.6140625 0.14440993 0.0171875 0.02380952
0 0.36757812 0.13509316 0.01015625 0.00931677
0 0.48632812 0.12370600 0.00859375 0.01345755
0 0.5703125 0.12163561 0.0140625 0.01345755
0 0.6015625 0.09782608 0.0171875 0.02380952
0 0.47070312 0.07505175 0.01171875 0.01345755
0 0.58359375 0.06832298 0.0125 0.01449275
0 0.36054687 0.06780538 0.01796875 0.02380952
0 0.50507812 0.05745341 0.01015625 0.01552795
0 0.30664062 0.01811594 0.01171875 0.00931677
0 0.475 0.00672877 0.0125 0.01345755