0 0.5359375 0.97567287 0.0078125 0.00931677
0 0.35546875 0.97049689 0.0109375 0.01759834
0 0.55625 0.96842650 0.0171875 0.02380952
0 0.51445312 0.94772256 0.01796875 0.01138716
0 0.571875 0.94358178 0.015625 0.01138716
0 0.68476562 0.91666666 0.01640625 0.02380952
0 0.609375 0.91252587 0.0140625 0.01552795
0 0.56679687 0.88250517 0.01328125 0.02380952
0 0.38984375 0.87163561 0.0125 0.01449275
0 0.63476562 0.86956521 0.01015625 0.01863354
0 0.39179687 0.85248447 0.02109375 0.01966873
0 0.3390625 0.84161490 0.0109375 0.01449275
0 0.315625 0.84627329 0.0171875 0.02380952
0 0.36523437 0.83695652 0.01640625 0.01345755
0 0.4671875 0.83592132 0.0171875 0.02380952
0 0.62851562 0.81884057 0.02109375 0.02484472
0 0.6171875 0.78933747 0.0109375 0.01345755
0 0.64609375 0.77173913 0.0125 0.01759834
0 0.47460937 0.76811594 0.01015625 0.01242236
0 0.31875 0.75258799 0.0109375 0.01656314
0 0.63867187 0.73913043 0.01015625 0.01449275
0 0.56367187 0.71428571 0.01015625 0.01449275
0 0.521875 0.70496894 0.01875 0.01242236
0 0.39140625 0.70910973 0.0234375 0.02070393
0 0.63203125 0.69047619 0.0109375 0.01242236
0 0.30429687 0.69254658 0.02109375 0.01863354
0 0.328125 0.68633540 0.0109375 0.01656314
0 0.5890625 0.68322981 0.0125 0.01449275
0 0.64960937 0.68219461 0.01484375 0.01863354
0 0.43515625 0.67598343 0.0109375 0.01242236
0 0.6453125 0.66821946 0.009375 0.01138716
0 0.64765625 0.64440993 0.0171875 0.02173913
0 0.66796875 0.63612836 0.0171875 0.02380952
0 0.56914062 0.62784679 0.00859375 0.02587991
0 0.57851562 0.60455486 0.02265625 0.01449275
0 0.33710937 0.60248447 0.01015625 0.01449275
0 0.51210937 0.58126293 0.01484375 0.01345755
0 0.45117187 0.56625258 0.02109375 0.01656314
0 0.68632812 0.49948240 0.01171875 0.01552795
0 0.59179687 0.50879917 0.01171875 0.04244306
0 0.41445312 0.48913043 0.01015625 0.01138716
0 0.4421875 0.48809523 0.0109375 0.01552795
0 0.325 0.48395445 0.0125 0.01759834
0 0.40234375 0.47412008 0.0125 0.01449275
0 0.52773437 0.46428571 0.01640625 0.02380952
0 0.66835937 0.45238095 0.01328125 0.01863354
0 0.59140625 0.44254658 0.009375 0.01345755
0 0.43789062 0.44358178 0.01328125 0.01552795
0 0.59765625 0.40527950 0.0171875 0.02380952
0 0.4046875 0.41821946 0.0203125 0.04968944
0 0.425 0.40010351 0.0171875 0.02380952
0 0.44414062 0.39337474 0.01484375 0.01863354
0 0.47851562 0.39026915 0.01015625 0.02277432
0 0.603125 0.37474120 0.0125 0.01242236
0 0.39453125 0.37422360 0.009375 0.01345755
0 0.66015625 0.37629399 0.0171875 0.02380952
0 0.54414062 0.37060041 0.01015625 0.01242236
0 0.49648437 0.35455486 0.03671875 0.02587991
0 0.43046875 0.33281573 0.0109375 0.01552795
0 0.58164062 0.33022774 0.00859375 0.01242236
0 0.640625 0.31935817 0.0171875 0.02380952
0 0.34609375 0.31418219 0.0109375 0.01345755
0 0.51210937 0.31418219 0.01015625 0.01966873
0 0.51445312 0.29089026 0.01015625 0.01656314
0 0.37304687 0.28312629 0.01015625 0.01552795
0 0.60390625 0.26345755 0.0171875 0.02380952
0 0.50976562 0.25465838 0.01171875 0.01242236
0 0.59960937 0.24275362 0.01171875 0.01345755
0 0.553125 0.19668737 0.0125 0.01449275
0 0.51757812 0.18995859 0.01171875 0.01345755
0 0.37929687 0.18892339 0.01484375 0.01552795
0 0.4203125 0.15890269 0.021875 0.02380952
0 0.365625 0.14596273 0.0140625 0.01449275
0 0.59453125 0.14078674 0.0140625 0.01656314
0 0.6375 0.12060041 0.0078125 0.00931677
0 0.49921875 0.11594202 0.0109375 0.01035196
0 0.34375 0.11024844 0.021875 0.03623188
0 0.62382812 0.09161490 0.01015625 0.01552795
0 0.59960937 0.08385093 0.00859375 0.01656314
0 0.3875 0.07660455 0.0109375 0.01035196
0 0.40273437 0.05434782 0.01328125 0.01138716
0 0.5265625 0.04865424 0.0078125 0.01863354
0 0.52070312 0.02173913 0.01015625 0.02070393