0 0.38125 0.78157349 0.0203125 0.01863354
0 0.55546875 0.75672877 0.0125 0.01449275
0 0.64492187 0.68788819 0.01328125 0.02173913
0 0.56953125 0.63716356 0.015625 0.01966873
0 0.39414062 0.60507246 0.01484375 0.01759834
0 0.43984375 0.58281573 0.009375 0.01035196
0 0.37734375 0.55797101 0.0078125 0.02277432
0 0.63828125 0.49896480 0.01875 0.02691511
0 0.58398437 0.46480331 0.01171875 0.01035196
0 0.56367187 0.40734989 0.02109375 0.00724637
0 0.51835937 0.29347826 0.01796875 0.03002070
0 0.6296875 0.21480331 0.0265625 0.03830227
0 0.63085937 0.18944099 0.01796875 0.00828157
0 0.69726562 0.03312629 0.01328125 0.01449275