0 0.49882812 0.99016563 0.01484375 0.01552795
0 0.59492187 0.98654244 0.01796875 0.02070393
0 0.5234375 0.97567287 0.0234375 0.04865424
0 0.32734375 0.93115942 0.0125 0.01966873
0 0.540625 0.91097308 0.0171875 0.01449275
0 0.48085937 0.89751552 0.01171875 0.01449275
0 0.59101562 0.89389233 0.01484375 0.01759834
0 0.39453125 0.88871635 0.0125 0.02173913
0 0.50429687 0.88095238 0.01171875 0.01242236
0 0.571875 0.87370600 0.0125 0.01656314
0 0.46601562 0.85507246 0.00859375 0.01242236
0 0.37265625 0.86387163 0.01875 0.04451345
0 0.65625 0.84627329 0.0140625 0.01345755
0 0.63476562 0.83954451 0.00859375 0.01449275
0 0.41015625 0.83488612 0.0203125 0.02795031
0 0.52148437 0.82608695 0.01171875 0.01449275
0 0.553125 0.82349896 0.0140625 0.01345755
0 0.35546875 0.81728778 0.0171875 0.02587991
0 0.58203125 0.80797101 0.0125 0.01345755
0 0.57929687 0.78674948 0.01171875 0.01449275
0 0.46914062 0.76345755 0.02734375 0.01966873
0 0.40117187 0.74844720 0.01640625 0.01656314
0 0.64023437 0.73291925 0.00859375 0.01242236
0 0.41953125 0.70859213 0.0125 0.01966873
0 0.50820312 0.70341614 0.01328125 0.01138716
0 0.62851562 0.70289855 0.01328125 0.01449275
0 0.48828125 0.70186335 0.0125 0.01656314
0 0.453125 0.69099378 0.0078125 0.03002070
0 0.3875 0.67546583 0.0125 0.01345755
0 0.6828125 0.67287784 0.0109375 0.01656314
0 0.64179687 0.66407867 0.01328125 0.01138716
0 0.50507812 0.65838509 0.01796875 0.01242236
0 0.315625 0.65424430 0.0140625 0.01035196
0 0.33828125 0.65579710 0.0171875 0.02380952
0 0.59609375 0.63561076 0.0140625 0.01656314
0 0.48007812 0.63612836 0.02578125 0.02795031
0 0.33984375 0.61231884 0.0109375 0.01552795
0 0.5125 0.59679089 0.0109375 0.01345755
0 0.3625 0.61645962 0.0171875 0.05900621
0 0.5671875 0.59523809 0.0078125 0.02277432
0 0.421875 0.57815734 0.0109375 0.01966873
0 0.63476562 0.57349896 0.00859375 0.01656314
0 0.38632812 0.56159420 0.01328125 0.01552795
0 0.421875 0.55693581 0.0171875 0.01449275
0 0.57578125 0.55538302 0.0203125 0.01345755
0 0.37851562 0.53467908 0.01015625 0.01138716
0 0.6859375 0.52743271 0.0125 0.01552795
0 0.653125 0.52432712 0.0171875 0.02380952
0 0.4546875 0.52018633 0.0109375 0.01966873
0 0.32578125 0.51501035 0.0203125 0.01138716
0 0.41171875 0.50931677 0.0109375 0.01242236
0 0.5984375 0.49534161 0.0171875 0.02380952
0 0.39101562 0.47153209 0.00859375 0.02173913
0 0.64414062 0.41614906 0.00859375 0.01035196
0 0.57929687 0.41459627 0.01171875 0.01345755
0 0.50234375 0.39699792 0.015625 0.01759834
0 0.4390625 0.38871635 0.009375 0.01345755
0 0.67382812 0.38975155 0.01171875 0.02795031
0 0.5875 0.36542443 0.0109375 0.01449275
0 0.36328125 0.36542443 0.0109375 0.01656314
0 0.52578125 0.33385093 0.0171875 0.01345755
0 0.41367187 0.32919254 0.01015625 0.01035196
0 0.5421875 0.31314699 0.009375 0.01345755
0 0.5765625 0.30486542 0.0125 0.01759834
0 0.4515625 0.30331262 0.0140625 0.02070393
0 0.50625 0.27173913 0.0078125 0.02795031
0 0.34726562 0.26449275 0.01796875 0.01966873
0 0.59882812 0.25621118 0.01640625 0.01759834
0 0.51171875 0.20652173 0.0125 0.01345755
0 0.43203125 0.19772256 0.015625 0.01863354
0 0.50898437 0.16304347 0.01640625 0.02795031
0 0.37734375 0.15424430 0.0125 0.01449275
0 0.58867187 0.15631469 0.01171875 0.02691511
0 0.64570312 0.14233954 0.00859375 0.01138716
0 0.35546875 0.14337474 0.01875 0.02173913
0 0.63984375 0.11542443 0.0125 0.02587991
0 0.41757812 0.09730848 0.01015625 0.01242236
0 0.375 0.07919254 0.0171875 0.02380952
0 0.40859375 0.06832298 0.0125 0.01656314
0 0.59960937 0.07039337 0.02109375 0.02277432
0 0.62578125 0.06625258 0.0203125 0.03519668
0 0.45859375 0.04037267 0.01875 0.01449275
0 0.36445312 0.04037267 0.01484375 0.01863354
0 0.42226562 0.00828157 0.00859375 0.01656314
0 0.3703125 0.00983436 0.021875 0.01966873