0 0.69648437 0.97929606 0.01796875 0.02484472
0 0.64648437 0.96635610 0.01796875 0.02795031
0 0.56953125 0.92598343 0.025 0.01138716
0 0.29648437 0.91097308 0.01171875 0.01656314
0 0.59882812 0.89596273 0.01328125 0.01552795
0 0.35859375 0.88250517 0.0109375 0.01138716
0 0.59375 0.87060041 0.0078125 0.01035196
0 0.39921875 0.87060041 0.0109375 0.01656314
0 0.36757812 0.86438923 0.01015625 0.01449275
0 0.62304687 0.86749482 0.00703125 0.02691511
0 0.55703125 0.86594202 0.03125 0.04037267
0 0.40390625 0.85093167 0.0109375 0.02070393
0 0.42695312 0.83799171 0.00859375 0.01345755
0 0.3390625 0.83488612 0.01875 0.01552795
0 0.42226562 0.80900621 0.01484375 0.01966873
0 0.4734375 0.80331262 0.015625 0.01035196
0 0.6140625 0.79606625 0.009375 0.01242236
0 0.3390625 0.79296066 0.021875 0.02691511
0 0.309375 0.78260869 0.009375 0.01242236
0 0.3640625 0.76138716 0.0171875 0.02380952
0 0.67617187 0.75414078 0.01171875 0.01552795
0 0.34765625 0.75 0.0109375 0.01345755
0 0.29648437 0.75 0.01640625 0.02380952
0 0.56210937 0.74068322 0.00546875 0.00724637
0 0.5484375 0.74016563 0.0140625 0.01035196
0 0.33632812 0.74430641 0.01015625 0.01863354
0 0.63320312 0.73395445 0.01015625 0.01863354
0 0.6046875 0.71842650 0.0078125 0.01242236
0 0.47617187 0.69306418 0.02421875 0.01552795
0 0.3609375 0.68530020 0.015625 0.01863354
0 0.46992187 0.67080745 0.01171875 0.01656314
0 0.5109375 0.66821946 0.0171875 0.02380952
0 0.36171875 0.66149068 0.025 0.02277432
0 0.64648437 0.65424430 0.00859375 0.01035196
0 0.35039062 0.64440993 0.01328125 0.01552795
0 0.59492187 0.63612836 0.01171875 0.01138716
0 0.43242187 0.63716356 0.00859375 0.01966873
0 0.61289062 0.60351966 0.01640625 0.01449275
0 0.52304687 0.59886128 0.01171875 0.01552795
0 0.65820312 0.58799171 0.01015625 0.01242236
0 0.35898437 0.58799171 0.01015625 0.01449275
0 0.32773437 0.58592132 0.01328125 0.01449275
0 0.496875 0.58333333 0.0171875 0.02380952
0 0.41523437 0.57298136 0.00859375 0.02173913
0 0.36171875 0.53933747 0.0125 0.01242236
0 0.50117187 0.53674948 0.01328125 0.01759834
0 0.42734375 0.52380952 0.021875 0.01656314
0 0.3265625 0.51915113 0.009375 0.01552795
0 0.43632812 0.50724637 0.01328125 0.01035196
0 0.6859375 0.48343685 0.0109375 0.01656314
0 0.5296875 0.47929606 0.0125 0.01449275
0 0.64140625 0.48033126 0.0125 0.01863354
0 0.46015625 0.47567287 0.009375 0.01345755
0 0.50234375 0.47256728 0.0171875 0.02380952
0 0.3015625 0.46842650 0.0078125 0.01759834
0 0.43554687 0.46221532 0.01328125 0.01345755
0 0.403125 0.46169772 0.0203125 0.01242236
0 0.403125 0.44099378 0.0125 0.01449275
0 0.58789062 0.43581780 0.01015625 0.01449275
0 0.44023437 0.43788819 0.01171875 0.01863354
0 0.5109375 0.41925465 0.015625 0.01449275
0 0.646875 0.40579710 0.0125 0.01449275
0 0.43046875 0.40631469 0.03125 0.02380952
0 0.56992187 0.40113871 0.01171875 0.01552795
0 0.4484375 0.39130434 0.009375 0.01449275
0 0.475 0.38561076 0.0125 0.01759834
0 0.62929687 0.35455486 0.00859375 0.01138716
0 0.52578125 0.33022774 0.0140625 0.02484472
0 0.50898437 0.31314699 0.00859375 0.01345755
0 0.3859375 0.30745341 0.0140625 0.01449275
0 0.59101562 0.28260869 0.01015625 0.01863354
0 0.52851562 0.27743271 0.00859375 0.01035196
0 0.61992187 0.26656314 0.01015625 0.01345755
0 0.43515625 0.22153209 0.025 0.02070393
0 0.56132812 0.19979296 0.00703125 0.01242236
0 0.45429687 0.19306418 0.01640625 0.03416149
0 0.54179687 0.17598343 0.01171875 0.01656314
0 0.434375 0.15993788 0.0171875 0.02380952
0 0.40273437 0.16356107 0.02421875 0.03519668
0 0.53242187 0.11180124 0.01015625 0.01449275
0 0.33359375 0.09937888 0.0078125 0.01863354
0 0.5515625 0.09265010 0.009375 0.01345755
0 0.45664062 0.09006211 0.01328125 0.02898550
0 0.45078125 0.03002070 0.0109375 0.01656314
0 0.61328125 0.00569358 0.0125 0.01138716