0 0.34375 0.86387163 0.015625 0.02587991
0 0.36914062 0.82660455 0.01640625 0.02587991
0 0.57773437 0.74482401 0.01171875 0.01759834
0 0.36328125 0.67391304 0.01875 0.02484472
0 0.30039062 0.66511387 0.00859375 0.02587991
0 0.36523437 0.58436853 0.02109375 0.03209109
0 0.44921875 0.56780538 0.00625 0.01966873
0 0.33710937 0.44668737 0.01328125 0.01966873
0 0.52304687 0.39751552 0.01015625 0.01863354
0 0.47734375 0.28157349 0.0203125 0.03519668
0 0.41953125 0.10093167 0.0234375 0.02795031
0 0.38398437 0.07556935 0.01484375 0.02277432
0 0.48867187 0.06107660 0.01328125 0.01035196