0 0.47382812 0.97308488 0.00703125 0.00828157
0 0.58632812 0.89389233 0.00859375 0.01759834
0 0.45742187 0.89389233 0.01953125 0.02173913
0 0.37929687 0.88146997 0.01171875 0.01966873
0 0.5609375 0.81625258 0.01875 0.01138716
0 0.403125 0.68530020 0.0140625 0.02070393
0 0.68632812 0.67339544 0.01171875 0.01552795
0 0.41445312 0.65683229 0.01640625 0.01966873
0 0.45078125 0.52795031 0.0078125 0.01656314
0 0.44179687 0.48654244 0.02109375 0.02277432
0 0.34335937 0.46687370 0.01171875 0.01449275
0 0.56757812 0.42028985 0.01640625 0.01449275
0 0.41953125 0.39233954 0.0171875 0.02070393
0 0.57070312 0.33954451 0.01640625 0.01863354
0 0.41679687 0.32039337 0.01328125 0.01966873
0 0.3828125 0.29813664 0.028125 0.03105590
0 0.63789062 0.29037267 0.01640625 0.02173913
0 0.621875 0.26552795 0.0125 0.01552795
0 0.42109375 0.22412008 0.0140625 0.00724637
0 0.63476562 0.22515527 0.01328125 0.01759834
0 0.61679687 0.07971014 0.01640625 0.01656314
0 0.34140625 0.07039337 0.0109375 0.01656314
0 0.51015625 0.06211180 0.0140625 0.01656314