0 0.60546875 0.97981366 0.015625 0.02380952
0 0.390625 0.97515527 0.0078125 0.01656314
0 0.5359375 0.96739130 0.0171875 0.02380952
0 0.58710937 0.95445134 0.01171875 0.02898550
0 0.60039062 0.92443064 0.01328125 0.01656314
0 0.61015625 0.90993788 0.0078125 0.01035196
0 0.63867187 0.90631469 0.01328125 0.01552795
0 0.50898437 0.89803312 0.01015625 0.01966873
0 0.36835937 0.89285714 0.01015625 0.01345755
0 0.39609375 0.87060041 0.0078125 0.01035196
0 0.49140625 0.87525879 0.0171875 0.02380952
0 0.6140625 0.86749482 0.0140625 0.01863354
0 0.44765625 0.85921325 0.0109375 0.01863354
0 0.5390625 0.84730848 0.009375 0.01552795
0 0.46132812 0.82971014 0.01015625 0.01552795
0 0.31015625 0.80693581 0.0171875 0.02380952
0 0.5546875 0.80590062 0.0171875 0.02380952
0 0.5875 0.78985507 0.0171875 0.02070393
0 0.65039062 0.77795031 0.01171875 0.01759834
0 0.61640625 0.75569358 0.0109375 0.01449275
0 0.59296875 0.74689440 0.0171875 0.02380952
0 0.5609375 0.72929606 0.0125 0.01552795
0 0.30898437 0.73188405 0.00859375 0.02070393
0 0.5203125 0.71790890 0.0171875 0.02380952
0 0.63632812 0.70962732 0.01484375 0.01345755
0 0.38945312 0.70755693 0.01171875 0.01759834
0 0.45078125 0.68737060 0.0109375 0.01449275
0 0.528125 0.68322981 0.0125 0.01863354
0 0.50820312 0.68064182 0.01796875 0.01552795
0 0.33671875 0.68064182 0.0171875 0.02380952
0 0.44257812 0.66304347 0.01171875 0.01345755
0 0.34882812 0.66252587 0.01171875 0.01656314
0 0.31210937 0.66356107 0.01171875 0.01863354
0 0.46757812 0.62008281 0.01171875 0.01449275
0 0.32851562 0.61956521 0.01328125 0.01552795
0 0.52617187 0.61490683 0.01640625 0.02691511
0 0.55273437 0.58229813 0.01640625 0.02173913
0 0.65429687 0.56159420 0.01015625 0.01345755
0 0.3578125 0.54865424 0.0125 0.01242236
0 0.55507812 0.54037267 0.01484375 0.02898550
0 0.65625 0.52173913 0.0109375 0.01449275
0 0.38867187 0.51863354 0.01015625 0.01449275
0 0.45585937 0.49948240 0.01171875 0.01759834
0 0.5609375 0.46532091 0.0109375 0.01345755
0 0.4296875 0.45341614 0.009375 0.01242236
0 0.40117187 0.45341614 0.01015625 0.01449275
0 0.6375 0.43840579 0.0125 0.01759834
0 0.3234375 0.43115942 0.0140625 0.03002070
0 0.67109375 0.38871635 0.0171875 0.01138716
0 0.40117187 0.38975155 0.01015625 0.01345755
0 0.54453125 0.38768115 0.0171875 0.01138716
0 0.48242187 0.37784679 0.01015625 0.01242236
0 0.61171875 0.35869565 0.0109375 0.01345755
0 0.51445312 0.35869565 0.01328125 0.01552795
0 0.5828125 0.35869565 0.0171875 0.02380952
0 0.45351562 0.34472049 0.02421875 0.01656314
0 0.39101562 0.33902691 0.00859375 0.00931677
0 0.33828125 0.33385093 0.0171875 0.02380952
0 0.5859375 0.32919254 0.009375 0.02277432
0 0.61171875 0.32867494 0.0171875 0.02380952
0 0.62695312 0.31677018 0.01015625 0.01242236
0 0.5328125 0.30020703 0.015625 0.01035196
0 0.59296875 0.30072463 0.0109375 0.01759834
0 0.42109375 0.29761904 0.0109375 0.01345755
0 0.34765625 0.27639751 0.0125 0.01863354
0 0.61367187 0.27277432 0.01328125 0.01759834
0 0.6390625 0.26759834 0.0109375 0.01138716
0 0.50585937 0.25465838 0.00859375 0.01242236
0 0.38828125 0.25621118 0.0125 0.01552795
0 0.33359375 0.24637681 0.0109375 0.02691511
0 0.440625 0.24378881 0.01875 0.02587991
0 0.34882812 0.23033126 0.00859375 0.01138716
0 0.58164062 0.22515527 0.01328125 0.01345755
0 0.41835937 0.22670807 0.01171875 0.01656314
0 0.48945312 0.22722567 0.01484375 0.02587991
0 0.56914062 0.20910973 0.01171875 0.01656314
0 0.540625 0.21532091 0.040625 0.03105590
0 0.53984375 0.19461697 0.0125 0.01656314
0 0.63554687 0.18064182 0.01328125 0.01759834
0 0.44570312 0.18115942 0.01640625 0.03312629
0 0.54296875 0.15942028 0.0078125 0.01242236
0 0.47890625 0.14803312 0.0234375 0.03519668
0 0.64101562 0.12629399 0.01953125 0.01242236
0 0.59648437 0.12370600 0.02109375 0.01345755
0 0.3328125 0.11387163 0.0125 0.01863354
0 0.49335937 0.10921325 0.01796875 0.02380952
0 0.51210937 0.10144927 0.01171875 0.01656314
0 0.60273437 0.09782608 0.01015625 0.01966873
0 0.36835937 0.08695652 0.00859375 0.01242236
0 0.33203125 0.08954451 0.0109375 0.02380952
0 0.63984375 0.07971014 0.0140625 0.01242236
0 0.39570312 0.05331262 0.02265625 0.01138716
0 0.68710937 0.00983436 0.01796875 0.01345755