0 0.64765625 0.84420289 0.0171875 0.02587991
0 0.64765625 0.68064182 0.0125 0.02173913
0 0.38789062 0.53416149 0.02890625 0.04761904
0 0.49804687 0.52225672 0.02265625 0.03002070
0 0.38164062 0.45755693 0.01640625 0.02484472
0 0.30859375 0.47153209 0.0203125 0.10248447
0 0.57578125 0.38768115 0.021875 0.02173913
0 0.6390625 0.36283643 0.01875 0.01759834
0 0.51328125 0.34937888 0.0171875 0.03209109
0 0.5390625 0.33540372 0.0171875 0.01242236
0 0.60898437 0.28053830 0.02109375 0.01449275
0 0.63242187 0.28053830 0.01484375 0.02277432
0 0.51171875 0.22360248 0.028125 0.02691511
0 0.58164062 0.12370600 0.02890625 0.04037267
0 0.42421875 0.09627329 0.0203125 0.02691511