0 0.33710937 0.99482401 0.01171875 0.01035196
0 0.571875 0.96894409 0.009375 0.01449275
0 0.4578125 0.96273291 0.0125 0.01656314
0 0.6375 0.94565217 0.0125 0.01966873
0 0.50976562 0.90372670 0.01640625 0.02070393
0 0.6015625 0.88302277 0.0328125 0.04554865
0 0.67109375 0.85714285 0.0140625 0.01863354
0 0.59648437 0.84679089 0.01640625 0.02070393
0 0.62304687 0.83126293 0.01015625 0.02277432
0 0.63476562 0.79503105 0.01640625 0.01449275
0 0.68125 0.77691511 0.0171875 0.02380952
0 0.51875 0.70445134 0.0140625 0.00724637
0 0.35429687 0.63768115 0.01796875 0.00828157
0 0.61757812 0.62681159 0.01171875 0.01759834
0 0.29726562 0.59265010 0.01796875 0.02380952
0 0.64882812 0.57091097 0.01953125 0.01552795
0 0.44648437 0.56004140 0.01328125 0.02070393
0 0.6828125 0.54451345 0.021875 0.02484472
0 0.5625 0.53985507 0.0203125 0.02795031
0 0.57539062 0.50931677 0.02109375 0.02898550
0 0.57578125 0.47619047 0.0171875 0.01863354
0 0.62617187 0.29968944 0.01328125 0.01759834
0 0.43515625 0.14337474 0.0140625 0.00931677
0 0.41367187 0.14440993 0.01171875 0.03209109
0 0.43164062 0.06987577 0.01328125 0.01966873
0 0.38554687 0.04917184 0.01640625 0.00931677
0 0.35898437 0.00414078 0.01484375 0.00828157