0 0.6390625 0.86283643 0.01875 0.02380952
0 0.35546875 0.85144927 0.046875 0.06314699
0 0.59492187 0.81469979 0.01640625 0.01449275
0 0.56953125 0.73291925 0.0171875 0.02277432
0 0.61210937 0.72722567 0.02109375 0.04451345
0 0.63398437 0.71118012 0.01484375 0.01449275
0 0.64765625 0.68064182 0.0125 0.02173913
0 0.47695312 0.57867494 0.01953125 0.02691511
0 0.51132812 0.57763975 0.02265625 0.05175983
0 0.38164062 0.54710144 0.01640625 0.02173913
0 0.38125 0.52329192 0.015625 0.02380952
0 0.46367187 0.53416149 0.02890625 0.04761904
0 0.31757812 0.51501035 0.01640625 0.02173913
0 0.4953125 0.50672877 0.0140625 0.02173913
0 0.5671875 0.46687370 0.025 0.02277432
0 0.43164062 0.44513457 0.01640625 0.01449275
0 0.64648437 0.43892339 0.01640625 0.03726708
0 0.45664062 0.37111801 0.01328125 0.01552795
0 0.64570312 0.37060041 0.02109375 0.01863354
0 0.39101562 0.35973084 0.02265625 0.01552795
0 0.48476562 0.33799171 0.03046875 0.02173913
0 0.5390625 0.32712215 0.0171875 0.01863354
0 0.51484375 0.24171842 0.0109375 0.02380952
0 0.56679687 0.24275362 0.04296875 0.03830227
0 0.56835937 0.19927536 0.04296875 0.03830227