0 0.62851562 0.99223602 0.00703125 0.01138716
0 0.6703125 0.95910973 0.0171875 0.02380952
0 0.3875 0.94616977 0.0140625 0.01035196
0 0.57695312 0.94513457 0.02109375 0.01242236
0 0.62226562 0.94358178 0.01328125 0.01138716
0 0.64179687 0.94047619 0.01484375 0.02173913
0 0.46640625 0.92028985 0.0140625 0.01656314
0 0.54023437 0.89233954 0.01171875 0.01242236
0 0.45625 0.88819875 0.009375 0.01656314
0 0.58554687 0.88354037 0.02421875 0.01345755
0 0.48710937 0.88198757 0.01328125 0.01242236
0 0.30390625 0.88250517 0.0171875 0.02380952
0 0.5875 0.86490683 0.0125 0.01759834
0 0.503125 0.86438923 0.0125 0.01656314
0 0.40585937 0.86283643 0.01015625 0.01345755
0 0.55664062 0.86490683 0.03359375 0.03830227
0 0.42890625 0.85248447 0.009375 0.01345755
0 0.5140625 0.84679089 0.009375 0.02277432
0 0.65625 0.83178053 0.0140625 0.01759834
0 0.4390625 0.82091097 0.0078125 0.01449275
0 0.49140625 0.81728778 0.0171875 0.02380952
0 0.65664062 0.81004140 0.00859375 0.01138716
0 0.6796875 0.79917184 0.0140625 0.01863354
0 0.3828125 0.79917184 0.0140625 0.01863354
0 0.6171875 0.79347826 0.0109375 0.01552795
0 0.3296875 0.77898550 0.0078125 0.01138716
0 0.315625 0.77536231 0.0078125 0.01035196
0 0.45820312 0.77225672 0.01328125 0.01656314
0 0.42382812 0.77173913 0.00859375 0.01759834
0 0.55585937 0.77691511 0.02109375 0.03002070
0 0.60898437 0.76138716 0.02265625 0.04451345
0 0.61484375 0.72360248 0.0125 0.02070393
0 0.47148437 0.71946169 0.01015625 0.01449275
0 0.49453125 0.71635610 0.0109375 0.01449275
0 0.35546875 0.70031055 0.0171875 0.02380952
0 0.51171875 0.65942028 0.015625 0.01449275
0 0.39921875 0.64906832 0.0109375 0.01449275
0 0.64609375 0.63975155 0.0125 0.01863354
0 0.57578125 0.61594202 0.0109375 0.01242236
0 0.29921875 0.59213250 0.015625 0.01656314
0 0.48320312 0.56987577 0.00859375 0.01138716
0 0.371875 0.57194616 0.0125 0.01759834
0 0.41875 0.54554865 0.0078125 0.01242236
0 0.65820312 0.53674948 0.01484375 0.01759834
0 0.534375 0.52743271 0.0171875 0.02380952
0 0.31015625 0.51915113 0.0171875 0.02380952
0 0.3359375 0.51552795 0.0171875 0.02070393
0 0.56953125 0.50879917 0.009375 0.01138716
0 0.54335937 0.50828157 0.01015625 0.01656314
0 0.596875 0.48809523 0.0171875 0.02380952
0 0.37460937 0.47981366 0.00859375 0.01345755
0 0.57265625 0.47619047 0.0109375 0.01656314
0 0.31328125 0.45134575 0.0109375 0.01863354
0 0.51367187 0.43944099 0.01484375 0.01138716
0 0.4609375 0.43374741 0.0109375 0.01035196
0 0.59375 0.43374741 0.0125 0.01449275
0 0.5890625 0.41407867 0.0140625 0.01656314
0 0.62265625 0.40942028 0.015625 0.02380952
0 0.67421875 0.40113871 0.0140625 0.02173913
0 0.38164062 0.38819875 0.01015625 0.01449275
0 0.325 0.38819875 0.0109375 0.01449275
0 0.64960937 0.37215320 0.00703125 0.01345755
0 0.5890625 0.36749482 0.0109375 0.01449275
0 0.62265625 0.37111801 0.01875 0.03002070
0 0.50820312 0.35921325 0.01015625 0.01449275
0 0.37460937 0.34523809 0.01796875 0.02795031
0 0.50039062 0.32298136 0.01328125 0.01863354
0 0.39414062 0.31314699 0.01171875 0.01552795
0 0.36679687 0.28726708 0.01484375 0.00931677
0 0.55742187 0.28209109 0.01484375 0.02587991
0 0.57226562 0.27639751 0.00859375 0.02070393
0 0.4796875 0.27432712 0.009375 0.01656314
0 0.52304687 0.26966873 0.00859375 0.01552795
0 0.459375 0.25207039 0.0109375 0.01345755
0 0.5109375 0.24844720 0.0078125 0.01242236
0 0.38085937 0.23136645 0.01171875 0.01759834
0 0.3890625 0.16718426 0.01875 0.01138716
0 0.44023437 0.15424430 0.01015625 0.01656314
0 0.58007812 0.13664596 0.01328125 0.01242236
0 0.42929687 0.13561076 0.01015625 0.01656314
0 0.53632812 0.13095238 0.01015625 0.01345755
0 0.47421875 0.12991718 0.0078125 0.01759834
0 0.590625 0.11853002 0.009375 0.01138716
0 0.5703125 0.10300207 0.0171875 0.02380952
0 0.60351562 0.09782608 0.01484375 0.01552795
0 0.44648437 0.09575569 0.01328125 0.01759834
0 0.51757812 0.08436853 0.01015625 0.01552795
0 0.69492187 0.02639751 0.01953125 0.01138716
0 0.50039062 0.03002070 0.01328125 0.01863354
0 0.46210937 0.02070393 0.01484375 0.01035196
0 0.28320312 0.02070393 0.00859375 0.01863354
0 0.6390625 0.00983436 0.0109375 0.01966873
0 0.44296875 0.00776397 0.01875 0.01552795