0 0.41953125 0.88198757 0.0171875 0.03105590
0 0.67148437 0.86231884 0.01953125 0.02484472
0 0.31796875 0.84109730 0.0140625 0.01552795
0 0.33789062 0.80227743 0.01796875 0.01863354
0 0.50351562 0.76656314 0.01484375 0.02173913
0 0.61367187 0.73757763 0.01796875 0.02380952
0 0.58789062 0.68012422 0.01171875 0.02070393
0 0.32695312 0.51863354 0.02109375 0.02484472
0 0.465625 0.48550724 0.0171875 0.03105590
0 0.52109375 0.47412008 0.040625 0.02691511
0 0.45742187 0.42443064 0.01640625 0.03105590
0 0.41328125 0.39544513 0.0125 0.02277432
0 0.51601562 0.34472049 0.01171875 0.02277432
0 0.5328125 0.30693581 0.0203125 0.01552795
0 0.63515625 0.07919254 0.0203125 0.05279503