0 0.45234375 0.97049689 0.0171875 0.01759834
0 0.49492187 0.94047619 0.01015625 0.01345755
0 0.321875 0.82712215 0.0125 0.01863354
0 0.5828125 0.80952380 0.0234375 0.02070393
0 0.51445312 0.80745341 0.02265625 0.03519668
0 0.29648437 0.68478260 0.02109375 0.01759834
0 0.6375 0.60093167 0.009375 0.01138716
0 0.63710937 0.53674948 0.01171875 0.01345755
0 0.41835937 0.51708074 0.01796875 0.01552795
0 0.37421875 0.51449275 0.0234375 0.02898550
0 0.46367187 0.41563146 0.01171875 0.01759834
0 0.60351562 0.37008281 0.01953125 0.01759834
0 0.53125 0.27018633 0.01875 0.02070393
0 0.353125 0.24378881 0.0125 0.01759834
0 0.49882812 0.20755693 0.01953125 0.02173913
0 0.4234375 0.20548654 0.015625 0.02380952
0 0.53007812 0.20755693 0.02109375 0.03002070
0 0.54765625 0.13198757 0.00625 0.00931677
0 0.57070312 0.13612836 0.02109375 0.02380952
0 0.54960937 0.05538302 0.02734375 0.03830227