0 0.56210937 0.87888198 0.01796875 0.02691511
0 0.68398437 0.78053830 0.00703125 0.02070393
0 0.44140625 0.73964803 0.025 0.03002070
0 0.4984375 0.73240165 0.025 0.02173913
0 0.48554687 0.59472049 0.01484375 0.01966873
0 0.44492187 0.54347826 0.02109375 0.02277432
0 0.42851562 0.45807453 0.01796875 0.02587991
0 0.6 0.44616977 0.00625 0.01242236
0 0.55625 0.30486542 0.009375 0.01138716
0 0.4921875 0.29658385 0.015625 0.01138716
0 0.33515625 0.23602484 0.01875 0.02691511
0 0.63007812 0.19513457 0.01796875 0.01966873