0 0.40390625 0.85714285 0.0203125 0.02484472
0 0.40976562 0.81418219 0.01640625 0.02173913
0 0.33789062 0.80227743 0.01796875 0.01863354
0 0.61367187 0.73395445 0.01796875 0.01656314
0 0.42617187 0.74223602 0.01640625 0.03933747
0 0.57304687 0.71997929 0.01484375 0.02173913
0 0.40703125 0.51552795 0.0203125 0.02691511
0 0.33007812 0.52743271 0.06328125 0.06935817
0 0.59609375 0.50207039 0.0234375 0.03312629
0 0.49257812 0.29554865 0.01484375 0.02173913
0 0.63242187 0.28053830 0.01484375 0.02277432
0 0.55546875 0.25465838 0.0203125 0.02898550
0 0.53085937 0.22412008 0.01796875 0.02380952
0 0.38242187 0.06728778 0.01328125 0.02277432