0 0.44335937 0.99585921 0.01015625 0.00828157
0 0.41796875 0.98809523 0.0171875 0.02380952
0 0.30351562 0.97929606 0.01328125 0.01242236
0 0.55390625 0.98291925 0.0171875 0.02380952
0 0.52734375 0.97204968 0.021875 0.02898550
0 0.56289062 0.96376811 0.01171875 0.01656314
0 0.50703125 0.96325051 0.0171875 0.02380952
0 0.53867187 0.91200828 0.01484375 0.01863354
0 0.67148437 0.89855072 0.01796875 0.02070393
0 0.56679687 0.87991718 0.00703125 0.01449275
0 0.54648437 0.86645962 0.01171875 0.01656314
0 0.346875 0.86128364 0.0109375 0.01656314
0 0.53554687 0.84834368 0.01484375 0.01759834
0 0.35898437 0.81728778 0.01015625 0.01552795
0 0.4421875 0.78623188 0.0125 0.01552795
0 0.36210937 0.77898550 0.00859375 0.01138716
0 0.67304687 0.77329192 0.01015625 0.01449275
0 0.3234375 0.77380952 0.0171875 0.02380952
0 0.64140625 0.75621118 0.0125 0.01552795
0 0.49257812 0.74223602 0.01015625 0.01656314
0 0.37734375 0.73809523 0.0109375 0.01656314
0 0.65625 0.71739130 0.0203125 0.03105590
0 0.48398437 0.70652173 0.02109375 0.00931677
0 0.4265625 0.70445134 0.009375 0.01966873
0 0.45 0.69047619 0.0234375 0.01863354
0 0.59023437 0.66407867 0.00859375 0.01552795
0 0.38125 0.66097308 0.009375 0.01138716
0 0.57734375 0.65320910 0.0109375 0.01656314
0 0.33125 0.64389233 0.021875 0.02691511
0 0.35039062 0.62474120 0.01328125 0.01759834
0 0.45117187 0.62474120 0.01484375 0.01966873
0 0.66640625 0.60662525 0.0109375 0.01449275
0 0.52695312 0.60300207 0.01484375 0.03002070
0 0.45898437 0.59161490 0.01015625 0.01138716
0 0.38476562 0.58799171 0.01328125 0.01449275
0 0.67265625 0.58488612 0.01875 0.03312629
0 0.4546875 0.57142857 0.0125 0.01449275
0 0.53007812 0.55900621 0.02578125 0.01656314
0 0.30039062 0.55900621 0.01328125 0.01863354
0 0.33554687 0.54658385 0.01015625 0.01242236
0 0.48945312 0.53674948 0.01171875 0.01552795
0 0.63515625 0.53364389 0.0125 0.01966873
0 0.48789062 0.51552795 0.01953125 0.01449275
0 0.30234375 0.50207039 0.0109375 0.01449275
0 0.63046875 0.49844720 0.0171875 0.02380952
0 0.56171875 0.49171842 0.009375 0.01242236
0 0.39179687 0.47308488 0.02578125 0.01035196
0 0.59804687 0.46687370 0.01015625 0.01449275
0 0.49960937 0.44151138 0.00859375 0.00931677
0 0.35820312 0.44047619 0.01171875 0.01759834
0 0.59726562 0.43737060 0.02421875 0.01552795
0 0.29882812 0.42391304 0.00859375 0.01345755
0 0.40820312 0.41511387 0.01953125 0.01035196
0 0.39101562 0.41200828 0.01171875 0.02070393
0 0.58945312 0.40786749 0.00703125 0.02070393
0 0.67773437 0.39492753 0.01171875 0.01759834
0 0.3328125 0.39699792 0.0171875 0.02380952
0 0.57109375 0.38146997 0.0109375 0.01345755
0 0.53671875 0.37991718 0.0125 0.01656314
0 0.3296875 0.36335403 0.0171875 0.01656314
0 0.45585937 0.36231884 0.00859375 0.01656314
0 0.53398437 0.33436853 0.01171875 0.01449275
0 0.62695312 0.30900621 0.00859375 0.01138716
0 0.48359375 0.31469979 0.0265625 0.02691511
0 0.42460937 0.29554865 0.01640625 0.00931677
0 0.52929687 0.28053830 0.01328125 0.01449275
0 0.46601562 0.25362318 0.01171875 0.01449275
0 0.55859375 0.24585921 0.009375 0.01345755
0 0.51328125 0.23395445 0.0125 0.01242236
0 0.43398437 0.24120082 0.01953125 0.02691511
0 0.64023437 0.21790890 0.00859375 0.01138716
0 0.41132812 0.22049689 0.00703125 0.01656314
0 0.49257812 0.20703933 0.01484375 0.01656314
0 0.4328125 0.20755693 0.0171875 0.02380952
0 0.46796875 0.19461697 0.015625 0.01449275
0 0.575 0.18944099 0.0109375 0.01863354
0 0.51015625 0.16770186 0.0125 0.01242236
0 0.409375 0.16821946 0.0125 0.01759834
0 0.53984375 0.15062111 0.0171875 0.02380952
0 0.65 0.14492753 0.009375 0.01863354
0 0.4390625 0.14130434 0.0109375 0.01345755
0 0.459375 0.14337474 0.0171875 0.02380952
0 0.34023437 0.13095238 0.02109375 0.01552795
0 0.55742187 0.11801242 0.01171875 0.01449275
0 0.59882812 0.07608695 0.01015625 0.01552795
0 0.60820312 0.05227743 0.01328125 0.02173913
0 0.503125 0.04503105 0.0171875 0.02380952
0 0.63007812 0.02277432 0.01953125 0.01035196
0 0.38164062 0.02277432 0.01015625 0.02484472
0 0.50625 0.02018633 0.0171875 0.02380952