0 0.40078125 0.99534161 0.01875 0.00931677
0 0.62109375 0.97360248 0.0109375 0.01345755
0 0.39726562 0.97463768 0.01953125 0.02173913
0 0.52382812 0.96325051 0.01171875 0.02380952
0 0.446875 0.95082815 0.0171875 0.02380952
0 0.5703125 0.89389233 0.0171875 0.02380952
0 0.4265625 0.88664596 0.0171875 0.02380952
0 0.65742187 0.87525879 0.01015625 0.01966873
0 0.33515625 0.86853002 0.0078125 0.01035196
0 0.50078125 0.87318840 0.0171875 0.02380952
0 0.38359375 0.86335403 0.0234375 0.02484472
0 0.52265625 0.85455486 0.0171875 0.02380952
0 0.36835937 0.82919254 0.01171875 0.01656314
0 0.4203125 0.82660455 0.0109375 0.01345755
0 0.35351562 0.81521739 0.01171875 0.01552795
0 0.44257812 0.80797101 0.01015625 0.01345755
0 0.40117187 0.80745341 0.01328125 0.01656314
0 0.50976562 0.79710144 0.01015625 0.01449275
0 0.496875 0.79503105 0.0125 0.01242236
0 0.51015625 0.75931677 0.0125 0.01552795
0 0.32617187 0.76552795 0.01171875 0.03002070
0 0.47851562 0.74378881 0.01328125 0.01345755
0 0.41132812 0.75258799 0.01640625 0.03726708
0 0.36835937 0.73602484 0.01015625 0.01449275
0 0.4265625 0.73343685 0.009375 0.01138716
0 0.3015625 0.73550724 0.0171875 0.02380952
0 0.60234375 0.69616977 0.0125 0.01759834
0 0.44804687 0.69358178 0.02578125 0.01656314
0 0.42460937 0.68995859 0.01640625 0.01552795
0 0.5890625 0.64906832 0.009375 0.01242236
0 0.37578125 0.64906832 0.0140625 0.01449275
0 0.34570312 0.64803312 0.01328125 0.02898550
0 0.490625 0.64026915 0.0171875 0.02380952
0 0.66445312 0.61335403 0.01015625 0.01552795
0 0.39882812 0.58799171 0.01328125 0.01863354
0 0.4203125 0.58540372 0.0125 0.01759834
0 0.40859375 0.57091097 0.009375 0.01138716
0 0.35351562 0.56521739 0.01015625 0.01035196
0 0.653125 0.55331262 0.0125 0.02380952
0 0.41640625 0.54710144 0.0125 0.01345755
0 0.58945312 0.54192546 0.01015625 0.01552795
0 0.57421875 0.53778467 0.0125 0.01552795
0 0.36484375 0.53364389 0.0171875 0.02380952
0 0.51054687 0.51501035 0.00859375 0.01138716
0 0.59453125 0.51552795 0.0109375 0.01449275
0 0.3421875 0.50621118 0.015625 0.01656314
0 0.68203125 0.49637681 0.0109375 0.01345755
0 0.6484375 0.48706004 0.0109375 0.01552795
0 0.52265625 0.48343685 0.015625 0.02070393
0 0.37734375 0.46014492 0.0125 0.02587991
0 0.46171875 0.46118012 0.021875 0.04037267
0 0.55429687 0.43788819 0.01328125 0.01656314
0 0.44335937 0.44202898 0.01953125 0.02898550
0 0.60507812 0.41977225 0.01640625 0.02380952
0 0.54296875 0.41356107 0.0125 0.01345755
0 0.63828125 0.41666666 0.0171875 0.02380952
0 0.4359375 0.40734989 0.0109375 0.01552795
0 0.59570312 0.39337474 0.01171875 0.01242236
0 0.51757812 0.39389233 0.01171875 0.02795031
0 0.57617187 0.38871635 0.01015625 0.01966873
0 0.32070312 0.38664596 0.01328125 0.01759834
0 0.4671875 0.37111801 0.0171875 0.02380952
0 0.58554687 0.35300207 0.01171875 0.01656314
0 0.61914062 0.34316770 0.01484375 0.01966873
0 0.61289062 0.32453416 0.01015625 0.01138716
0 0.52578125 0.32091097 0.0125 0.01863354
0 0.56484375 0.31262939 0.0125 0.01449275
0 0.48515625 0.31004140 0.0109375 0.01138716
0 0.61679687 0.30952380 0.01171875 0.01449275
0 0.4 0.30486542 0.0171875 0.02380952
0 0.55976562 0.29503105 0.01484375 0.01863354
0 0.6375 0.28053830 0.0125 0.01449275
0 0.38085937 0.24637681 0.01328125 0.01656314
0 0.61328125 0.22567287 0.0140625 0.01035196
0 0.43945312 0.21790890 0.01015625 0.01345755
0 0.4859375 0.20703933 0.0109375 0.01449275
0 0.58789062 0.19927536 0.01171875 0.01552795
0 0.57695312 0.18271221 0.01171875 0.01345755
0 0.58398437 0.14337474 0.01328125 0.01759834
0 0.54296875 0.13250517 0.015625 0.01242236
0 0.34804687 0.12681159 0.00859375 0.00931677
0 0.62773437 0.12681159 0.01171875 0.03002070
0 0.50039062 0.11749482 0.01328125 0.01345755
0 0.44296875 0.10714285 0.0125 0.01552795
0 0.55351562 0.10351966 0.01640625 0.01656314
0 0.47773437 0.06366459 0.01171875 0.01345755
0 0.43515625 0.06262939 0.0140625 0.03002070
0 0.63359375 0.05434782 0.015625 0.02380952
0 0.609375 0.05227743 0.0203125 0.04865424
0 0.3140625 0.01449275 0.0140625 0.01656314