0 0.4390625 0.99016563 0.0109375 0.01966873
0 0.58515625 0.96221532 0.0109375 0.01759834
0 0.30859375 0.95600414 0.0171875 0.02380952
0 0.69375 0.92650103 0.0109375 0.01242236
0 0.47265625 0.90476190 0.0125 0.01035196
0 0.53671875 0.89285714 0.0109375 0.01138716
0 0.33125 0.87215320 0.0109375 0.01345755
0 0.56054687 0.87008281 0.01015625 0.01345755
0 0.63046875 0.85610766 0.0109375 0.01656314
0 0.40859375 0.84730848 0.0203125 0.02173913
0 0.4453125 0.85041407 0.009375 0.03002070
0 0.51914062 0.84265010 0.01015625 0.02691511
0 0.41015625 0.82712215 0.0125 0.01242236
0 0.32578125 0.79968944 0.0171875 0.02380952
0 0.32851562 0.77536231 0.00859375 0.01449275
0 0.57421875 0.74896480 0.0125 0.01345755
0 0.3453125 0.73084886 0.009375 0.01242236
0 0.421875 0.73136645 0.0171875 0.02380952
0 0.29414062 0.71066252 0.01171875 0.01552795
0 0.45507812 0.70755693 0.01171875 0.01345755
0 0.46953125 0.70496894 0.0125 0.01656314
0 0.36445312 0.69720496 0.01015625 0.01759834
0 0.58164062 0.69565217 0.01796875 0.01863354
0 0.64335937 0.69306418 0.00859375 0.01759834
0 0.47617187 0.68581780 0.01171875 0.01552795
0 0.59492187 0.67598343 0.01796875 0.01035196
0 0.34375 0.66407867 0.0109375 0.01552795
0 0.61679687 0.65424430 0.01171875 0.01863354
0 0.39179687 0.64906832 0.01328125 0.01656314
0 0.36601562 0.64699792 0.01796875 0.02070393
0 0.57773437 0.64389233 0.01953125 0.02070393
0 0.61445312 0.63302277 0.01171875 0.01552795
0 0.45429687 0.62991718 0.01015625 0.01345755
0 0.29921875 0.63509316 0.0171875 0.02380952
0 0.67460937 0.61801242 0.01640625 0.01863354
0 0.4765625 0.60455486 0.0171875 0.01449275
0 0.63515625 0.60248447 0.0109375 0.01656314
0 0.59492187 0.57971014 0.01484375 0.01035196
0 0.46171875 0.56832298 0.0125 0.01035196
0 0.36015625 0.56262939 0.015625 0.01345755
0 0.5578125 0.54917184 0.009375 0.01138716
0 0.32578125 0.55072463 0.009375 0.01863354
0 0.325 0.51086956 0.009375 0.01138716
0 0.39882812 0.51501035 0.01328125 0.02795031
0 0.47578125 0.49948240 0.0109375 0.01138716
0 0.37929687 0.47567287 0.01484375 0.01552795
0 0.4828125 0.45807453 0.0140625 0.01552795
0 0.41132812 0.46376811 0.00703125 0.03312629
0 0.38242187 0.43115942 0.01328125 0.01552795
0 0.34726562 0.42236024 0.01015625 0.01242236
0 0.54335937 0.41407867 0.01640625 0.01656314
0 0.63515625 0.41045548 0.0125 0.01345755
0 0.45351562 0.41459627 0.01328125 0.02173913
0 0.37929687 0.40269151 0.01015625 0.01242236
0 0.66132812 0.39492753 0.01015625 0.01345755
0 0.29882812 0.39803312 0.02109375 0.02587991
0 0.346875 0.38198757 0.0125 0.01449275
0 0.38359375 0.37836438 0.009375 0.01345755
0 0.47578125 0.35455486 0.0171875 0.02380952
0 0.596875 0.34782608 0.009375 0.02070393
0 0.33476562 0.33643892 0.01328125 0.01863354
0 0.4296875 0.32039337 0.0078125 0.01138716
0 0.4625 0.30693581 0.0125 0.01552795
0 0.5140625 0.30848861 0.028125 0.02691511
0 0.42851562 0.29606625 0.01171875 0.01656314
0 0.40859375 0.28364389 0.0140625 0.01242236
0 0.42304687 0.27329192 0.01328125 0.01449275
0 0.54257812 0.25724637 0.01640625 0.03623188
0 0.3796875 0.24120082 0.0109375 0.01656314
0 0.353125 0.23654244 0.0171875 0.02380952
0 0.40742187 0.22670807 0.01484375 0.02070393
0 0.48359375 0.20289855 0.0140625 0.01863354
0 0.43007812 0.19824016 0.01015625 0.01138716
0 0.64414062 0.19461697 0.01015625 0.03105590
0 0.37929687 0.19099378 0.01953125 0.02380952
0 0.54960937 0.16407867 0.01640625 0.02173913
0 0.64335937 0.15165631 0.01171875 0.01552795
0 0.37226562 0.14389233 0.01171875 0.01449275
0 0.58789062 0.12784679 0.00859375 0.01345755
0 0.36914062 0.12318840 0.02265625 0.02484472
0 0.64023437 0.10144927 0.02265625 0.01449275
0 0.51289062 0.09627329 0.01640625 0.01863354
0 0.63476562 0.08333333 0.01171875 0.01345755
0 0.60234375 0.08695652 0.009375 0.02070393
0 0.4625 0.07505175 0.0109375 0.01966873
0 0.37851562 0.08229813 0.01953125 0.03416149
0 0.5140625 0.06004140 0.025 0.02277432
0 0.39375 0.01604554 0.01875 0.02173913