0 0.3875 0.98084886 0.0171875 0.02380952
0 0.525 0.96946169 0.0171875 0.02380952
0 0.34453125 0.96325051 0.0171875 0.02380952
0 0.6 0.95600414 0.015625 0.02380952
0 0.64257812 0.94461697 0.01328125 0.01966873
0 0.4265625 0.91149068 0.025 0.02587991
0 0.371875 0.90372670 0.0125 0.01449275
0 0.60742187 0.89803312 0.01953125 0.01759834
0 0.56367187 0.89182194 0.02421875 0.02380952
0 0.35585937 0.87784679 0.01015625 0.01449275
0 0.66953125 0.86697722 0.0140625 0.01552795
0 0.58710937 0.84782608 0.01640625 0.01656314
0 0.5203125 0.84213250 0.0375 0.01966873
0 0.3390625 0.84368530 0.0125 0.02277432
0 0.6453125 0.82505175 0.0109375 0.01656314
0 0.54375 0.81832298 0.0109375 0.01759834
0 0.37890625 0.80331262 0.0109375 0.01242236
0 0.4765625 0.79658385 0.0109375 0.01552795
0 0.3609375 0.79710144 0.0140625 0.01656314
0 0.68046875 0.80227743 0.01875 0.02898550
0 0.59882812 0.79503105 0.01015625 0.01656314
0 0.61757812 0.78674948 0.00859375 0.01242236
0 0.44804687 0.76035196 0.02578125 0.01759834
0 0.38554687 0.74534161 0.01328125 0.01449275
0 0.60820312 0.74689440 0.02265625 0.02173913
0 0.46054687 0.73706004 0.01015625 0.01449275
0 0.346875 0.70186335 0.0109375 0.01656314
0 0.45078125 0.69151138 0.0078125 0.01449275
0 0.671875 0.66563146 0.0109375 0.01242236
0 0.46796875 0.66097308 0.0109375 0.01345755
0 0.36015625 0.64906832 0.0140625 0.01449275
0 0.315625 0.65269151 0.0171875 0.02380952
0 0.4921875 0.63405797 0.0171875 0.00931677
0 0.41132812 0.62681159 0.03046875 0.03416149
0 0.66640625 0.60766045 0.009375 0.01242236
0 0.34414062 0.60766045 0.01328125 0.01656314
0 0.46796875 0.59472049 0.0078125 0.01138716
0 0.40273437 0.59420289 0.00859375 0.01449275
0 0.37578125 0.57660455 0.0125 0.01449275
0 0.32304687 0.56832298 0.01328125 0.01449275
0 0.65703125 0.56366459 0.009375 0.01345755
0 0.55273437 0.55072463 0.01484375 0.02070393
0 0.34804687 0.54503105 0.01171875 0.01345755
0 0.45195312 0.51086956 0.01640625 0.01759834
0 0.39414062 0.50362318 0.01171875 0.01759834
0 0.60039062 0.50051759 0.02421875 0.02795031
0 0.5796875 0.48706004 0.0109375 0.01345755
0 0.5421875 0.49120082 0.0171875 0.02380952
0 0.31796875 0.46376811 0.0171875 0.02484472
0 0.34179687 0.45186335 0.02109375 0.04037267
0 0.36171875 0.42908902 0.0125 0.01138716
0 0.45703125 0.41356107 0.009375 0.01552795
0 0.48398437 0.35455486 0.01328125 0.01966873
0 0.62070312 0.34989648 0.01015625 0.01449275
0 0.5859375 0.32763975 0.0125 0.00931677
0 0.54335937 0.33281573 0.01328125 0.01966873
0 0.6015625 0.33022774 0.0171875 0.02484472
0 0.43046875 0.32453416 0.025 0.01966873
0 0.54101562 0.29710144 0.01328125 0.01863354
0 0.41054687 0.29554865 0.01328125 0.01966873
0 0.3734375 0.28467908 0.015625 0.01035196
0 0.4125 0.26966873 0.0140625 0.01552795
0 0.3453125 0.26501035 0.01875 0.01242236
0 0.46679687 0.25931677 0.01015625 0.01966873
0 0.60507812 0.25414078 0.01015625 0.01345755
0 0.59101562 0.23084886 0.01171875 0.01449275
0 0.5015625 0.22412008 0.009375 0.01138716
0 0.47734375 0.20186335 0.0421875 0.02898550
0 0.50859375 0.19254658 0.0078125 0.01863354
0 0.34453125 0.17753623 0.0171875 0.02587991
0 0.61171875 0.15010351 0.009375 0.02070393
0 0.52734375 0.13561076 0.0140625 0.02070393
0 0.36640625 0.13509316 0.0171875 0.02380952
0 0.37460937 0.11645962 0.01484375 0.01759834
0 0.50859375 0.11490683 0.009375 0.01863354
0 0.434375 0.10196687 0.015625 0.01138716
0 0.33242187 0.08281573 0.01015625 0.01656314
0 0.60625 0.06159420 0.0125 0.01552795
0 0.46445312 0.05848861 0.01171875 0.01345755
0 0.69726562 0.04296066 0.00859375 0.00931677
0 0.65625 0.03985507 0.0125 0.00931677
0 0.3140625 0.03674948 0.009375 0.01552795
0 0.46601562 0.03364389 0.02578125 0.03209109