0 0.47304687 0.93064182 0.01640625 0.02277432
0 0.51210937 0.84265010 0.01328125 0.01656314
0 0.33828125 0.82971014 0.0125 0.01552795
0 0.62890625 0.81573498 0.0171875 0.01656314
0 0.53398437 0.76604554 0.01328125 0.02070393
0 0.54492187 0.75776397 0.00703125 0.01035196
0 0.515625 0.68115942 0.01875 0.02484472
0 0.59375 0.63302277 0.0234375 0.02380952
0 0.65625 0.62681159 0.01875 0.01966873
0 0.34453125 0.58436853 0.0203125 0.02795031
0 0.47734375 0.58022774 0.0171875 0.02173913
0 0.5453125 0.50621118 0.021875 0.02277432
0 0.44570312 0.43322981 0.00859375 0.02173913
0 0.3765625 0.40372670 0.0203125 0.02277432
0 0.58476562 0.34057971 0.01171875 0.01242236
0 0.49921875 0.31573498 0.0109375 0.01449275
0 0.453125 0.29140786 0.009375 0.02795031
0 0.48515625 0.21739130 0.021875 0.02277432
0 0.57929687 0.20445134 0.01015625 0.01138716
0 0.4328125 0.08333333 0.0234375 0.02587991