0 0.53789062 0.97049689 0.01328125 0.01759834
0 0.6375 0.96635610 0.0171875 0.02380952
0 0.57109375 0.96118012 0.0171875 0.02173913
0 0.46328125 0.93115942 0.0125 0.02173913
0 0.49140625 0.92443064 0.015625 0.01242236
0 0.36835937 0.92908902 0.03359375 0.02380952
0 0.56132812 0.89130434 0.01015625 0.01449275
0 0.578125 0.88871635 0.0109375 0.01552795
0 0.3984375 0.88250517 0.0078125 0.00931677
0 0.43867187 0.85973084 0.00859375 0.01345755
0 0.29882812 0.85869565 0.01171875 0.01552795
0 0.590625 0.85196687 0.015625 0.01656314
0 0.496875 0.82919254 0.0109375 0.01656314
0 0.628125 0.82556935 0.0265625 0.02587991
0 0.67304687 0.81884057 0.01015625 0.01449275
0 0.60078125 0.81314699 0.0171875 0.02380952
0 0.49296875 0.80486542 0.0140625 0.01552795
0 0.66601562 0.79347826 0.01015625 0.01552795
0 0.43515625 0.76604554 0.01875 0.01242236
0 0.66054687 0.76708074 0.01171875 0.02070393
0 0.35664062 0.76397515 0.02109375 0.02277432
0 0.41601562 0.75931677 0.01171875 0.01759834
0 0.38203125 0.75517598 0.009375 0.02173913
0 0.62773437 0.74741200 0.01640625 0.01656314
0 0.60507812 0.71273291 0.01328125 0.01759834
0 0.41757812 0.70289855 0.01171875 0.01863354
0 0.39023437 0.69824016 0.03203125 0.02173913
0 0.334375 0.68219461 0.009375 0.02277432
0 0.60585937 0.67287784 0.01328125 0.01656314
0 0.64023437 0.67080745 0.01171875 0.01449275
0 0.4890625 0.64492753 0.0078125 0.01656314
0 0.57460937 0.62060041 0.01171875 0.01138716
0 0.48359375 0.62060041 0.009375 0.01552795
0 0.6 0.60869565 0.0078125 0.01035196
0 0.6765625 0.60041407 0.0171875 0.01863354
0 0.31953125 0.60093167 0.0171875 0.02380952
0 0.52460937 0.59420289 0.01640625 0.01242236
0 0.38359375 0.57401656 0.0125 0.01552795
0 0.3765625 0.52950310 0.009375 0.01552795
0 0.371875 0.51086956 0.009375 0.01759834
0 0.66523437 0.50414078 0.00859375 0.01449275
0 0.63359375 0.48654244 0.021875 0.02484472
0 0.55898437 0.47826086 0.00703125 0.02070393
0 0.43984375 0.47256728 0.0171875 0.02380952
0 0.54453125 0.46221532 0.0171875 0.02380952
0 0.59296875 0.44513457 0.0109375 0.01035196
0 0.52851562 0.44151138 0.01640625 0.01138716
0 0.55078125 0.43012422 0.015625 0.01345755
0 0.65 0.43167701 0.0109375 0.01863354
0 0.46445312 0.42494824 0.01171875 0.01138716
0 0.42265625 0.42339544 0.0125 0.01242236
0 0.43984375 0.42598343 0.0171875 0.02380952
0 0.62382812 0.41614906 0.01015625 0.01449275
0 0.50039062 0.39078674 0.01171875 0.01552795
0 0.67148437 0.38612836 0.01484375 0.01656314
0 0.62265625 0.38354037 0.0125 0.01345755
0 0.640625 0.35351966 0.0234375 0.01966873
0 0.3625 0.34886128 0.015625 0.01863354
0 0.54765625 0.32608695 0.009375 0.01449275
0 0.49296875 0.32867494 0.01875 0.02587991
0 0.64023437 0.30797101 0.00703125 0.01759834
0 0.60117187 0.30538302 0.01015625 0.02070393
0 0.45625 0.30072463 0.0109375 0.01138716
0 0.46875 0.27743271 0.0109375 0.02484472
0 0.52109375 0.27277432 0.009375 0.01759834
0 0.6125 0.26915113 0.0109375 0.01242236
0 0.5375 0.25983436 0.0109375 0.01242236
0 0.50546875 0.25983436 0.0109375 0.01656314
0 0.55976562 0.25051759 0.01015625 0.01035196
0 0.63984375 0.23033126 0.009375 0.01345755
0 0.540625 0.23291925 0.0125 0.01863354
0 0.45234375 0.22670807 0.0125 0.02277432
0 0.4140625 0.22153209 0.009375 0.01449275
0 0.5890625 0.21480331 0.0171875 0.02380952
0 0.46132812 0.19720496 0.01328125 0.01759834
0 0.38945312 0.18478260 0.01796875 0.01552795
0 0.48554687 0.18064182 0.01015625 0.01345755
0 0.38164062 0.16873706 0.00703125 0.01035196
0 0.334375 0.17132505 0.015625 0.02380952
0 0.46835937 0.16666666 0.01015625 0.02070393
0 0.55585937 0.18219461 0.01015625 0.05590062
0 0.60507812 0.15424430 0.01171875 0.01656314
0 0.515625 0.15269151 0.0171875 0.02380952
0 0.40078125 0.14855072 0.015625 0.01759834
0 0.53515625 0.12163561 0.0203125 0.01552795
0 0.42109375 0.11128364 0.0140625 0.01138716
0 0.34609375 0.07867494 0.0125 0.01656314
0 0.54960937 0.05952380 0.00859375 0.01345755
0 0.35195312 0.06055900 0.01015625 0.01552795
0 0.50195312 0.02639751 0.02734375 0.02795031