0 0.553125 0.88509316 0.0453125 0.03519668
0 0.41953125 0.88198757 0.0171875 0.03105590
0 0.64453125 0.87370600 0.040625 0.06418219
0 0.66992187 0.84523809 0.01484375 0.03416149
0 0.409375 0.83229813 0.015625 0.02277432
0 0.3171875 0.79347826 0.0203125 0.02795031
0 0.39023437 0.76501035 0.01640625 0.02070393
0 0.36835937 0.73861283 0.01640625 0.02380952
0 0.5890625 0.66718426 0.01875 0.01966873
0 0.66992187 0.61490683 0.03046875 0.02898550
0 0.61210937 0.60300207 0.01953125 0.03002070
0 0.4765625 0.59006211 0.0203125 0.02484472
0 0.55546875 0.51915113 0.0125 0.01759834
0 0.51171875 0.53312629 0.05 0.05797101
0 0.37304687 0.48084886 0.02109375 0.01966873
0 0.46445312 0.48136645 0.01484375 0.02277432
0 0.36015625 0.39906832 0.0140625 0.02173913
0 0.4078125 0.39544513 0.0234375 0.02277432
0 0.59960937 0.38923395 0.02109375 0.02691511
0 0.52773437 0.28519668 0.01640625 0.01552795
0 0.59453125 0.29606625 0.021875 0.04554865
0 0.63945312 0.06935817 0.01171875 0.01863354
0 0.59921875 0.07971014 0.0140625 0.05175983
0 0.54726562 0.06573498 0.01953125 0.02587991