0 0.315625 0.86594202 0.0109375 0.02587991
0 0.64765625 0.84420289 0.0171875 0.02587991
0 0.4578125 0.74171842 0.015625 0.04037267
0 0.55625 0.72826086 0.0125 0.02380952
0 0.60742187 0.69358178 0.01953125 0.02277432
0 0.60703125 0.65372670 0.01875 0.01759834
0 0.66640625 0.60766045 0.0140625 0.02277432
0 0.44453125 0.54399585 0.0234375 0.01552795
0 0.33632812 0.50569358 0.01640625 0.01966873
0 0.56914062 0.46997929 0.02890625 0.02898550
0 0.43164062 0.44513457 0.01640625 0.01449275
0 0.6203125 0.40165631 0.015625 0.02277432
0 0.38046875 0.35196687 0.01875 0.01656314
0 0.49375 0.32815734 0.0140625 0.02070393
0 0.42265625 0.31677018 0.0296875 0.02070393
0 0.61992187 0.30538302 0.01328125 0.02691511
0 0.49375 0.28519668 0.0125 0.01552795
0 0.51953125 0.15631469 0.0125 0.02691511
0 0.35703125 0.12681159 0.0203125 0.02587991