0 0.5359375 0.93633540 0.0078125 0.01759834
0 0.65820312 0.93271221 0.00703125 0.02277432
0 0.45859375 0.91718426 0.0109375 0.01242236
0 0.43085937 0.91045548 0.01796875 0.01138716
0 0.51914062 0.91304347 0.01328125 0.01863354
0 0.57304687 0.90320910 0.01328125 0.01552795
0 0.49296875 0.89233954 0.009375 0.01242236
0 0.4625 0.88768115 0.009375 0.01345755
0 0.41171875 0.87525879 0.009375 0.01138716
0 0.39335937 0.86594202 0.01171875 0.01552795
0 0.42421875 0.84730848 0.0125 0.01345755
0 0.6609375 0.84420289 0.0140625 0.01552795
0 0.29375 0.84834368 0.0109375 0.02380952
0 0.36523437 0.83592132 0.00859375 0.01345755
0 0.60898437 0.83281573 0.01171875 0.01966873
0 0.4890625 0.82815734 0.0125 0.02070393
0 0.48632812 0.80952380 0.01171875 0.01449275
0 0.51484375 0.80797101 0.0171875 0.02380952
0 0.59453125 0.78985507 0.0125 0.01863354
0 0.39140625 0.78674948 0.0140625 0.01242236
0 0.50351562 0.76966873 0.01953125 0.01966873
0 0.49804687 0.74327122 0.01328125 0.01656314
0 0.321875 0.72981366 0.01875 0.02277432
0 0.44609375 0.72619047 0.0171875 0.02380952
0 0.3421875 0.71997929 0.0125 0.01552795
0 0.62695312 0.70859213 0.01328125 0.01345755
0 0.60546875 0.69979296 0.0125 0.01449275
0 0.58632812 0.70393374 0.01484375 0.02277432
0 0.3890625 0.70341614 0.0171875 0.02380952
0 0.56171875 0.68064182 0.009375 0.01552795
0 0.62304687 0.65217391 0.02734375 0.03105590
0 0.515625 0.63716356 0.0125 0.01552795
0 0.65234375 0.62060041 0.0140625 0.01552795
0 0.35 0.61438923 0.0109375 0.01345755
0 0.571875 0.60248447 0.009375 0.01035196
0 0.5515625 0.60507246 0.0171875 0.02380952
0 0.64921875 0.59109730 0.0171875 0.01656314
0 0.5625 0.58229813 0.0125 0.02173913
0 0.46640625 0.55952380 0.0171875 0.02380952
0 0.54375 0.55590062 0.0171875 0.02277432
0 0.33984375 0.55641821 0.0171875 0.02380952
0 0.3234375 0.54658385 0.009375 0.01242236
0 0.60859375 0.54710144 0.0109375 0.01966873
0 0.49570312 0.54192546 0.00859375 0.01759834
0 0.67148437 0.52587991 0.01171875 0.01863354
0 0.56601562 0.51811594 0.01171875 0.01552795
0 0.30742187 0.51138716 0.01171875 0.04140786
0 0.48554687 0.49637681 0.01015625 0.01552795
0 0.41132812 0.49223602 0.01015625 0.01552795
0 0.453125 0.48447204 0.0078125 0.01449275
0 0.57773437 0.47826086 0.00703125 0.02484472
0 0.32460937 0.46894409 0.01171875 0.01449275
0 0.46992187 0.46273291 0.01015625 0.01863354
0 0.52382812 0.46066252 0.01484375 0.01863354
0 0.33203125 0.44927536 0.0140625 0.01656314
0 0.68710937 0.43685300 0.01015625 0.01656314
0 0.4109375 0.42805383 0.009375 0.01138716
0 0.38125 0.42443064 0.0078125 0.01449275
0 0.40117187 0.42028985 0.01015625 0.01242236
0 0.56914062 0.43115942 0.02578125 0.04244306
0 0.48984375 0.41666666 0.0109375 0.01345755
0 0.296875 0.41821946 0.009375 0.01656314
0 0.31992187 0.41459627 0.01328125 0.01552795
0 0.52265625 0.40734989 0.0171875 0.02380952
0 0.67382812 0.38509316 0.01640625 0.03519668
0 0.53515625 0.35973084 0.0125 0.01345755
0 0.57539062 0.34989648 0.01171875 0.01656314
0 0.48398437 0.33022774 0.01171875 0.01242236
0 0.47148437 0.31469979 0.02109375 0.01656314
0 0.590625 0.31211180 0.009375 0.01759834
0 0.55078125 0.27691511 0.015625 0.01966873
0 0.4015625 0.26552795 0.0109375 0.02380952
0 0.52890625 0.25155279 0.0125 0.01242236
0 0.49101562 0.24585921 0.01015625 0.01759834
0 0.46328125 0.23757763 0.0125 0.01345755
0 0.34335937 0.19565217 0.01015625 0.01656314
0 0.39023437 0.18219461 0.01015625 0.01449275
0 0.62539062 0.18064182 0.01171875 0.01345755
0 0.40507812 0.17080745 0.02421875 0.01449275
0 0.43828125 0.15372670 0.0171875 0.02380952
0 0.52460937 0.14337474 0.01171875 0.01345755
0 0.36015625 0.13768115 0.0109375 0.01449275
0 0.45546875 0.11128364 0.0125 0.01552795
0 0.40859375 0.10817805 0.0171875 0.02380952
0 0.64375 0.09213250 0.0109375 0.01656314
0 0.33242187 0.07919254 0.01015625 0.01345755
0 0.50429687 0.07608695 0.01484375 0.01345755
0 0.45546875 0.05693581 0.0125 0.01449275
0 0.4234375 0.04658385 0.021875 0.01656314
0 0.4703125 0.01035196 0.0125 0.01656314