0 0.5546875 0.96946169 0.0171875 0.02380952
0 0.67929687 0.95652173 0.02109375 0.01449275
0 0.63203125 0.93737060 0.0078125 0.01345755
0 0.53203125 0.88250517 0.0109375 0.01966873
0 0.43632812 0.86542443 0.01015625 0.01449275
0 0.32734375 0.85093167 0.009375 0.01863354
0 0.57226562 0.84523809 0.01171875 0.01552795
0 0.45664062 0.84109730 0.01015625 0.01345755
0 0.590625 0.83333333 0.0109375 0.01449275
0 0.3703125 0.83022774 0.0109375 0.01656314
0 0.65234375 0.82194616 0.0125 0.01242236
0 0.52265625 0.82298136 0.009375 0.01863354
0 0.3421875 0.82142857 0.009375 0.01966873
0 0.53984375 0.81832298 0.0125 0.01552795
0 0.6875 0.80486542 0.0078125 0.01345755
0 0.39726562 0.80745341 0.01953125 0.02277432
0 0.453125 0.80590062 0.0171875 0.02380952
0 0.4734375 0.80020703 0.0109375 0.01449275
0 0.35273437 0.77846790 0.01328125 0.01449275
0 0.30351562 0.77795031 0.01171875 0.01759834
0 0.55742187 0.75672877 0.01484375 0.01449275
0 0.31757812 0.74896480 0.01015625 0.01138716
0 0.38671875 0.73291925 0.0109375 0.01242236
0 0.4765625 0.73706004 0.021875 0.02691511
0 0.31445312 0.71428571 0.02421875 0.02484472
0 0.64023437 0.69202898 0.01015625 0.01138716
0 0.52578125 0.67857142 0.0109375 0.01552795
0 0.57773437 0.67080745 0.01171875 0.01449275
0 0.6796875 0.66200828 0.0140625 0.02173913
0 0.48671875 0.66200828 0.0234375 0.02795031
0 0.45429687 0.65165631 0.01328125 0.01759834
0 0.5890625 0.62784679 0.0140625 0.01759834
0 0.45664062 0.61956521 0.01171875 0.01345755
0 0.53007812 0.61801242 0.00859375 0.02898550
0 0.51796875 0.60248447 0.0125 0.01449275
0 0.49726562 0.56728778 0.01328125 0.01242236
0 0.33671875 0.55124223 0.0125 0.01138716
0 0.678125 0.54710144 0.0171875 0.02380952
0 0.4109375 0.53623188 0.009375 0.01242236
0 0.34726562 0.50569358 0.01953125 0.01552795
0 0.30390625 0.50983436 0.009375 0.02587991
0 0.5796875 0.49016563 0.0125 0.01138716
0 0.45117187 0.48809523 0.01015625 0.01966873
0 0.59648437 0.49120082 0.01171875 0.02795031
0 0.40351562 0.47256728 0.01328125 0.01759834
0 0.67460937 0.46169772 0.01015625 0.01449275
0 0.65390625 0.46014492 0.0171875 0.02173913
0 0.60742187 0.44824016 0.01171875 0.01449275
0 0.58828125 0.44565217 0.009375 0.01138716
0 0.38007812 0.43167701 0.01171875 0.01449275
0 0.42851562 0.43012422 0.00859375 0.01552795
0 0.40195312 0.42701863 0.01015625 0.01345755
0 0.4890625 0.38871635 0.0109375 0.00931677
0 0.66445312 0.37888198 0.01328125 0.02484472
0 0.53632812 0.37111801 0.01015625 0.01552795
0 0.49140625 0.36956521 0.0140625 0.02277432
0 0.38242187 0.36128364 0.00859375 0.01242236
0 0.61171875 0.36076604 0.015625 0.02587991
0 0.440625 0.35869565 0.0171875 0.02380952
0 0.51679687 0.34575569 0.01015625 0.01035196
0 0.56523437 0.32660455 0.00703125 0.01138716
0 0.41757812 0.32712215 0.01171875 0.01449275
0 0.4796875 0.32971014 0.0203125 0.02380952
0 0.64257812 0.31987577 0.01328125 0.01656314
0 0.40546875 0.31832298 0.0125 0.02173913
0 0.48632812 0.29968944 0.01328125 0.01552795
0 0.4421875 0.28364389 0.0234375 0.01449275
0 0.36914062 0.25879917 0.01171875 0.01242236
0 0.58945312 0.24534161 0.01171875 0.01656314
0 0.40976562 0.24016563 0.00859375 0.01242236
0 0.47421875 0.24844720 0.009375 0.03519668
0 0.471875 0.21946169 0.0125 0.01656314
0 0.56445312 0.21583850 0.01484375 0.02380952
0 0.42304687 0.19461697 0.01328125 0.01656314
0 0.60390625 0.18115942 0.0109375 0.02277432
0 0.62539062 0.16614906 0.01484375 0.01552795
0 0.38632812 0.14751552 0.01640625 0.01552795
0 0.515625 0.12991718 0.0140625 0.00931677
0 0.59609375 0.12577639 0.0109375 0.01966873
0 0.334375 0.12370600 0.015625 0.02380952
0 0.37929687 0.10196687 0.01171875 0.01552795
0 0.61796875 0.09057971 0.0109375 0.00931677
0 0.45 0.09730848 0.01875 0.02691511
0 0.62382812 0.07608695 0.01171875 0.01345755
0 0.53203125 0.07349896 0.009375 0.01656314
0 0.63984375 0.06366459 0.009375 0.01345755
0 0.62695312 0.05486542 0.01796875 0.01863354
0 0.40234375 0.03053830 0.0203125 0.02173913
0 0.52070312 0.03209109 0.01328125 0.03519668