0 0.6328125 0.99689440 0.009375 0.00621118
0 0.40585937 0.99482401 0.01484375 0.01035196
0 0.30195312 0.97256728 0.01640625 0.01966873
0 0.6375 0.94668737 0.0109375 0.01138716
0 0.48203125 0.94254658 0.0140625 0.01552795
0 0.625 0.93788819 0.0171875 0.01242236
0 0.32617187 0.93892339 0.01953125 0.03312629
0 0.67773437 0.92598343 0.01953125 0.01966873
0 0.34140625 0.91666666 0.0125 0.01345755
0 0.60039062 0.90527950 0.01484375 0.01552795
0 0.4 0.89233954 0.0125 0.02070393
0 0.48632812 0.87732919 0.01484375 0.03623188
0 0.58710937 0.86438923 0.00859375 0.01242236
0 0.3375 0.86024844 0.009375 0.01242236
0 0.40078125 0.85869565 0.0109375 0.01552795
0 0.41757812 0.85714285 0.01171875 0.01449275
0 0.66757812 0.84782608 0.01171875 0.01242236
0 0.61523437 0.84161490 0.01171875 0.01656314
0 0.44882812 0.82712215 0.01328125 0.01449275
0 0.57851562 0.81366459 0.02734375 0.01035196
0 0.54609375 0.79296066 0.021875 0.01656314
0 0.6609375 0.78416149 0.0171875 0.02380952
0 0.50898437 0.77122153 0.01640625 0.01242236
0 0.35820312 0.76552795 0.01328125 0.01345755
0 0.56601562 0.76552795 0.02421875 0.02380952
0 0.4296875 0.75621118 0.0171875 0.02380952
0 0.44492187 0.75 0.00859375 0.01552795
0 0.36796875 0.74844720 0.0109375 0.01242236
0 0.44140625 0.72412008 0.0109375 0.01345755
0 0.34101562 0.70496894 0.01484375 0.01449275
0 0.59023437 0.69099378 0.01171875 0.01552795
0 0.62382812 0.68788819 0.01015625 0.01552795
0 0.66601562 0.68944099 0.01640625 0.03105590
0 0.3703125 0.62474120 0.0109375 0.01345755
0 0.34648437 0.62370600 0.01328125 0.01345755
0 0.65390625 0.62577639 0.0171875 0.02173913
0 0.44453125 0.61697722 0.0140625 0.01863354
0 0.2921875 0.61076604 0.0078125 0.01242236
0 0.42773437 0.60144927 0.01640625 0.01656314
0 0.46640625 0.60196687 0.0171875 0.02380952
0 0.55859375 0.59782608 0.0171875 0.02380952
0 0.55820312 0.58022774 0.02109375 0.00931677
0 0.3609375 0.57608695 0.0171875 0.02380952
0 0.50976562 0.55900621 0.01328125 0.01656314
0 0.67148437 0.54761904 0.01328125 0.01035196
0 0.56367187 0.53260869 0.01015625 0.01345755
0 0.37734375 0.52795031 0.009375 0.01242236
0 0.45742187 0.51966873 0.01171875 0.01656314
0 0.63398437 0.51708074 0.01015625 0.01345755
0 0.30117187 0.51708074 0.01015625 0.03209109
0 0.48125 0.49948240 0.0125 0.01759834
0 0.51367187 0.49016563 0.01015625 0.01345755
0 0.36601562 0.46169772 0.01015625 0.01656314
0 0.33515625 0.46325051 0.01875 0.02173913
0 0.30703125 0.43944099 0.0125 0.01966873
0 0.6125 0.43012422 0.0109375 0.01552795
0 0.63984375 0.43064182 0.0109375 0.02691511
0 0.665625 0.41200828 0.0171875 0.01449275
0 0.42148437 0.40993788 0.01328125 0.01656314
0 0.45 0.39958592 0.0125 0.01656314
0 0.52382812 0.38354037 0.00859375 0.01552795
0 0.56171875 0.37060041 0.009375 0.01242236
0 0.46015625 0.36697722 0.0078125 0.01966873
0 0.53125 0.36645962 0.0109375 0.02070393
0 0.38242187 0.35921325 0.01796875 0.02484472
0 0.4796875 0.34213250 0.0140625 0.01552795
0 0.54101562 0.31314699 0.01171875 0.01345755
0 0.60390625 0.31107660 0.0171875 0.02380952
0 0.62539062 0.30072463 0.01171875 0.01552795
0 0.56914062 0.28933747 0.01640625 0.01345755
0 0.409375 0.28105590 0.0109375 0.00931677
0 0.615625 0.28053830 0.0109375 0.01656314
0 0.36914062 0.27018633 0.01015625 0.01449275
0 0.4609375 0.25828157 0.0171875 0.02380952
0 0.5140625 0.24482401 0.0140625 0.01759834
0 0.5953125 0.23602484 0.0125 0.01863354
0 0.44765625 0.22308488 0.0125 0.01345755
0 0.56132812 0.21221532 0.01328125 0.01449275
0 0.54414062 0.14906832 0.01171875 0.01449275
0 0.59882812 0.13716356 0.01171875 0.01552795
0 0.58632812 0.13509316 0.01015625 0.01138716
0 0.37382812 0.13664596 0.02265625 0.03933747
0 0.45117187 0.11231884 0.01171875 0.01759834
0 0.63164062 0.10093167 0.01796875 0.01138716
0 0.34296875 0.09006211 0.0140625 0.02691511
0 0.42851562 0.07763975 0.01328125 0.01449275
0 0.53320312 0.06780538 0.01484375 0.01345755
0 0.59140625 0.06159420 0.0109375 0.01552795
0 0.47734375 0.05797101 0.0109375 0.01656314
0 0.63125 0.05331262 0.0171875 0.02380952
0 0.53203125 0.04399585 0.0171875 0.02380952
0 0.29375 0.00362318 0.0140625 0.00724637