0 0.38242187 0.98861283 0.02109375 0.02277432
0 0.32539062 0.92753623 0.02265625 0.02277432
0 0.50703125 0.86490683 0.021875 0.02173913
0 0.33632812 0.85144927 0.01484375 0.03002070
0 0.36796875 0.82556935 0.0171875 0.02380952
0 0.353125 0.79296066 0.0125 0.01863354
0 0.48125 0.79451345 0.021875 0.02795031
0 0.5625 0.75672877 0.015625 0.02484472
0 0.5046875 0.70548654 0.0140625 0.01552795
0 0.50976562 0.67443064 0.01640625 0.02587991
0 0.56757812 0.64958592 0.01328125 0.01552795
0 0.30742187 0.56625258 0.01328125 0.02277432
0 0.62929687 0.55693581 0.01796875 0.02691511
0 0.3953125 0.54710144 0.009375 0.02587991
0 0.525 0.51708074 0.0140625 0.02380952
0 0.29921875 0.46842650 0.01875 0.02795031
0 0.2984375 0.42701863 0.009375 0.01759834
0 0.40546875 0.42546583 0.0171875 0.02277432
0 0.53164062 0.38198757 0.01484375 0.01449275
0 0.4328125 0.36801242 0.01875 0.01759834
0 0.46757812 0.29813664 0.01796875 0.02691511
0 0.63359375 0.25362318 0.0171875 0.03312629
0 0.4140625 0.21169772 0.0125 0.01552795
0 0.43867187 0.20652173 0.02578125 0.02380952
0 0.58320312 0.19875776 0.01953125 0.01863354
0 0.39335937 0.07763975 0.00703125 0.02898550
0 0.53867187 0.01863354 0.02421875 0.03312629