0 0.41914062 0.88819875 0.01640625 0.01863354
0 0.46601562 0.86749482 0.01640625 0.02277432
0 0.40390625 0.85714285 0.0203125 0.02484472
0 0.61367187 0.73757763 0.01796875 0.02380952
0 0.64453125 0.66718426 0.01875 0.02173913
0 0.30859375 0.50776397 0.0203125 0.03002070
0 0.41484375 0.48706004 0.0203125 0.03209109
0 0.58164062 0.43478260 0.02578125 0.01863354
0 0.60664062 0.41252587 0.01328125 0.02587991
0 0.51015625 0.30590062 0.0203125 0.01552795
0 0.609375 0.29658385 0.01875 0.01552795
0 0.49375 0.28519668 0.0125 0.01552795
0 0.60898437 0.28053830 0.02109375 0.01449275
0 0.49648437 0.23861283 0.01796875 0.03002070