0 0.28359375 0.95341614 0.0125 0.01863354
0 0.39140625 0.88664596 0.0265625 0.00931677
0 0.6828125 0.84420289 0.015625 0.02795031
0 0.50507812 0.83333333 0.01796875 0.01449275
0 0.3171875 0.81469979 0.01875 0.02898550
0 0.35820312 0.80279503 0.01328125 0.01966873
0 0.56953125 0.79037267 0.0234375 0.02587991
0 0.61992187 0.75879917 0.02109375 0.02277432
0 0.64648437 0.74585921 0.02265625 0.03002070
0 0.47070312 0.73291925 0.01171875 0.02070393
0 0.44882812 0.73136645 0.01484375 0.02380952
0 0.50859375 0.54917184 0.0140625 0.01759834
0 0.56445312 0.52432712 0.02265625 0.03830227
0 0.49960937 0.43633540 0.01328125 0.02173913
0 0.68671875 0.42391304 0.0109375 0.02380952
0 0.6484375 0.39440993 0.0125 0.01449275
0 0.33945312 0.38716356 0.01953125 0.01863354
0 0.46171875 0.35403726 0.01875 0.02277432
0 0.48828125 0.33695652 0.0171875 0.02380952
0 0.33632812 0.33488612 0.01640625 0.01966873
0 0.62265625 0.32971014 0.0125 0.02173913
0 0.5796875 0.29399585 0.025 0.02691511
0 0.33320312 0.23084886 0.01171875 0.01863354
0 0.45390625 0.16563146 0.0171875 0.02691511
0 0.40117187 0.15217391 0.01640625 0.01863354