0 0.54179687 0.87008281 0.01796875 0.01345755
0 0.659375 0.85817805 0.00625 0.02691511
0 0.63515625 0.83488612 0.0234375 0.03002070
0 0.3140625 0.80590062 0.0203125 0.02587991
0 0.38984375 0.78830227 0.01875 0.01966873
0 0.55585937 0.76656314 0.01796875 0.03209109
0 0.4921875 0.73861283 0.009375 0.01966873
0 0.64804687 0.62215320 0.01328125 0.02070393
0 0.43789062 0.57608695 0.01953125 0.01345755
0 0.50546875 0.55175983 0.0171875 0.00828157
0 0.30664062 0.53985507 0.01328125 0.01345755
0 0.5109375 0.49327122 0.0171875 0.02173913
0 0.38984375 0.45341614 0.021875 0.02691511
0 0.321875 0.42753623 0.0171875 0.02070393
0 0.3546875 0.40579710 0.0265625 0.02484472
0 0.49257812 0.31884057 0.01796875 0.02691511
0 0.56210937 0.05175983 0.01796875 0.02277432
0 0.69804687 0.03881987 0.01484375 0.01345755