0 0.59492187 0.82505175 0.01640625 0.01449275
0 0.32460937 0.80175983 0.03359375 0.08178053
0 0.5859375 0.75828157 0.021875 0.02587991
0 0.42617187 0.74223602 0.01640625 0.03933747
0 0.61914062 0.60351966 0.01484375 0.02691511
0 0.37070312 0.52795031 0.03671875 0.03312629
0 0.5109375 0.50672877 0.0140625 0.01966873
0 0.43867187 0.48550724 0.01640625 0.03105590
0 0.45429687 0.39389233 0.01640625 0.02380952
0 0.4828125 0.38664596 0.021875 0.02587991
0 0.51328125 0.34937888 0.0171875 0.03209109
0 0.3953125 0.33488612 0.015625 0.02380952
0 0.5796875 0.32608695 0.053125 0.04761904
0 0.62421875 0.22826086 0.0171875 0.02795031