0 0.48984375 0.96221532 0.0265625 0.03002070
0 0.61015625 0.92443064 0.0078125 0.01656314
0 0.64453125 0.89233954 0.009375 0.01242236
0 0.53867187 0.89078674 0.01953125 0.01138716
0 0.39765625 0.89130434 0.0109375 0.01449275
0 0.52148437 0.89648033 0.00859375 0.02691511
0 0.50585937 0.88975155 0.01171875 0.01759834
0 0.37890625 0.88457556 0.0203125 0.01345755
0 0.48984375 0.88405797 0.0109375 0.01656314
0 0.54648437 0.87111801 0.02578125 0.02173913
0 0.37578125 0.86283643 0.0125 0.01552795
0 0.6765625 0.86335403 0.0140625 0.01863354
0 0.62109375 0.86180124 0.0125 0.01759834
0 0.58085937 0.84109730 0.01328125 0.01759834
0 0.34257812 0.83954451 0.00859375 0.01656314
0 0.48085937 0.82608695 0.01796875 0.02070393
0 0.6625 0.82608695 0.025 0.03519668
0 0.36835937 0.81625258 0.01640625 0.02380952
0 0.5796875 0.81211180 0.0171875 0.02380952
0 0.42265625 0.79451345 0.0125 0.02380952
0 0.47929687 0.78053830 0.01640625 0.01035196
0 0.50234375 0.76759834 0.0203125 0.02380952
0 0.65273437 0.76086956 0.01015625 0.01449275
0 0.31875 0.75362318 0.009375 0.01449275
0 0.48320312 0.75362318 0.01171875 0.02277432
0 0.29414062 0.72670807 0.01171875 0.01656314
0 0.6515625 0.71169772 0.0171875 0.02380952
0 0.4921875 0.70910973 0.0140625 0.01863354
0 0.37265625 0.68944099 0.0109375 0.01242236
0 0.5640625 0.66563146 0.0140625 0.01863354
0 0.61601562 0.66252587 0.01015625 0.01449275
0 0.55859375 0.64440993 0.009375 0.01138716
0 0.53359375 0.63302277 0.0203125 0.01138716
0 0.29414062 0.63405797 0.01171875 0.02380952
0 0.58671875 0.62784679 0.0125 0.01552795
0 0.60703125 0.61076604 0.0203125 0.01449275
0 0.528125 0.60455486 0.0109375 0.01656314
0 0.61171875 0.57919254 0.0109375 0.01552795
0 0.42109375 0.58022774 0.0171875 0.02380952
0 0.62578125 0.55590062 0.009375 0.01242236
0 0.40507812 0.53985507 0.01484375 0.01966873
0 0.53515625 0.53933747 0.009375 0.02277432
0 0.63828125 0.50983436 0.0171875 0.01552795
0 0.5140625 0.49689440 0.009375 0.01449275
0 0.41523437 0.49068322 0.00859375 0.01035196
0 0.59960937 0.48861283 0.02265625 0.03105590
0 0.53085937 0.46739130 0.01796875 0.02795031
0 0.63671875 0.46221532 0.0171875 0.02380952
0 0.46679687 0.45238095 0.02578125 0.01035196
0 0.43242187 0.44824016 0.00703125 0.01242236
0 0.59960937 0.44616977 0.01171875 0.01449275
0 0.36445312 0.44254658 0.01796875 0.01552795
0 0.65742187 0.42701863 0.01328125 0.01759834
0 0.35 0.42753623 0.015625 0.02484472
0 0.590625 0.41770186 0.0109375 0.01552795
0 0.49414062 0.41925465 0.01328125 0.01863354
0 0.38632812 0.41097308 0.01015625 0.01449275
0 0.36289062 0.39130434 0.01171875 0.01242236
0 0.53515625 0.36180124 0.0171875 0.02380952
0 0.37617187 0.35507246 0.01015625 0.01449275
0 0.64375 0.35144927 0.0125 0.01552795
0 0.60351562 0.33902691 0.01171875 0.01759834
0 0.52421875 0.34006211 0.0109375 0.02380952
0 0.57421875 0.31366459 0.0078125 0.01035196
0 0.41289062 0.31521739 0.01015625 0.01345755
0 0.5953125 0.30797101 0.0171875 0.02380952
0 0.53007812 0.29140786 0.01328125 0.01759834
0 0.44765625 0.25414078 0.0171875 0.02380952
0 0.63007812 0.24792960 0.01171875 0.01552795
0 0.503125 0.23861283 0.0125 0.01552795
0 0.61171875 0.23861283 0.0171875 0.02380952
0 0.63125 0.22670807 0.0125 0.01656314
0 0.3625 0.21687370 0.0140625 0.01552795
0 0.59023437 0.20703933 0.01328125 0.01656314
0 0.33867187 0.20031055 0.02421875 0.04865424
0 0.35976562 0.16666666 0.01015625 0.03519668
0 0.41601562 0.15734989 0.01796875 0.01863354
0 0.39179687 0.15424430 0.01171875 0.02070393
0 0.55546875 0.12474120 0.0234375 0.02587991
0 0.52890625 0.11853002 0.009375 0.01966873
0 0.3390625 0.11853002 0.0171875 0.02380952
0 0.37851562 0.10455486 0.01171875 0.01656314
0 0.621875 0.09368530 0.0078125 0.01552795
0 0.49726562 0.08747412 0.01015625 0.01966873
0 0.34453125 0.07712215 0.009375 0.01138716
0 0.56523437 0.06573498 0.01640625 0.01759834
0 0.59101562 0.06159420 0.01015625 0.01345755
0 0.63789062 0.05848861 0.01953125 0.01759834
0 0.42265625 0.04399585 0.0171875 0.02380952
0 0.4390625 0.01759834 0.01875 0.01863354