0 0.409375 0.83229813 0.015625 0.02277432
0 0.59023437 0.81935817 0.02578125 0.02380952
0 0.36835937 0.73861283 0.01640625 0.02380952
0 0.5640625 0.66821946 0.015625 0.02587991
0 0.44453125 0.52691511 0.021875 0.01449275
0 0.56914062 0.46997929 0.02890625 0.02898550
0 0.6046875 0.39958592 0.0203125 0.02691511
0 0.4078125 0.36024844 0.0203125 0.02277432
0 0.38046875 0.35455486 0.01875 0.02173913
0 0.37578125 0.32349896 0.0171875 0.01966873
0 0.42265625 0.31677018 0.0296875 0.02070393
0 0.5734375 0.32608695 0.040625 0.04761904
0 0.48476562 0.28519668 0.03046875 0.04244306