0 0.62070312 0.99068322 0.01015625 0.01242236
0 0.54101562 0.99223602 0.01171875 0.01552795
0 0.36679687 0.99223602 0.01484375 0.01552795
0 0.4234375 0.97877846 0.0171875 0.02380952
0 0.38046875 0.97877846 0.0171875 0.02380952
0 0.33789062 0.90734989 0.01171875 0.01345755
0 0.53789062 0.90942028 0.01796875 0.01966873
0 0.61640625 0.90217391 0.0125 0.01552795
0 0.61015625 0.88923395 0.0109375 0.01656314
0 0.30390625 0.87060041 0.0109375 0.01656314
0 0.35507812 0.86645962 0.01640625 0.01242236
0 0.46523437 0.85351966 0.01484375 0.01759834
0 0.65078125 0.85041407 0.0171875 0.02380952
0 0.30898437 0.83954451 0.01015625 0.01242236
0 0.38203125 0.82763975 0.015625 0.01345755
0 0.29335937 0.82194616 0.01015625 0.01242236
0 0.44960937 0.81055900 0.01171875 0.01656314
0 0.36171875 0.78002070 0.009375 0.01345755
0 0.3328125 0.77898550 0.009375 0.01552795
0 0.44804687 0.77691511 0.01328125 0.01759834
0 0.66328125 0.76863354 0.028125 0.03002070
0 0.58515625 0.76035196 0.0171875 0.02380952
0 0.39960937 0.75672877 0.01484375 0.02070393
0 0.30976562 0.74482401 0.01953125 0.01552795
0 0.4234375 0.72670807 0.009375 0.01242236
0 0.32734375 0.70910973 0.0203125 0.01035196
0 0.41796875 0.70031055 0.0125 0.01345755
0 0.453125 0.69047619 0.009375 0.02277432
0 0.484375 0.66614906 0.0109375 0.01552795
0 0.59414062 0.65217391 0.01015625 0.01242236
0 0.35351562 0.65683229 0.01796875 0.03830227
0 0.62304687 0.63923395 0.01328125 0.01759834
0 0.64609375 0.63819875 0.0171875 0.02380952
0 0.52265625 0.63095238 0.009375 0.01345755
0 0.47109375 0.59523809 0.0109375 0.01449275
0 0.60234375 0.58592132 0.0125 0.02277432
0 0.634375 0.58074534 0.0140625 0.01863354
0 0.68476562 0.56987577 0.01484375 0.01759834
0 0.44335937 0.55383022 0.01171875 0.01449275
0 0.45625 0.54968944 0.0125 0.01242236
0 0.54570312 0.54037267 0.00703125 0.01449275
0 0.44414062 0.53778467 0.01015625 0.01138716
0 0.43945312 0.49068322 0.00859375 0.01863354
0 0.30507812 0.49068322 0.01953125 0.03105590
0 0.64257812 0.49120082 0.02421875 0.03623188
0 0.5296875 0.47877846 0.009375 0.01345755
0 0.51054687 0.47360248 0.01015625 0.01345755
0 0.3609375 0.47567287 0.0171875 0.02380952
0 0.62695312 0.46480331 0.01015625 0.01242236
0 0.31367187 0.45859213 0.01640625 0.01656314
0 0.4796875 0.44254658 0.0171875 0.02380952
0 0.64921875 0.41045548 0.0171875 0.02380952
0 0.53671875 0.40579710 0.009375 0.01656314
0 0.38203125 0.40838509 0.021875 0.02173913
0 0.51523437 0.39958592 0.01796875 0.02691511
0 0.67929687 0.39544513 0.01640625 0.02484472
0 0.48398437 0.38405797 0.01015625 0.02070393
0 0.43164062 0.37577639 0.00859375 0.01242236
0 0.39609375 0.37681159 0.0109375 0.01656314
0 0.51484375 0.36956521 0.0234375 0.01035196
0 0.63828125 0.37060041 0.009375 0.01449275
0 0.61367187 0.36853002 0.00859375 0.02070393
0 0.33710937 0.35973084 0.01171875 0.01552795
0 0.62890625 0.35041407 0.0125 0.01552795
0 0.375 0.34782608 0.009375 0.01242236
0 0.41132812 0.34782608 0.01328125 0.01449275
0 0.3796875 0.33333333 0.0078125 0.01242236
0 0.55351562 0.30486542 0.02734375 0.02380952
0 0.43007812 0.29399585 0.00859375 0.01863354
0 0.45390625 0.27329192 0.0203125 0.01656314
0 0.48398437 0.25879917 0.01015625 0.01449275
0 0.55585937 0.23654244 0.01484375 0.01552795
0 0.62890625 0.21635610 0.0109375 0.01656314
0 0.34257812 0.20807453 0.01015625 0.01863354
0 0.52890625 0.20186335 0.0203125 0.01449275
0 0.64023437 0.17443064 0.01171875 0.01552795
0 0.38203125 0.16770186 0.0125 0.01449275
0 0.55703125 0.16045548 0.0203125 0.01863354
0 0.59101562 0.13457556 0.01171875 0.01656314
0 0.48984375 0.12888198 0.0171875 0.02380952
0 0.6078125 0.12629399 0.0140625 0.02070393
0 0.36210937 0.10455486 0.01328125 0.01863354
0 0.4296875 0.09420289 0.0109375 0.01449275
0 0.4359375 0.07556935 0.0109375 0.01656314
0 0.47773437 0.05279503 0.01953125 0.01035196
0 0.534375 0.04140786 0.0125 0.01449275
0 0.34023437 0.02070393 0.01171875 0.01242236
0 0.37421875 0.02432712 0.0171875 0.02380952
0 0.45234375 0.01138716 0.0171875 0.02277432