0 0.6734375 0.87267080 0.015625 0.02691511
0 0.3234375 0.86490683 0.0109375 0.02173913
0 0.53867187 0.84368530 0.02109375 0.02691511
0 0.49921875 0.76708074 0.0234375 0.02277432
0 0.5859375 0.76449275 0.021875 0.03830227
0 0.34921875 0.74068322 0.015625 0.02173913
0 0.39140625 0.73964803 0.01875 0.02173913
0 0.55625 0.72826086 0.0125 0.02380952
0 0.5890625 0.66718426 0.01875 0.01966873
0 0.64570312 0.64803312 0.01953125 0.02691511
0 0.67226562 0.61076604 0.01484375 0.02484472
0 0.44453125 0.54399585 0.0234375 0.01552795
0 0.44453125 0.52691511 0.021875 0.01449275
0 0.51171875 0.52950310 0.05 0.06521739
0 0.30859375 0.50776397 0.0203125 0.03002070
0 0.41132812 0.49068322 0.01328125 0.02484472
0 0.57460937 0.47308488 0.01796875 0.02277432
0 0.40625 0.45755693 0.0171875 0.02484472
0 0.40585937 0.42287784 0.01796875 0.03209109
0 0.61445312 0.40942028 0.02890625 0.03830227
0 0.540625 0.36438923 0.021875 0.02070393
0 0.63359375 0.35248447 0.01875 0.02173913
0 0.39492187 0.32349896 0.01640625 0.01552795
0 0.45039062 0.24120082 0.01484375 0.02484472
0 0.42070312 0.12474120 0.01328125 0.02587991