0 0.4453125 0.98550724 0.0078125 0.01035196
0 0.42421875 0.91356107 0.015625 0.01759834
0 0.40585937 0.90476190 0.01328125 0.01656314
0 0.61875 0.88975155 0.0109375 0.01345755
0 0.58984375 0.88664596 0.0109375 0.00931677
0 0.65585937 0.88354037 0.00859375 0.01138716
0 0.36914062 0.88509316 0.01328125 0.01863354
0 0.2921875 0.86853002 0.0078125 0.01656314
0 0.50859375 0.86128364 0.0203125 0.01035196
0 0.33242187 0.85455486 0.02578125 0.02380952
0 0.62617187 0.84213250 0.01015625 0.01759834
0 0.50664062 0.83540372 0.01015625 0.01242236
0 0.340625 0.83385093 0.0078125 0.01138716
0 0.68320312 0.81055900 0.01328125 0.01449275
0 0.5828125 0.81521739 0.0234375 0.02587991
0 0.34492187 0.80279503 0.01015625 0.01345755
0 0.60703125 0.80124223 0.0125 0.01656314
0 0.53203125 0.80020703 0.0125 0.01656314
0 0.68242187 0.78726708 0.00859375 0.01552795
0 0.6359375 0.74327122 0.009375 0.01449275
0 0.66875 0.74275362 0.0078125 0.02795031
0 0.64648437 0.71428571 0.01640625 0.01863354
0 0.6625 0.70859213 0.0125 0.01759834
0 0.61210937 0.70962732 0.02421875 0.02173913
0 0.525 0.69720496 0.0171875 0.02380952
0 0.40820312 0.66873706 0.01640625 0.02070393
0 0.67617187 0.66356107 0.01328125 0.01449275
0 0.45820312 0.65062111 0.01015625 0.01345755
0 0.36367187 0.65113871 0.02109375 0.03312629
0 0.63828125 0.63302277 0.0125 0.01552795
0 0.54726562 0.63146997 0.00703125 0.02277432
0 0.56523437 0.62991718 0.01484375 0.02380952
0 0.4484375 0.62370600 0.0140625 0.01759834
0 0.325 0.62060041 0.0171875 0.02380952
0 0.39882812 0.61438923 0.00859375 0.01966873
0 0.37109375 0.61024844 0.0109375 0.01552795
0 0.44257812 0.60144927 0.00859375 0.01242236
0 0.50039062 0.59782608 0.01171875 0.01552795
0 0.35117187 0.59420289 0.00703125 0.01035196
0 0.55351562 0.58488612 0.01328125 0.01863354
0 0.5046875 0.58022774 0.0109375 0.01345755
0 0.49414062 0.57142857 0.00859375 0.01035196
0 0.46132812 0.57556935 0.01953125 0.02484472
0 0.4703125 0.56314699 0.0171875 0.01242236
0 0.6796875 0.55331262 0.0234375 0.02587991
0 0.46289062 0.54451345 0.00859375 0.01656314
0 0.60820312 0.54089026 0.01328125 0.01966873
0 0.40859375 0.52950310 0.0265625 0.03209109
0 0.584375 0.52846790 0.0171875 0.04037267
0 0.68828125 0.50983436 0.0078125 0.01138716
0 0.6453125 0.50103519 0.0125 0.01656314
0 0.37734375 0.48757763 0.0125 0.01656314
0 0.60546875 0.46842650 0.009375 0.02795031
0 0.56015625 0.45703933 0.0109375 0.01966873
0 0.2984375 0.44461697 0.0125 0.01552795
0 0.34335937 0.43737060 0.01171875 0.01759834
0 0.4515625 0.43530020 0.0109375 0.01759834
0 0.5046875 0.42908902 0.0109375 0.01345755
0 0.36367187 0.41407867 0.01015625 0.01449275
0 0.30351562 0.41407867 0.01015625 0.01449275
0 0.559375 0.40838509 0.0125 0.01552795
0 0.46875 0.38923395 0.0109375 0.01656314
0 0.36523437 0.34886128 0.01328125 0.02898550
0 0.4921875 0.33695652 0.009375 0.01345755
0 0.41875 0.31935817 0.028125 0.02173913
0 0.64648437 0.28519668 0.01640625 0.02173913
0 0.5859375 0.28519668 0.0171875 0.02380952
0 0.41054687 0.26708074 0.00859375 0.00828157
0 0.5328125 0.24585921 0.0078125 0.01345755
0 0.45 0.24016563 0.015625 0.02070393
0 0.6328125 0.23861283 0.0171875 0.02380952
0 0.434375 0.23033126 0.009375 0.01345755
0 0.365625 0.23240165 0.0171875 0.02380952
0 0.54648437 0.21066252 0.01015625 0.01345755
0 0.43554687 0.18426501 0.01328125 0.01656314
0 0.58710937 0.18426501 0.01640625 0.01863354
0 0.33164062 0.18271221 0.01015625 0.01552795
0 0.61445312 0.16045548 0.00859375 0.02277432
0 0.58867187 0.15786749 0.01640625 0.02173913
0 0.33476562 0.13664596 0.01328125 0.01656314
0 0.5015625 0.12577639 0.009375 0.02173913
0 0.60507812 0.11076604 0.01015625 0.01242236
0 0.54023437 0.10610766 0.01328125 0.01138716
0 0.43398437 0.09523809 0.00859375 0.01242236
0 0.34335937 0.09420289 0.02265625 0.02484472
0 0.4109375 0.06884057 0.0171875 0.02380952
0 0.58984375 0.06004140 0.0109375 0.01656314
0 0.66914062 0.04761904 0.01484375 0.02898550
0 0.60507812 0.02846790 0.01953125 0.01759834