0 0.57851562 0.88509316 0.01796875 0.01656314
0 0.67109375 0.87267080 0.0203125 0.02691511
0 0.31796875 0.84109730 0.0140625 0.01552795
0 0.63945312 0.81573498 0.01171875 0.02277432
0 0.64296875 0.77743271 0.0140625 0.01863354
0 0.61367187 0.73395445 0.01796875 0.01656314
0 0.44179687 0.74223602 0.01640625 0.03933747
0 0.56953125 0.73291925 0.0171875 0.02277432
0 0.59765625 0.69409937 0.0125 0.01552795
0 0.66992187 0.61490683 0.03046875 0.02898550
0 0.51171875 0.56262939 0.01875 0.02173913
0 0.44453125 0.52691511 0.021875 0.01449275
0 0.49804687 0.52225672 0.02265625 0.03002070
0 0.42773437 0.47877846 0.01796875 0.01966873
0 0.38789062 0.45755693 0.02890625 0.02484472
0 0.4578125 0.43788819 0.0171875 0.01449275
0 0.33671875 0.43478260 0.0359375 0.03933747
0 0.40585937 0.42598343 0.01796875 0.02587991
0 0.38046875 0.42236024 0.0171875 0.03105590
0 0.3953125 0.33488612 0.015625 0.02380952
0 0.51015625 0.30590062 0.0203125 0.01552795
0 0.50820312 0.28571428 0.01640625 0.01656314
0 0.37617187 0.28623188 0.01640625 0.01759834
0 0.50742187 0.15269151 0.01953125 0.01966873
0 0.346875 0.11231884 0.0203125 0.02587991